Kraken:EURUSD,2022-06-29T00:00:00Z,1.05222,1.05239,1.05207,1.05225,922.08320419
Kraken:EURUSD,2022-06-29T00:01:00Z,1.05231,1.05251,1.05231,1.05241,5355.41217867
Kraken:EURUSD,2022-06-29T00:02:00Z,1.05241,1.05242,1.05233,1.05233,10222.10641868
Kraken:EURUSD,2022-06-29T00:03:00Z,1.05235,1.05258,1.05235,1.05251,1582.70702081
Kraken:EURUSD,2022-06-29T00:04:00Z,1.05249,1.05269,1.05249,1.05251,1192.39390029
Kraken:EURUSD,2022-06-29T00:05:00Z,1.05251,1.05269,1.05247,1.05247,1286.46254917
Kraken:EURUSD,2022-06-29T00:06:00Z,1.05244,1.05262,1.05242,1.05244,5018.9989822
Kraken:EURUSD,2022-06-29T00:07:00Z,1.05251,1.0527,1.05249,1.05249,994.70707306
Kraken:EURUSD,2022-06-29T00:08:00Z,1.05262,1.05263,1.05262,1.05263,969.19584954
Kraken:EURUSD,2022-06-29T00:09:00Z,1.05262,1.05262,1.05262,1.05262,5.94345537
Kraken:EURUSD,2022-06-29T00:11:00Z,1.05269,1.05274,1.05261,1.05261,1487.92418625
Kraken:EURUSD,2022-06-29T00:12:00Z,1.05274,1.05274,1.05258,1.05258,810.54819826
Kraken:EURUSD,2022-06-29T00:13:00Z,1.05274,1.05275,1.0527,1.05274,1844.66850854
Kraken:EURUSD,2022-06-29T00:14:00Z,1.05273,1.0528,1.05254,1.0526,8143.58492599
Kraken:EURUSD,2022-06-29T00:15:00Z,1.05276,1.05276,1.05265,1.05276,883.45660641
Kraken:EURUSD,2022-06-29T00:16:00Z,1.05271,1.05288,1.0527,1.05288,9664.0970391
Kraken:EURUSD,2022-06-29T00:17:00Z,1.05292,1.05297,1.05289,1.05297,3625.40284175
Kraken:EURUSD,2022-06-29T00:18:00Z,1.05297,1.05297,1.05288,1.05297,784.44241876
Kraken:EURUSD,2022-06-29T00:19:00Z,1.05289,1.05308,1.05289,1.05308,1760.1274256
Kraken:EURUSD,2022-06-29T00:20:00Z,1.05308,1.05308,1.05308,1.05308,46.98753424
Kraken:EURUSD,2022-06-29T00:21:00Z,1.05275,1.05275,1.05275,1.05275,31.6783
Kraken:EURUSD,2022-06-29T00:22:00Z,1.05275,1.05297,1.05263,1.05263,3230.17658605
Kraken:EURUSD,2022-06-29T00:23:00Z,1.05261,1.05286,1.05261,1.05262,552.5510981
Kraken:EURUSD,2022-06-29T00:24:00Z,1.05267,1.05267,1.05267,1.05267,165.35880562
Kraken:EURUSD,2022-06-29T00:25:00Z,1.05285,1.05286,1.05285,1.05286,410.3404158
Kraken:EURUSD,2022-06-29T00:26:00Z,1.05283,1.05283,1.05277,1.05277,5006.52548989
Kraken:EURUSD,2022-06-29T00:28:00Z,1.05299,1.0532,1.05288,1.0532,3240.88776576
Kraken:EURUSD,2022-06-29T00:29:00Z,1.05314,1.05315,1.05298,1.05298,632.64378379
Kraken:EURUSD,2022-06-29T00:30:00Z,1.05294,1.05294,1.05293,1.05293,990.47665906
Kraken:EURUSD,2022-06-29T00:32:00Z,1.05294,1.05294,1.05294,1.05294,31.035
Kraken:EURUSD,2022-06-29T00:33:00Z,1.05307,1.05307,1.05293,1.05293,85.4384137
Kraken:EURUSD,2022-06-29T00:34:00Z,1.05297,1.05297,1.05297,1.05297,37.33059821
Kraken:EURUSD,2022-06-29T00:35:00Z,1.05295,1.05295,1.05295,1.05295,33.4635301
Kraken:EURUSD,2022-06-29T00:36:00Z,1.05293,1.05293,1.05293,1.05293,59.22798
Kraken:EURUSD,2022-06-29T00:37:00Z,1.0529,1.05291,1.0529,1.05291,225.01320983
Kraken:EURUSD,2022-06-29T00:38:00Z,1.05266,1.05266,1.05266,1.05266,75.84907346
Kraken:EURUSD,2022-06-29T00:39:00Z,1.05285,1.05286,1.05259,1.05259,224.06257431
Kraken:EURUSD,2022-06-29T00:40:00Z,1.05244,1.05268,1.05243,1.05246,2623.80718918
Kraken:EURUSD,2022-06-29T00:41:00Z,1.05248,1.05266,1.05245,1.05245,896.93590662
Kraken:EURUSD,2022-06-29T00:42:00Z,1.05249,1.05256,1.05249,1.05256,4576.68898803
Kraken:EURUSD,2022-06-29T00:43:00Z,1.05244,1.05256,1.05225,1.05225,2708.61545605
Kraken:EURUSD,2022-06-29T00:44:00Z,1.05224,1.05237,1.05209,1.05209,3208.45859848
Kraken:EURUSD,2022-06-29T00:45:00Z,1.05211,1.05224,1.05209,1.05224,2897.20793597
Kraken:EURUSD,2022-06-29T00:46:00Z,1.05212,1.05232,1.05212,1.05216,1461.40913935
Kraken:EURUSD,2022-06-29T00:47:00Z,1.05233,1.05241,1.05224,1.05224,1098.64306718
Kraken:EURUSD,2022-06-29T00:48:00Z,1.05224,1.05241,1.05223,1.0524,2017.23711108
Kraken:EURUSD,2022-06-29T00:49:00Z,1.05238,1.0524,1.05223,1.05225,1028.19066537
Kraken:EURUSD,2022-06-29T00:50:00Z,1.05224,1.0524,1.05212,1.05237,3280.2061001
Kraken:EURUSD,2022-06-29T00:51:00Z,1.0524,1.05241,1.05226,1.05241,1208.9063244
Kraken:EURUSD,2022-06-29T00:52:00Z,1.05231,1.05253,1.0523,1.05252,1284.73235075
Kraken:EURUSD,2022-06-29T00:53:00Z,1.05245,1.05245,1.05202,1.05225,10292.64184569
Kraken:EURUSD,2022-06-29T00:54:00Z,1.05224,1.05225,1.05204,1.05212,1745.44494967
Kraken:EURUSD,2022-06-29T00:55:00Z,1.05209,1.05234,1.05197,1.05222,5991.37785048
Kraken:EURUSD,2022-06-29T00:56:00Z,1.0522,1.05221,1.05198,1.05221,773.29600879
Kraken:EURUSD,2022-06-29T00:57:00Z,1.05192,1.05197,1.05192,1.05197,1199.651665
Kraken:EURUSD,2022-06-29T00:58:00Z,1.05192,1.05215,1.05191,1.05197,4265.13043063
Kraken:EURUSD,2022-06-29T00:59:00Z,1.05198,1.05202,1.05198,1.05202,7436.04807606
Kraken:EURUSD,2022-06-29T01:00:00Z,1.05189,1.05189,1.05188,1.05188,90.7337066
Kraken:EURUSD,2022-06-29T01:01:00Z,1.05188,1.05197,1.05169,1.05197,2043.66952316
Kraken:EURUSD,2022-06-29T01:02:00Z,1.05195,1.05207,1.05171,1.05206,384.90264391
Kraken:EURUSD,2022-06-29T01:03:00Z,1.05183,1.05183,1.05183,1.05183,25.54633351
Kraken:EURUSD,2022-06-29T01:04:00Z,1.05207,1.05211,1.05207,1.05211,118.68149336
Kraken:EURUSD,2022-06-29T01:05:00Z,1.05218,1.05229,1.0521,1.0521,974.23531554
Kraken:EURUSD,2022-06-29T01:06:00Z,1.05228,1.05228,1.05203,1.05228,4033.97209656
Kraken:EURUSD,2022-06-29T01:07:00Z,1.05227,1.05228,1.05209,1.05228,2486.97586534
Kraken:EURUSD,2022-06-29T01:08:00Z,1.05245,1.05245,1.05228,1.05231,1466.76738986
Kraken:EURUSD,2022-06-29T01:09:00Z,1.05233,1.05241,1.05233,1.05241,228.72997086
Kraken:EURUSD,2022-06-29T01:10:00Z,1.05252,1.05252,1.05241,1.05251,400.53883049
Kraken:EURUSD,2022-06-29T01:11:00Z,1.0524,1.05248,1.05239,1.05248,1582.35527937
Kraken:EURUSD,2022-06-29T01:12:00Z,1.05239,1.05246,1.05215,1.05216,1575.63038088
Kraken:EURUSD,2022-06-29T01:13:00Z,1.0523,1.0523,1.05219,1.0522,261.89524729
Kraken:EURUSD,2022-06-29T01:14:00Z,1.05223,1.05228,1.05223,1.05227,145.58479221
Kraken:EURUSD,2022-06-29T01:15:00Z,1.05234,1.05248,1.05233,1.05248,281.94578718
Kraken:EURUSD,2022-06-29T01:16:00Z,1.05251,1.05257,1.05239,1.05255,564.09293556
Kraken:EURUSD,2022-06-29T01:17:00Z,1.05257,1.05257,1.05245,1.05246,3199.10677319
Kraken:EURUSD,2022-06-29T01:18:00Z,1.0525,1.05268,1.05249,1.05253,899.00169653
Kraken:EURUSD,2022-06-29T01:19:00Z,1.05268,1.05268,1.05255,1.05255,169.1031687
Kraken:EURUSD,2022-06-29T01:20:00Z,1.05255,1.05255,1.05255,1.05255,279.83209385
Kraken:EURUSD,2022-06-29T01:21:00Z,1.05246,1.05263,1.05246,1.05263,471.43521629
Kraken:EURUSD,2022-06-29T01:22:00Z,1.05266,1.05267,1.05254,1.05261,60906.23436219
Kraken:EURUSD,2022-06-29T01:23:00Z,1.05261,1.05262,1.05245,1.05245,39740.97307189
Kraken:EURUSD,2022-06-29T01:24:00Z,1.05231,1.05249,1.05231,1.05249,585.35526168
Kraken:EURUSD,2022-06-29T01:25:00Z,1.05232,1.05233,1.05232,1.05233,157.9354065
Kraken:EURUSD,2022-06-29T01:26:00Z,1.05233,1.05236,1.05232,1.05234,329.63289252
Kraken:EURUSD,2022-06-29T01:27:00Z,1.05248,1.05264,1.05248,1.05259,28310.48808883
Kraken:EURUSD,2022-06-29T01:28:00Z,1.05259,1.05259,1.05258,1.05258,3696.33320029
Kraken:EURUSD,2022-06-29T01:29:00Z,1.05258,1.05264,1.05258,1.05264,283.82998982
Kraken:EURUSD,2022-06-29T01:30:00Z,1.05268,1.05296,1.05268,1.05296,20736.05213011
Kraken:EURUSD,2022-06-29T01:31:00Z,1.05294,1.05299,1.05265,1.05265,29614.41101366
Kraken:EURUSD,2022-06-29T01:32:00Z,1.05265,1.05265,1.05249,1.05254,43468.02562755
Kraken:EURUSD,2022-06-29T01:33:00Z,1.05254,1.05256,1.0525,1.0525,3447.09944624
Kraken:EURUSD,2022-06-29T01:34:00Z,1.05244,1.05253,1.05243,1.05253,5031.59787983
Kraken:EURUSD,2022-06-29T01:35:00Z,1.05253,1.0526,1.05253,1.0526,465.37474299
Kraken:EURUSD,2022-06-29T01:36:00Z,1.0526,1.0528,1.0526,1.0528,3860.21325934
Kraken:EURUSD,2022-06-29T01:37:00Z,1.05278,1.05281,1.05278,1.05281,14089.97226559
Kraken:EURUSD,2022-06-29T01:38:00Z,1.0528,1.05281,1.0528,1.0528,399.18166306
Kraken:EURUSD,2022-06-29T01:39:00Z,1.05285,1.05285,1.05285,1.05285,651.1866
Kraken:EURUSD,2022-06-29T01:40:00Z,1.05303,1.05306,1.05303,1.05306,654.67870485
Kraken:EURUSD,2022-06-29T01:41:00Z,1.05314,1.05314,1.05306,1.05314,10102.23216752
Kraken:EURUSD,2022-06-29T01:42:00Z,1.05314,1.05317,1.05294,1.05294,5372.71788785
Kraken:EURUSD,2022-06-29T01:43:00Z,1.05304,1.05305,1.05292,1.05292,4166.56662617
Kraken:EURUSD,2022-06-29T01:44:00Z,1.05292,1.05293,1.05292,1.05292,2294.2043895
Kraken:EURUSD,2022-06-29T01:45:00Z,1.05293,1.05293,1.05289,1.05289,798.48828194
Kraken:EURUSD,2022-06-29T01:46:00Z,1.05303,1.05304,1.05292,1.05292,2178.70291957
Kraken:EURUSD,2022-06-29T01:47:00Z,1.05292,1.05292,1.05292,1.05292,852.658656
Kraken:EURUSD,2022-06-29T01:48:00Z,1.05293,1.05293,1.05292,1.05292,4620.46904514
Kraken:EURUSD,2022-06-29T01:49:00Z,1.05292,1.05293,1.05292,1.05293,123.82071934
Kraken:EURUSD,2022-06-29T01:50:00Z,1.05303,1.05303,1.05303,1.05303,427.39010072
Kraken:EURUSD,2022-06-29T01:51:00Z,1.05303,1.05303,1.05292,1.05292,2048.5841
Kraken:EURUSD,2022-06-29T01:52:00Z,1.05303,1.05316,1.05303,1.05316,12116.29261549
Kraken:EURUSD,2022-06-29T01:53:00Z,1.05316,1.05316,1.05305,1.05306,3340.16552707
Kraken:EURUSD,2022-06-29T01:54:00Z,1.05306,1.05318,1.05305,1.05307,2560.3706232
Kraken:EURUSD,2022-06-29T01:55:00Z,1.05306,1.05307,1.05295,1.05307,2502.96927128
Kraken:EURUSD,2022-06-29T01:56:00Z,1.05307,1.05308,1.05307,1.05308,40.38526319
Kraken:EURUSD,2022-06-29T01:57:00Z,1.05307,1.05308,1.05307,1.05308,377.71363948
Kraken:EURUSD,2022-06-29T01:58:00Z,1.05308,1.05308,1.05286,1.05286,4220.25653212
Kraken:EURUSD,2022-06-29T01:59:00Z,1.05297,1.05298,1.05297,1.05297,2381.49357603
Kraken:EURUSD,2022-06-29T02:00:00Z,1.05298,1.05298,1.05297,1.05297,5044.39080449
Kraken:EURUSD,2022-06-29T02:01:00Z,1.05297,1.05297,1.05284,1.05297,1120.44235699
Kraken:EURUSD,2022-06-29T02:02:00Z,1.05297,1.05318,1.05297,1.05318,5098.50330964
Kraken:EURUSD,2022-06-29T02:03:00Z,1.05316,1.05321,1.05316,1.05321,1668.83316194
Kraken:EURUSD,2022-06-29T02:04:00Z,1.05316,1.05333,1.05316,1.05332,3214.19274588
Kraken:EURUSD,2022-06-29T02:05:00Z,1.05332,1.05332,1.05323,1.05323,3962.80476378
Kraken:EURUSD,2022-06-29T02:06:00Z,1.05322,1.05333,1.0532,1.05333,4762.35883988
Kraken:EURUSD,2022-06-29T02:07:00Z,1.05333,1.05341,1.05311,1.05341,27321.05034046
Kraken:EURUSD,2022-06-29T02:08:00Z,1.05341,1.05344,1.05322,1.05343,9439.57929461
Kraken:EURUSD,2022-06-29T02:09:00Z,1.0534,1.05342,1.05311,1.05329,25842.04233224
Kraken:EURUSD,2022-06-29T02:10:00Z,1.05329,1.0533,1.05313,1.0533,3556.01402601
Kraken:EURUSD,2022-06-29T02:11:00Z,1.0533,1.0533,1.05318,1.05318,4180.13644163
Kraken:EURUSD,2022-06-29T02:12:00Z,1.05318,1.05318,1.05311,1.05311,4495.86089231
Kraken:EURUSD,2022-06-29T02:13:00Z,1.05311,1.05311,1.053,1.05311,2005.36862432
Kraken:EURUSD,2022-06-29T02:14:00Z,1.05311,1.05311,1.05307,1.0531,2185.51332612
Kraken:EURUSD,2022-06-29T02:15:00Z,1.05321,1.05321,1.05306,1.05319,4600.39772444
Kraken:EURUSD,2022-06-29T02:16:00Z,1.0532,1.05321,1.0532,1.05321,671.94248234
Kraken:EURUSD,2022-06-29T02:17:00Z,1.05307,1.05308,1.05293,1.05294,2907.24979815
Kraken:EURUSD,2022-06-29T02:18:00Z,1.05305,1.05306,1.05289,1.05289,1575.79586325
Kraken:EURUSD,2022-06-29T02:19:00Z,1.05298,1.05298,1.05283,1.05283,2764.61726669
Kraken:EURUSD,2022-06-29T02:20:00Z,1.05284,1.05296,1.05283,1.05296,1923.25419578
Kraken:EURUSD,2022-06-29T02:21:00Z,1.05291,1.05297,1.05291,1.05297,833.02584634
Kraken:EURUSD,2022-06-29T02:22:00Z,1.05296,1.05297,1.05291,1.05296,57.59036057
Kraken:EURUSD,2022-06-29T02:23:00Z,1.05298,1.05298,1.05297,1.05298,9566.75409555
Kraken:EURUSD,2022-06-29T02:24:00Z,1.05297,1.05307,1.05297,1.05307,3315.63714098
Kraken:EURUSD,2022-06-29T02:25:00Z,1.05307,1.05307,1.053,1.05305,8149.26660196
Kraken:EURUSD,2022-06-29T02:26:00Z,1.05304,1.05308,1.05298,1.05307,3292.41761225
Kraken:EURUSD,2022-06-29T02:27:00Z,1.05308,1.05319,1.05308,1.05319,1030.81664606
Kraken:EURUSD,2022-06-29T02:28:00Z,1.05312,1.05319,1.05311,1.05311,22005.4356
Kraken:EURUSD,2022-06-29T02:29:00Z,1.05318,1.05319,1.05308,1.05317,57776.1935825
Kraken:EURUSD,2022-06-29T02:30:00Z,1.05317,1.05341,1.05317,1.05341,36814.89026315
Kraken:EURUSD,2022-06-29T02:31:00Z,1.05341,1.05343,1.0533,1.05331,41457.85926707
Kraken:EURUSD,2022-06-29T02:32:00Z,1.05331,1.05341,1.0533,1.05337,14951.80439449
Kraken:EURUSD,2022-06-29T02:33:00Z,1.05336,1.05343,1.05334,1.05341,16584.40135032
Kraken:EURUSD,2022-06-29T02:34:00Z,1.05342,1.05342,1.05328,1.05341,7203.43950385
Kraken:EURUSD,2022-06-29T02:35:00Z,1.0534,1.05352,1.0534,1.05341,10350.13267682
Kraken:EURUSD,2022-06-29T02:36:00Z,1.05333,1.0534,1.05326,1.05326,4885.56400926
Kraken:EURUSD,2022-06-29T02:37:00Z,1.05325,1.05325,1.05309,1.05309,13180.68615042
Kraken:EURUSD,2022-06-29T02:38:00Z,1.05307,1.05307,1.05306,1.05306,2532.58113296
Kraken:EURUSD,2022-06-29T02:39:00Z,1.05306,1.05306,1.05299,1.05299,3547.43748778
Kraken:EURUSD,2022-06-29T02:40:00Z,1.05307,1.05309,1.05299,1.05309,1855.19850601
Kraken:EURUSD,2022-06-29T02:41:00Z,1.0531,1.0531,1.05309,1.0531,1456.08978368
Kraken:EURUSD,2022-06-29T02:42:00Z,1.0531,1.05321,1.05296,1.05309,1138.85425665
Kraken:EURUSD,2022-06-29T02:43:00Z,1.05314,1.05315,1.05309,1.05311,3021.5171719
Kraken:EURUSD,2022-06-29T02:44:00Z,1.05311,1.05311,1.05301,1.05303,2947.46152357
Kraken:EURUSD,2022-06-29T02:45:00Z,1.05303,1.05308,1.05303,1.05308,1059.90474997
Kraken:EURUSD,2022-06-29T02:46:00Z,1.05303,1.05307,1.05296,1.05296,4927.5333227
Kraken:EURUSD,2022-06-29T02:47:00Z,1.05295,1.053,1.05289,1.05289,4310.04163306
Kraken:EURUSD,2022-06-29T02:48:00Z,1.05285,1.05286,1.05284,1.05286,3457.29752002
Kraken:EURUSD,2022-06-29T02:49:00Z,1.05284,1.05288,1.05284,1.05288,450.74781849
Kraken:EURUSD,2022-06-29T02:50:00Z,1.05285,1.05285,1.05283,1.05283,30.2807027
Kraken:EURUSD,2022-06-29T02:51:00Z,1.05283,1.05289,1.05283,1.05289,851.00953119
Kraken:EURUSD,2022-06-29T02:52:00Z,1.05289,1.05289,1.05288,1.05288,650.50026478
Kraken:EURUSD,2022-06-29T02:53:00Z,1.05288,1.05289,1.05286,1.05289,4525.9354784
Kraken:EURUSD,2022-06-29T02:54:00Z,1.05288,1.05289,1.05288,1.05289,1339.23305505
Kraken:EURUSD,2022-06-29T02:55:00Z,1.05288,1.05289,1.05288,1.05289,511.41423415
Kraken:EURUSD,2022-06-29T02:56:00Z,1.05283,1.05289,1.05278,1.05289,3826.59037703
Kraken:EURUSD,2022-06-29T02:57:00Z,1.05288,1.05299,1.05284,1.05298,391.19326921
Kraken:EURUSD,2022-06-29T02:58:00Z,1.05289,1.05289,1.05287,1.05288,3675.59065722
Kraken:EURUSD,2022-06-29T02:59:00Z,1.05288,1.05289,1.05284,1.05284,2248.04121906
Kraken:EURUSD,2022-06-29T03:00:00Z,1.05284,1.05289,1.05284,1.05288,631.59852984
Kraken:EURUSD,2022-06-29T03:01:00Z,1.05288,1.05289,1.05288,1.05289,396.92751057
Kraken:EURUSD,2022-06-29T03:02:00Z,1.05288,1.05288,1.05288,1.05288,26.1578
Kraken:EURUSD,2022-06-29T03:03:00Z,1.05289,1.05289,1.05273,1.05278,2408.30150882
Kraken:EURUSD,2022-06-29T03:04:00Z,1.05278,1.0529,1.05278,1.05283,2057.63440101
Kraken:EURUSD,2022-06-29T03:05:00Z,1.0529,1.0529,1.05277,1.05278,7525.65077448
Kraken:EURUSD,2022-06-29T03:06:00Z,1.05278,1.05278,1.05274,1.05274,6892.60660057
Kraken:EURUSD,2022-06-29T03:07:00Z,1.05274,1.05278,1.05274,1.05278,2675.96854623
Kraken:EURUSD,2022-06-29T03:08:00Z,1.05275,1.05276,1.05274,1.05275,754.6182898
Kraken:EURUSD,2022-06-29T03:09:00Z,1.05276,1.05277,1.05275,1.05275,2477.48904669
Kraken:EURUSD,2022-06-29T03:10:00Z,1.05274,1.05276,1.0526,1.05266,2183.94886297
Kraken:EURUSD,2022-06-29T03:11:00Z,1.0526,1.0526,1.05253,1.05255,3072.56378214
Kraken:EURUSD,2022-06-29T03:12:00Z,1.05254,1.05255,1.05253,1.05253,1124.80182959
Kraken:EURUSD,2022-06-29T03:13:00Z,1.05253,1.05253,1.05253,1.05253,107.5443
Kraken:EURUSD,2022-06-29T03:14:00Z,1.05249,1.05255,1.05243,1.05244,3014.15380393
Kraken:EURUSD,2022-06-29T03:15:00Z,1.05243,1.05244,1.05243,1.05243,511.01001573
Kraken:EURUSD,2022-06-29T03:16:00Z,1.05243,1.05243,1.05243,1.05243,342.09386704
Kraken:EURUSD,2022-06-29T03:17:00Z,1.05243,1.05256,1.05243,1.05256,1852.14498706
Kraken:EURUSD,2022-06-29T03:18:00Z,1.05255,1.05257,1.05251,1.05252,4398.38905214
Kraken:EURUSD,2022-06-29T03:19:00Z,1.05256,1.05257,1.05252,1.05253,24247.89412639
Kraken:EURUSD,2022-06-29T03:20:00Z,1.05256,1.05257,1.05251,1.05257,9020.80442658
Kraken:EURUSD,2022-06-29T03:21:00Z,1.05252,1.05257,1.05245,1.05245,8425.24176964
Kraken:EURUSD,2022-06-29T03:22:00Z,1.05245,1.05246,1.05245,1.05245,53997.4603612
Kraken:EURUSD,2022-06-29T03:23:00Z,1.05244,1.05258,1.05241,1.05258,2495.26847891
Kraken:EURUSD,2022-06-29T03:24:00Z,1.05257,1.05267,1.05253,1.05267,899.94528219
Kraken:EURUSD,2022-06-29T03:25:00Z,1.05269,1.05269,1.05263,1.05269,134370.86434247
Kraken:EURUSD,2022-06-29T03:26:00Z,1.05268,1.05269,1.05268,1.05268,2197.76115301
Kraken:EURUSD,2022-06-29T03:27:00Z,1.05268,1.05274,1.05268,1.05271,4265.0334323
Kraken:EURUSD,2022-06-29T03:28:00Z,1.05272,1.05281,1.05272,1.05281,4083.42129957
Kraken:EURUSD,2022-06-29T03:29:00Z,1.05281,1.05281,1.05274,1.05281,2260.35296952
Kraken:EURUSD,2022-06-29T03:30:00Z,1.05274,1.05274,1.05265,1.0527,1074.60039895
Kraken:EURUSD,2022-06-29T03:31:00Z,1.05269,1.0527,1.05268,1.0527,1478.0022454
Kraken:EURUSD,2022-06-29T03:32:00Z,1.0527,1.0527,1.05268,1.05268,2286.76418966
Kraken:EURUSD,2022-06-29T03:33:00Z,1.0527,1.0527,1.05268,1.05268,491.67671654
Kraken:EURUSD,2022-06-29T03:34:00Z,1.0527,1.0527,1.05263,1.0527,1157.00834565
Kraken:EURUSD,2022-06-29T03:35:00Z,1.05263,1.0527,1.05263,1.0527,6578.86283448
Kraken:EURUSD,2022-06-29T03:36:00Z,1.0527,1.0527,1.05259,1.0526,919.9796453
Kraken:EURUSD,2022-06-29T03:37:00Z,1.05263,1.05263,1.05263,1.05263,12.4838037
Kraken:EURUSD,2022-06-29T03:40:00Z,1.05277,1.05277,1.05277,1.05277,34.31123118
Kraken:EURUSD,2022-06-29T03:41:00Z,1.05277,1.05281,1.05277,1.05281,1172.81415999
Kraken:EURUSD,2022-06-29T03:42:00Z,1.05288,1.05289,1.05288,1.05289,218.26841
Kraken:EURUSD,2022-06-29T03:43:00Z,1.05299,1.05301,1.05299,1.05301,144.11238617
Kraken:EURUSD,2022-06-29T03:44:00Z,1.05301,1.05302,1.05301,1.05302,74.68139182
Kraken:EURUSD,2022-06-29T03:45:00Z,1.05298,1.05298,1.05291,1.05291,2937.84987311
Kraken:EURUSD,2022-06-29T03:47:00Z,1.05302,1.05303,1.05302,1.05303,1810.90508857
Kraken:EURUSD,2022-06-29T03:48:00Z,1.05302,1.05303,1.0529,1.05303,2825.16816294
Kraken:EURUSD,2022-06-29T03:49:00Z,1.05303,1.05303,1.05302,1.05302,596.21077109
Kraken:EURUSD,2022-06-29T03:50:00Z,1.05302,1.05302,1.05302,1.05302,84.03069089
Kraken:EURUSD,2022-06-29T03:51:00Z,1.05293,1.05302,1.05293,1.05302,384.71517522
Kraken:EURUSD,2022-06-29T03:52:00Z,1.05293,1.05293,1.05288,1.05288,4615.3295743
Kraken:EURUSD,2022-06-29T03:53:00Z,1.05284,1.05292,1.05284,1.05291,3786.9092141
Kraken:EURUSD,2022-06-29T03:54:00Z,1.05291,1.05291,1.05291,1.05291,135.4542694
Kraken:EURUSD,2022-06-29T03:55:00Z,1.05297,1.05297,1.05297,1.05297,88.54470209
Kraken:EURUSD,2022-06-29T03:56:00Z,1.05297,1.05297,1.05297,1.05297,38.0062
Kraken:EURUSD,2022-06-29T03:57:00Z,1.05303,1.05303,1.05303,1.05303,154.15107722
Kraken:EURUSD,2022-06-29T03:58:00Z,1.05303,1.05304,1.05303,1.05303,105.22803095
Kraken:EURUSD,2022-06-29T04:00:00Z,1.05299,1.05299,1.05299,1.05299,1210.2282597
Kraken:EURUSD,2022-06-29T04:01:00Z,1.05299,1.05299,1.05288,1.05288,1691.63723187
Kraken:EURUSD,2022-06-29T04:02:00Z,1.05288,1.05288,1.05288,1.05288,78.4254748
Kraken:EURUSD,2022-06-29T04:03:00Z,1.05288,1.05293,1.05288,1.05288,2071.22432872
Kraken:EURUSD,2022-06-29T04:05:00Z,1.05293,1.05293,1.0529,1.0529,1163.98451546
Kraken:EURUSD,2022-06-29T04:06:00Z,1.0529,1.05293,1.05283,1.05292,8866.88491255
Kraken:EURUSD,2022-06-29T04:07:00Z,1.05292,1.05301,1.05292,1.05301,2331.30493451
Kraken:EURUSD,2022-06-29T04:08:00Z,1.05301,1.05318,1.0529,1.05312,9511.10167158
Kraken:EURUSD,2022-06-29T04:09:00Z,1.05312,1.05318,1.05298,1.0531,44471.98335481
Kraken:EURUSD,2022-06-29T04:10:00Z,1.0531,1.05319,1.05301,1.05302,8549.76004464
Kraken:EURUSD,2022-06-29T04:11:00Z,1.05309,1.05312,1.05298,1.05309,61602.18050716
Kraken:EURUSD,2022-06-29T04:12:00Z,1.05309,1.05316,1.05295,1.05295,63661.09101622
Kraken:EURUSD,2022-06-29T04:13:00Z,1.05295,1.053,1.05293,1.05296,2177.51859094
Kraken:EURUSD,2022-06-29T04:14:00Z,1.05288,1.0529,1.05286,1.05286,7195.30945683
Kraken:EURUSD,2022-06-29T04:15:00Z,1.05286,1.05287,1.05277,1.05286,1612.18082454
Kraken:EURUSD,2022-06-29T04:16:00Z,1.05286,1.05287,1.05286,1.05287,1923.04324377
Kraken:EURUSD,2022-06-29T04:17:00Z,1.05286,1.05287,1.05277,1.05287,2501.58856757
Kraken:EURUSD,2022-06-29T04:18:00Z,1.05286,1.05297,1.05286,1.0529,5738.94151786
Kraken:EURUSD,2022-06-29T04:19:00Z,1.0529,1.05306,1.05274,1.05306,5383.92068515
Kraken:EURUSD,2022-06-29T04:20:00Z,1.05309,1.05309,1.05295,1.05307,10788.27762488
Kraken:EURUSD,2022-06-29T04:21:00Z,1.05307,1.05307,1.05307,1.05307,1088.2829052
Kraken:EURUSD,2022-06-29T04:22:00Z,1.05307,1.05309,1.05304,1.05304,1983.88679691
Kraken:EURUSD,2022-06-29T04:23:00Z,1.05304,1.05309,1.05304,1.05309,2443.7008629
Kraken:EURUSD,2022-06-29T04:24:00Z,1.05308,1.05308,1.05306,1.05306,9927.76099746
Kraken:EURUSD,2022-06-29T04:25:00Z,1.05306,1.05308,1.05297,1.05297,3019.98539091
Kraken:EURUSD,2022-06-29T04:26:00Z,1.05299,1.05299,1.05291,1.05291,4092.19202633
Kraken:EURUSD,2022-06-29T04:27:00Z,1.05292,1.05292,1.05275,1.05283,4284.74006657
Kraken:EURUSD,2022-06-29T04:28:00Z,1.05283,1.05283,1.05273,1.05273,4390.91530865
Kraken:EURUSD,2022-06-29T04:29:00Z,1.05277,1.05277,1.05276,1.05276,1862.61066295
Kraken:EURUSD,2022-06-29T04:30:00Z,1.05276,1.05277,1.05196,1.05197,81307.45002358
Kraken:EURUSD,2022-06-29T04:31:00Z,1.05184,1.05184,1.05089,1.05089,72571.06848961
Kraken:EURUSD,2022-06-29T04:32:00Z,1.05087,1.05126,1.05053,1.05114,164308.6392127899
Kraken:EURUSD,2022-06-29T04:33:00Z,1.05126,1.05155,1.05126,1.0515,11626.04145902
Kraken:EURUSD,2022-06-29T04:34:00Z,1.05159,1.05188,1.05151,1.05151,23421.31371515
Kraken:EURUSD,2022-06-29T04:35:00Z,1.05154,1.05155,1.05101,1.05101,66353.79101671
Kraken:EURUSD,2022-06-29T04:36:00Z,1.05132,1.05133,1.05127,1.05133,3359.98544434
Kraken:EURUSD,2022-06-29T04:37:00Z,1.05133,1.05141,1.05125,1.05126,3065.74325267
Kraken:EURUSD,2022-06-29T04:38:00Z,1.05125,1.05125,1.0511,1.05124,836.69396009
Kraken:EURUSD,2022-06-29T04:39:00Z,1.05113,1.05122,1.05084,1.0509,8979.20365646
Kraken:EURUSD,2022-06-29T04:40:00Z,1.0509,1.051,1.05079,1.05088,7636.45644266
Kraken:EURUSD,2022-06-29T04:41:00Z,1.05088,1.05108,1.05084,1.05084,3311.1823948
Kraken:EURUSD,2022-06-29T04:42:00Z,1.05096,1.05097,1.05082,1.05097,2928.30723573
Kraken:EURUSD,2022-06-29T04:43:00Z,1.05094,1.051,1.05094,1.051,24196.78128961
Kraken:EURUSD,2022-06-29T04:44:00Z,1.05114,1.05136,1.05114,1.05136,3509.68820688
Kraken:EURUSD,2022-06-29T04:45:00Z,1.05136,1.05143,1.05124,1.0513,4467.08994327
Kraken:EURUSD,2022-06-29T04:46:00Z,1.05131,1.05138,1.05116,1.05116,16910.98872103
Kraken:EURUSD,2022-06-29T04:47:00Z,1.05098,1.05102,1.05076,1.05097,11026.76943322
Kraken:EURUSD,2022-06-29T04:48:00Z,1.05097,1.05099,1.05086,1.05093,2829.76876896
Kraken:EURUSD,2022-06-29T04:49:00Z,1.05086,1.05088,1.05054,1.05079,6161.72098441
Kraken:EURUSD,2022-06-29T04:50:00Z,1.05053,1.05053,1.0502,1.05047,11338.39165369
Kraken:EURUSD,2022-06-29T04:51:00Z,1.05047,1.05065,1.05047,1.05065,11569.29540738
Kraken:EURUSD,2022-06-29T04:52:00Z,1.05075,1.05091,1.05063,1.0508,1825.27135452
Kraken:EURUSD,2022-06-29T04:53:00Z,1.05055,1.05064,1.05055,1.05064,206.42792811
Kraken:EURUSD,2022-06-29T04:54:00Z,1.05064,1.05064,1.05054,1.05057,302.59231494
Kraken:EURUSD,2022-06-29T04:55:00Z,1.05066,1.05083,1.05062,1.05065,1839.7163487
Kraken:EURUSD,2022-06-29T04:56:00Z,1.05067,1.05109,1.05067,1.0509,6191.31055897
Kraken:EURUSD,2022-06-29T04:57:00Z,1.0509,1.05097,1.0508,1.0508,4024.39907423
Kraken:EURUSD,2022-06-29T04:58:00Z,1.05066,1.05074,1.05062,1.05063,1575.78170308
Kraken:EURUSD,2022-06-29T04:59:00Z,1.05055,1.05055,1.05055,1.05055,2080.06887661
Kraken:EURUSD,2022-06-29T05:00:00Z,1.05054,1.05084,1.05054,1.05083,2791.90374916
Kraken:EURUSD,2022-06-29T05:01:00Z,1.05083,1.05084,1.05062,1.05083,15550.49704875
Kraken:EURUSD,2022-06-29T05:02:00Z,1.05071,1.05105,1.05062,1.05105,9336.44231637
Kraken:EURUSD,2022-06-29T05:03:00Z,1.05104,1.05105,1.05094,1.05095,843.92629326
Kraken:EURUSD,2022-06-29T05:04:00Z,1.05099,1.05109,1.05099,1.051,13404.34189855
Kraken:EURUSD,2022-06-29T05:05:00Z,1.051,1.051,1.05099,1.05099,4944.10792846
Kraken:EURUSD,2022-06-29T05:06:00Z,1.051,1.05101,1.05088,1.05089,4768.74861662
Kraken:EURUSD,2022-06-29T05:07:00Z,1.05077,1.05082,1.05072,1.05082,1536.44017203
Kraken:EURUSD,2022-06-29T05:08:00Z,1.05082,1.05082,1.05072,1.0508,16101.36249996
Kraken:EURUSD,2022-06-29T05:09:00Z,1.0508,1.05099,1.0508,1.05099,19608.61727103
Kraken:EURUSD,2022-06-29T05:10:00Z,1.05095,1.05098,1.05083,1.05083,4818.79219121
Kraken:EURUSD,2022-06-29T05:11:00Z,1.05083,1.05097,1.05083,1.05093,2918.8096543
Kraken:EURUSD,2022-06-29T05:12:00Z,1.05093,1.05109,1.05093,1.05109,3550.66127722
Kraken:EURUSD,2022-06-29T05:13:00Z,1.05101,1.05108,1.051,1.05108,2429.34479137
Kraken:EURUSD,2022-06-29T05:14:00Z,1.05106,1.05106,1.051,1.051,1239.5730127
Kraken:EURUSD,2022-06-29T05:15:00Z,1.051,1.05109,1.051,1.05102,4242.11267895
Kraken:EURUSD,2022-06-29T05:16:00Z,1.05092,1.05105,1.05091,1.05097,7080.96644857
Kraken:EURUSD,2022-06-29T05:17:00Z,1.05097,1.05105,1.05097,1.05098,1657.85881948
Kraken:EURUSD,2022-06-29T05:18:00Z,1.0509,1.05135,1.05089,1.05134,32129.70715213
Kraken:EURUSD,2022-06-29T05:19:00Z,1.05134,1.05135,1.05124,1.05134,3065.21736702
Kraken:EURUSD,2022-06-29T05:20:00Z,1.05123,1.0513,1.05116,1.05116,5537.82105392
Kraken:EURUSD,2022-06-29T05:21:00Z,1.05116,1.05129,1.05116,1.05126,6307.53698329
Kraken:EURUSD,2022-06-29T05:22:00Z,1.05134,1.05136,1.05134,1.05135,5310.46481362
Kraken:EURUSD,2022-06-29T05:23:00Z,1.05137,1.05142,1.0512,1.05136,7310.43315942
Kraken:EURUSD,2022-06-29T05:24:00Z,1.05129,1.05135,1.05128,1.05133,4091.64255931
Kraken:EURUSD,2022-06-29T05:25:00Z,1.05115,1.05115,1.05115,1.05115,332.07749303
Kraken:EURUSD,2022-06-29T05:26:00Z,1.05115,1.05117,1.051,1.05116,3400.41731614
Kraken:EURUSD,2022-06-29T05:27:00Z,1.05109,1.05125,1.05106,1.05123,1705.99752003
Kraken:EURUSD,2022-06-29T05:28:00Z,1.05123,1.05135,1.05123,1.05134,2087.50683296
Kraken:EURUSD,2022-06-29T05:29:00Z,1.05119,1.05121,1.05109,1.05119,3093.42315553
Kraken:EURUSD,2022-06-29T05:30:00Z,1.05119,1.05127,1.05109,1.05125,4326.96888877
Kraken:EURUSD,2022-06-29T05:31:00Z,1.05134,1.05135,1.05134,1.05134,2056.42251
Kraken:EURUSD,2022-06-29T05:32:00Z,1.05143,1.05147,1.05137,1.05146,5463.41257672
Kraken:EURUSD,2022-06-29T05:33:00Z,1.05139,1.05139,1.05122,1.05124,2345.21630492
Kraken:EURUSD,2022-06-29T05:34:00Z,1.05124,1.05132,1.0511,1.0511,4549.89625571
Kraken:EURUSD,2022-06-29T05:35:00Z,1.0511,1.0513,1.05095,1.05118,13185.43130022
Kraken:EURUSD,2022-06-29T05:36:00Z,1.05099,1.05111,1.05095,1.05106,3701.48886582
Kraken:EURUSD,2022-06-29T05:37:00Z,1.05095,1.05108,1.05095,1.05102,942.20024242
Kraken:EURUSD,2022-06-29T05:38:00Z,1.05109,1.05118,1.05071,1.05071,4644.09317434
Kraken:EURUSD,2022-06-29T05:39:00Z,1.0509,1.05095,1.05073,1.05073,1281.16215522
Kraken:EURUSD,2022-06-29T05:40:00Z,1.05092,1.05092,1.05077,1.05077,7925.7779406
Kraken:EURUSD,2022-06-29T05:41:00Z,1.05073,1.05073,1.0505,1.05051,5710.36196741
Kraken:EURUSD,2022-06-29T05:42:00Z,1.05054,1.05076,1.05054,1.05066,1591.04153412
Kraken:EURUSD,2022-06-29T05:43:00Z,1.05069,1.05076,1.05069,1.05074,1570.23583724
Kraken:EURUSD,2022-06-29T05:44:00Z,1.05081,1.05087,1.05074,1.05081,22393.19138751
Kraken:EURUSD,2022-06-29T05:45:00Z,1.05088,1.05095,1.05081,1.05095,4670.71911521
Kraken:EURUSD,2022-06-29T05:46:00Z,1.05095,1.05107,1.05093,1.05093,5606.09090347
Kraken:EURUSD,2022-06-29T05:47:00Z,1.05093,1.05096,1.05082,1.05096,929.19559142
Kraken:EURUSD,2022-06-29T05:48:00Z,1.05094,1.05094,1.05079,1.05079,1233.97897566
Kraken:EURUSD,2022-06-29T05:49:00Z,1.0506,1.05084,1.0506,1.05072,4687.808623
Kraken:EURUSD,2022-06-29T05:50:00Z,1.05072,1.05089,1.05072,1.05078,5200.71930842
Kraken:EURUSD,2022-06-29T05:51:00Z,1.05081,1.05088,1.0507,1.0507,3588.4287659
Kraken:EURUSD,2022-06-29T05:52:00Z,1.05072,1.05088,1.05072,1.05076,2753.49159452
Kraken:EURUSD,2022-06-29T05:53:00Z,1.05085,1.05089,1.05083,1.05089,760.98626061
Kraken:EURUSD,2022-06-29T05:54:00Z,1.05083,1.05083,1.05075,1.05075,1088.14919804
Kraken:EURUSD,2022-06-29T05:55:00Z,1.05085,1.05085,1.05065,1.05074,124.71715256
Kraken:EURUSD,2022-06-29T05:56:00Z,1.0506,1.05065,1.0506,1.05065,348.26596
Kraken:EURUSD,2022-06-29T05:57:00Z,1.05065,1.05065,1.05063,1.05063,899.28415471
Kraken:EURUSD,2022-06-29T05:58:00Z,1.05055,1.05089,1.05055,1.05076,1948.83420026
Kraken:EURUSD,2022-06-29T05:59:00Z,1.05081,1.05081,1.0504,1.0504,2413.21943235
Kraken:EURUSD,2022-06-29T06:00:00Z,1.05038,1.05043,1.05038,1.05042,3055.58445514
Kraken:EURUSD,2022-06-29T06:01:00Z,1.05039,1.05039,1.05021,1.05028,962.83461068
Kraken:EURUSD,2022-06-29T06:02:00Z,1.05027,1.05028,1.05021,1.05022,1185.02470565
Kraken:EURUSD,2022-06-29T06:03:00Z,1.05037,1.05037,1.05023,1.05027,1623.14145363
Kraken:EURUSD,2022-06-29T06:04:00Z,1.05006,1.0502,1.04992,1.04999,57344.44173072
Kraken:EURUSD,2022-06-29T06:05:00Z,1.0499,1.0501,1.04966,1.04979,24728.80695984
Kraken:EURUSD,2022-06-29T06:06:00Z,1.04979,1.04988,1.04959,1.04969,10883.24597147
Kraken:EURUSD,2022-06-29T06:07:00Z,1.04983,1.05025,1.04983,1.05012,17858.9572095
Kraken:EURUSD,2022-06-29T06:08:00Z,1.05013,1.05035,1.05012,1.05035,5286.628475
Kraken:EURUSD,2022-06-29T06:09:00Z,1.05019,1.05023,1.04989,1.04998,2212.58181635
Kraken:EURUSD,2022-06-29T06:10:00Z,1.04973,1.04974,1.04959,1.04959,1400.45322587
Kraken:EURUSD,2022-06-29T06:11:00Z,1.04954,1.04986,1.04954,1.04969,758.81847044
Kraken:EURUSD,2022-06-29T06:12:00Z,1.04984,1.04997,1.04976,1.04976,2369.37583971
Kraken:EURUSD,2022-06-29T06:13:00Z,1.04958,1.04975,1.04951,1.04965,1224.99671994
Kraken:EURUSD,2022-06-29T06:14:00Z,1.04963,1.04963,1.04948,1.04948,1297.94147549
Kraken:EURUSD,2022-06-29T06:15:00Z,1.04945,1.04946,1.04913,1.04913,1639.62673148
Kraken:EURUSD,2022-06-29T06:16:00Z,1.04907,1.04919,1.04907,1.04919,221.02408862
Kraken:EURUSD,2022-06-29T06:17:00Z,1.04907,1.04932,1.04904,1.04926,16292.29326588
Kraken:EURUSD,2022-06-29T06:18:00Z,1.04914,1.04947,1.04914,1.04914,3621.93821233
Kraken:EURUSD,2022-06-29T06:19:00Z,1.04938,1.0494,1.04924,1.04933,3808.48546748
Kraken:EURUSD,2022-06-29T06:20:00Z,1.04937,1.04937,1.04931,1.04931,1231.15530936
Kraken:EURUSD,2022-06-29T06:21:00Z,1.04929,1.04941,1.04924,1.04931,4251.11727372
Kraken:EURUSD,2022-06-29T06:22:00Z,1.0493,1.04956,1.04925,1.04941,2533.56818206
Kraken:EURUSD,2022-06-29T06:23:00Z,1.04934,1.04934,1.04915,1.04925,571.42910561
Kraken:EURUSD,2022-06-29T06:24:00Z,1.04925,1.04925,1.04923,1.04923,2084.87268013
Kraken:EURUSD,2022-06-29T06:25:00Z,1.04941,1.04947,1.04941,1.04947,2089.59871785
Kraken:EURUSD,2022-06-29T06:26:00Z,1.04958,1.04981,1.04954,1.04968,3212.2772939
Kraken:EURUSD,2022-06-29T06:27:00Z,1.04968,1.04982,1.0496,1.04966,13303.4610661
Kraken:EURUSD,2022-06-29T06:28:00Z,1.04964,1.04964,1.0496,1.0496,5399.67769686
Kraken:EURUSD,2022-06-29T06:29:00Z,1.04965,1.04984,1.0496,1.0496,13375.60901675
Kraken:EURUSD,2022-06-29T06:30:00Z,1.04963,1.04964,1.0492,1.04921,18759.17165119
Kraken:EURUSD,2022-06-29T06:31:00Z,1.0492,1.04938,1.04911,1.04928,7562.57075126
Kraken:EURUSD,2022-06-29T06:32:00Z,1.04922,1.04926,1.04902,1.0491,12010.20964001
Kraken:EURUSD,2022-06-29T06:33:00Z,1.0491,1.0491,1.04901,1.04901,4946.17039866
Kraken:EURUSD,2022-06-29T06:34:00Z,1.04896,1.04923,1.04896,1.04923,5735.9553047
Kraken:EURUSD,2022-06-29T06:35:00Z,1.04939,1.04955,1.04939,1.04955,5898.41240759
Kraken:EURUSD,2022-06-29T06:36:00Z,1.04949,1.04949,1.0493,1.04941,20644.54688008
Kraken:EURUSD,2022-06-29T06:37:00Z,1.04941,1.04941,1.0493,1.0493,6416.12454174
Kraken:EURUSD,2022-06-29T06:38:00Z,1.0493,1.04933,1.04918,1.0492,14519.62921
Kraken:EURUSD,2022-06-29T06:39:00Z,1.0492,1.04933,1.0492,1.04933,6586.94466814
Kraken:EURUSD,2022-06-29T06:40:00Z,1.04933,1.04933,1.04928,1.0493,10233.45933881
Kraken:EURUSD,2022-06-29T06:41:00Z,1.04926,1.0493,1.04926,1.04929,1147.78057493
Kraken:EURUSD,2022-06-29T06:42:00Z,1.04929,1.04934,1.04923,1.04931,27113.11637209
Kraken:EURUSD,2022-06-29T06:43:00Z,1.04929,1.04934,1.04929,1.04929,9463.01171486
Kraken:EURUSD,2022-06-29T06:44:00Z,1.04929,1.04936,1.04928,1.04936,5460.93628255
Kraken:EURUSD,2022-06-29T06:45:00Z,1.04936,1.04936,1.04933,1.04935,2577.68650698
Kraken:EURUSD,2022-06-29T06:46:00Z,1.04942,1.04942,1.04926,1.04926,4798.96159584
Kraken:EURUSD,2022-06-29T06:47:00Z,1.04926,1.04936,1.04926,1.04935,14512.11745862
Kraken:EURUSD,2022-06-29T06:48:00Z,1.04934,1.04938,1.04922,1.04932,20240.32881208
Kraken:EURUSD,2022-06-29T06:49:00Z,1.04931,1.04937,1.04912,1.04925,20723.00752994
Kraken:EURUSD,2022-06-29T06:50:00Z,1.04916,1.04917,1.04896,1.04896,11613.23520158
Kraken:EURUSD,2022-06-29T06:51:00Z,1.04893,1.04898,1.04883,1.04897,13180.52631007
Kraken:EURUSD,2022-06-29T06:52:00Z,1.04897,1.04908,1.04886,1.04905,129767.38700293
Kraken:EURUSD,2022-06-29T06:53:00Z,1.04907,1.04908,1.04888,1.04907,17190.38217756
Kraken:EURUSD,2022-06-29T06:54:00Z,1.04907,1.04936,1.04907,1.04936,4993.65052313
Kraken:EURUSD,2022-06-29T06:55:00Z,1.0494,1.04942,1.04923,1.04934,18736.40832003
Kraken:EURUSD,2022-06-29T06:56:00Z,1.04933,1.0494,1.04912,1.04922,25113.38035448
Kraken:EURUSD,2022-06-29T06:57:00Z,1.0492,1.04931,1.04894,1.04917,19058.12282881
Kraken:EURUSD,2022-06-29T06:58:00Z,1.04916,1.04937,1.04915,1.04919,24283.36553646
Kraken:EURUSD,2022-06-29T06:59:00Z,1.04918,1.04918,1.04911,1.04913,13102.87333162
Kraken:EURUSD,2022-06-29T07:00:00Z,1.04918,1.05177,1.04918,1.05073,456470.9557247601
Kraken:EURUSD,2022-06-29T07:01:00Z,1.05073,1.05078,1.05015,1.05016,57822.59479303
Kraken:EURUSD,2022-06-29T07:02:00Z,1.05016,1.05066,1.05016,1.05053,22904.13899798
Kraken:EURUSD,2022-06-29T07:03:00Z,1.05051,1.05123,1.05032,1.05099,53125.48316525
Kraken:EURUSD,2022-06-29T07:04:00Z,1.051,1.05113,1.05065,1.05065,75789.18073306
Kraken:EURUSD,2022-06-29T07:05:00Z,1.05066,1.05114,1.05064,1.05111,16190.01731586
Kraken:EURUSD,2022-06-29T07:06:00Z,1.05111,1.05171,1.05111,1.05171,10029.21124847
Kraken:EURUSD,2022-06-29T07:07:00Z,1.0517,1.05176,1.05159,1.05159,83837.27992488
Kraken:EURUSD,2022-06-29T07:08:00Z,1.0516,1.0516,1.05137,1.05148,49766.11312742
Kraken:EURUSD,2022-06-29T07:09:00Z,1.05148,1.0515,1.05116,1.05117,60367.90264511
Kraken:EURUSD,2022-06-29T07:10:00Z,1.05126,1.05126,1.05117,1.05122,16104.19549273
Kraken:EURUSD,2022-06-29T07:11:00Z,1.05121,1.05125,1.05106,1.05124,17465.60942065
Kraken:EURUSD,2022-06-29T07:12:00Z,1.05124,1.0515,1.05117,1.05119,6911.03213897
Kraken:EURUSD,2022-06-29T07:13:00Z,1.05119,1.05146,1.05093,1.05093,35272.26222409
Kraken:EURUSD,2022-06-29T07:14:00Z,1.05102,1.05102,1.0508,1.05082,9212.83139979
Kraken:EURUSD,2022-06-29T07:15:00Z,1.05081,1.05096,1.05081,1.05096,5030.06965709
Kraken:EURUSD,2022-06-29T07:16:00Z,1.05095,1.05109,1.05095,1.05109,2474.02015943
Kraken:EURUSD,2022-06-29T07:17:00Z,1.05109,1.05109,1.0507,1.0507,17494.3929948
Kraken:EURUSD,2022-06-29T07:18:00Z,1.05066,1.05074,1.05057,1.05057,64096.00969911
Kraken:EURUSD,2022-06-29T07:19:00Z,1.05056,1.05066,1.05039,1.05066,42802.85858013
Kraken:EURUSD,2022-06-29T07:20:00Z,1.05066,1.05085,1.05059,1.05059,25810.07747021
Kraken:EURUSD,2022-06-29T07:21:00Z,1.05059,1.05059,1.05037,1.0504,95653.70392284
Kraken:EURUSD,2022-06-29T07:22:00Z,1.05037,1.0504,1.05029,1.0504,4804.45608544
Kraken:EURUSD,2022-06-29T07:23:00Z,1.05031,1.05032,1.05007,1.05007,6632.17985929
Kraken:EURUSD,2022-06-29T07:24:00Z,1.05024,1.0505,1.05024,1.0505,3886.39094828
Kraken:EURUSD,2022-06-29T07:25:00Z,1.05038,1.05038,1.05019,1.0503,5558.41490216
Kraken:EURUSD,2022-06-29T07:26:00Z,1.0503,1.0503,1.05009,1.05012,5368.55430713
Kraken:EURUSD,2022-06-29T07:27:00Z,1.05012,1.05031,1.05012,1.0502,729.09170867
Kraken:EURUSD,2022-06-29T07:28:00Z,1.0502,1.05039,1.0501,1.05023,17547.77038952
Kraken:EURUSD,2022-06-29T07:29:00Z,1.05025,1.05025,1.04999,1.05,17512.0281104
Kraken:EURUSD,2022-06-29T07:30:00Z,1.05,1.05,1.04963,1.0497,11033.52561773
Kraken:EURUSD,2022-06-29T07:31:00Z,1.0497,1.04973,1.04969,1.04969,3284.94609253
Kraken:EURUSD,2022-06-29T07:32:00Z,1.04969,1.04969,1.0495,1.04961,2560.33185598
Kraken:EURUSD,2022-06-29T07:33:00Z,1.04974,1.04986,1.04973,1.04975,3246.29513495
Kraken:EURUSD,2022-06-29T07:34:00Z,1.04985,1.04985,1.04971,1.04978,6318.0170991
Kraken:EURUSD,2022-06-29T07:35:00Z,1.0497,1.05012,1.0497,1.05008,18510.60707858
Kraken:EURUSD,2022-06-29T07:36:00Z,1.05009,1.05012,1.04998,1.05005,3422.85925467
Kraken:EURUSD,2022-06-29T07:37:00Z,1.05025,1.05025,1.05025,1.05025,577.8906133
Kraken:EURUSD,2022-06-29T07:38:00Z,1.05001,1.05008,1.05001,1.05008,2075.33941028
Kraken:EURUSD,2022-06-29T07:39:00Z,1.05008,1.05028,1.05005,1.0502,10179.70412513
Kraken:EURUSD,2022-06-29T07:40:00Z,1.05004,1.05057,1.05003,1.05056,4026.00814218
Kraken:EURUSD,2022-06-29T07:41:00Z,1.05056,1.05066,1.05056,1.05056,1432.56425325
Kraken:EURUSD,2022-06-29T07:42:00Z,1.05057,1.05072,1.05057,1.05067,556.33685544
Kraken:EURUSD,2022-06-29T07:43:00Z,1.05075,1.05079,1.05075,1.05079,787.97661698
Kraken:EURUSD,2022-06-29T07:44:00Z,1.05068,1.0507,1.05066,1.05066,28882.09327111
Kraken:EURUSD,2022-06-29T07:45:00Z,1.05062,1.05101,1.05062,1.0509,9002.15418421
Kraken:EURUSD,2022-06-29T07:46:00Z,1.05098,1.05128,1.05098,1.05128,6812.52822744
Kraken:EURUSD,2022-06-29T07:47:00Z,1.05136,1.05163,1.05127,1.05163,814.37453755
Kraken:EURUSD,2022-06-29T07:48:00Z,1.05163,1.05193,1.05163,1.05193,1049.51168804
Kraken:EURUSD,2022-06-29T07:49:00Z,1.05193,1.05193,1.05173,1.05173,5333.89578814
Kraken:EURUSD,2022-06-29T07:50:00Z,1.05152,1.05171,1.05152,1.05171,418.0164148
Kraken:EURUSD,2022-06-29T07:51:00Z,1.05152,1.05153,1.05136,1.05136,1009.94572887
Kraken:EURUSD,2022-06-29T07:52:00Z,1.05145,1.05145,1.05126,1.05127,821.35224525
Kraken:EURUSD,2022-06-29T07:53:00Z,1.05122,1.05137,1.0512,1.05121,316.16377176
Kraken:EURUSD,2022-06-29T07:54:00Z,1.05121,1.05141,1.05121,1.0514,3583.7675108
Kraken:EURUSD,2022-06-29T07:55:00Z,1.0514,1.05142,1.05128,1.05142,570.09631982
Kraken:EURUSD,2022-06-29T07:56:00Z,1.05131,1.05163,1.0513,1.05163,37910.74482258
Kraken:EURUSD,2022-06-29T07:57:00Z,1.05152,1.05167,1.05152,1.0516,8580.51093452
Kraken:EURUSD,2022-06-29T07:58:00Z,1.0516,1.05175,1.0516,1.05175,4265.86149206
Kraken:EURUSD,2022-06-29T07:59:00Z,1.05175,1.05177,1.05166,1.05166,4643.60472209
Kraken:EURUSD,2022-06-29T08:00:00Z,1.05161,1.05161,1.05095,1.0516,8204.53749992
Kraken:EURUSD,2022-06-29T08:01:00Z,1.05159,1.05177,1.05144,1.05144,105005.83059593
Kraken:EURUSD,2022-06-29T08:02:00Z,1.05167,1.0518,1.05143,1.05159,52677.94083347
Kraken:EURUSD,2022-06-29T08:03:00Z,1.0515,1.05187,1.0515,1.05187,15631.51317485
Kraken:EURUSD,2022-06-29T08:04:00Z,1.05187,1.0519,1.05164,1.05164,1411.00969515
Kraken:EURUSD,2022-06-29T08:05:00Z,1.0516,1.0516,1.0515,1.05152,2745.80412948
Kraken:EURUSD,2022-06-29T08:06:00Z,1.05156,1.05156,1.0514,1.05149,4694.30640215
Kraken:EURUSD,2022-06-29T08:07:00Z,1.05139,1.05151,1.05128,1.05129,13990.26001844
Kraken:EURUSD,2022-06-29T08:08:00Z,1.05117,1.05128,1.05116,1.05116,288.12290411
Kraken:EURUSD,2022-06-29T08:09:00Z,1.05116,1.05128,1.05105,1.05128,17633.9229532
Kraken:EURUSD,2022-06-29T08:10:00Z,1.05128,1.05128,1.05103,1.05113,2109.23429717
Kraken:EURUSD,2022-06-29T08:11:00Z,1.05113,1.05138,1.05112,1.05138,6350.31321332
Kraken:EURUSD,2022-06-29T08:12:00Z,1.05139,1.05149,1.05138,1.05149,19162.9704067
Kraken:EURUSD,2022-06-29T08:13:00Z,1.05152,1.05153,1.05137,1.05137,4595.02635639
Kraken:EURUSD,2022-06-29T08:14:00Z,1.05144,1.05146,1.05144,1.05146,2676.93495016
Kraken:EURUSD,2022-06-29T08:15:00Z,1.05141,1.05152,1.05132,1.05132,29001.15394736
Kraken:EURUSD,2022-06-29T08:16:00Z,1.05127,1.05143,1.05122,1.05143,5157.71541981
Kraken:EURUSD,2022-06-29T08:17:00Z,1.05133,1.05143,1.05127,1.05142,6452.36205945
Kraken:EURUSD,2022-06-29T08:18:00Z,1.05133,1.05164,1.05122,1.05162,7000.92241207
Kraken:EURUSD,2022-06-29T08:19:00Z,1.05171,1.05177,1.05156,1.05157,1890.73001298
Kraken:EURUSD,2022-06-29T08:20:00Z,1.05145,1.0515,1.0514,1.0514,840.23526569
Kraken:EURUSD,2022-06-29T08:21:00Z,1.05148,1.05181,1.05139,1.05178,1304.05270186
Kraken:EURUSD,2022-06-29T08:22:00Z,1.05166,1.05182,1.05165,1.05172,580.32754719
Kraken:EURUSD,2022-06-29T08:23:00Z,1.05164,1.05172,1.05156,1.05157,7122.59040602
Kraken:EURUSD,2022-06-29T08:24:00Z,1.05174,1.05184,1.05163,1.05184,284.60896925
Kraken:EURUSD,2022-06-29T08:25:00Z,1.05174,1.05174,1.05127,1.05127,2454.51237593
Kraken:EURUSD,2022-06-29T08:26:00Z,1.05127,1.05158,1.05117,1.05157,8393.68569651
Kraken:EURUSD,2022-06-29T08:27:00Z,1.0514,1.05147,1.05138,1.05138,285.06952126
Kraken:EURUSD,2022-06-29T08:28:00Z,1.05145,1.05149,1.05123,1.05141,2219.68745735
Kraken:EURUSD,2022-06-29T08:29:00Z,1.05141,1.05141,1.0514,1.05141,968.95726873
Kraken:EURUSD,2022-06-29T08:30:00Z,1.05151,1.05151,1.05135,1.05139,856.05596945
Kraken:EURUSD,2022-06-29T08:31:00Z,1.05143,1.05143,1.05117,1.05117,2601.71824152
Kraken:EURUSD,2022-06-29T08:32:00Z,1.05114,1.05114,1.05073,1.05092,2384.26402858
Kraken:EURUSD,2022-06-29T08:33:00Z,1.0508,1.05117,1.0508,1.05117,628.4541783
Kraken:EURUSD,2022-06-29T08:34:00Z,1.05111,1.05125,1.05111,1.05112,1517.7839251
Kraken:EURUSD,2022-06-29T08:35:00Z,1.05113,1.05122,1.05112,1.05112,2727.36568105
Kraken:EURUSD,2022-06-29T08:36:00Z,1.05135,1.05135,1.0512,1.05135,688.62675332
Kraken:EURUSD,2022-06-29T08:37:00Z,1.05136,1.05136,1.05123,1.05123,2447.2316833
Kraken:EURUSD,2022-06-29T08:38:00Z,1.0512,1.05126,1.0512,1.05126,14469.3889208
Kraken:EURUSD,2022-06-29T08:39:00Z,1.05131,1.05136,1.05123,1.05123,1816.08627072
Kraken:EURUSD,2022-06-29T08:40:00Z,1.05124,1.05124,1.05112,1.05123,476.58086592
Kraken:EURUSD,2022-06-29T08:41:00Z,1.05122,1.05133,1.05122,1.05133,3435.68248642
Kraken:EURUSD,2022-06-29T08:42:00Z,1.0515,1.05159,1.05138,1.05151,4983.64808574
Kraken:EURUSD,2022-06-29T08:43:00Z,1.05133,1.05137,1.05133,1.05137,39.61689018
Kraken:EURUSD,2022-06-29T08:44:00Z,1.05125,1.05126,1.05111,1.05117,638.59914865
Kraken:EURUSD,2022-06-29T08:45:00Z,1.05111,1.05111,1.05073,1.05094,738.28394112
Kraken:EURUSD,2022-06-29T08:46:00Z,1.05075,1.05092,1.05075,1.0509,620.67888502
Kraken:EURUSD,2022-06-29T08:47:00Z,1.05085,1.05098,1.05084,1.05084,559.83777341
Kraken:EURUSD,2022-06-29T08:48:00Z,1.05088,1.05106,1.05088,1.05094,14350.01787628
Kraken:EURUSD,2022-06-29T08:49:00Z,1.05087,1.05087,1.05085,1.05085,245.28103025
Kraken:EURUSD,2022-06-29T08:50:00Z,1.05092,1.05092,1.05092,1.05092,18.9126
Kraken:EURUSD,2022-06-29T08:51:00Z,1.05087,1.05087,1.0507,1.0507,1785.57437137
Kraken:EURUSD,2022-06-29T08:52:00Z,1.0507,1.0507,1.05045,1.05053,5969.20553601
Kraken:EURUSD,2022-06-29T08:53:00Z,1.0505,1.05062,1.05048,1.05062,720.52214138
Kraken:EURUSD,2022-06-29T08:54:00Z,1.05074,1.05074,1.05074,1.05074,85.59072651
Kraken:EURUSD,2022-06-29T08:55:00Z,1.05073,1.05073,1.05063,1.05063,620.92177458
Kraken:EURUSD,2022-06-29T08:56:00Z,1.05063,1.05072,1.05053,1.05072,598.34714285
Kraken:EURUSD,2022-06-29T08:57:00Z,1.05072,1.05092,1.05072,1.05083,8420.2301594
Kraken:EURUSD,2022-06-29T08:58:00Z,1.05082,1.05089,1.05064,1.05064,1420.63258984
Kraken:EURUSD,2022-06-29T08:59:00Z,1.05081,1.05105,1.05081,1.05093,658.27019718
Kraken:EURUSD,2022-06-29T09:00:00Z,1.05133,1.05154,1.05127,1.05144,18424.0547841
Kraken:EURUSD,2022-06-29T09:01:00Z,1.05127,1.05142,1.05127,1.05142,347.09861588
Kraken:EURUSD,2022-06-29T09:02:00Z,1.05123,1.05123,1.05123,1.05123,294.01557265
Kraken:EURUSD,2022-06-29T09:03:00Z,1.05131,1.05131,1.05131,1.05131,79.2806
Kraken:EURUSD,2022-06-29T09:04:00Z,1.05129,1.05129,1.05112,1.05115,556.89433223
Kraken:EURUSD,2022-06-29T09:05:00Z,1.05117,1.05156,1.05112,1.05156,10361.46653067
Kraken:EURUSD,2022-06-29T09:06:00Z,1.05143,1.05144,1.05136,1.05136,2306.07877453
Kraken:EURUSD,2022-06-29T09:07:00Z,1.05158,1.0519,1.05158,1.0519,4658.83886317
Kraken:EURUSD,2022-06-29T09:08:00Z,1.05181,1.05193,1.05161,1.05161,952.07690141
Kraken:EURUSD,2022-06-29T09:09:00Z,1.05162,1.05193,1.05162,1.05173,5946.46590266
Kraken:EURUSD,2022-06-29T09:10:00Z,1.05173,1.0518,1.05173,1.05177,1530.81183744
Kraken:EURUSD,2022-06-29T09:11:00Z,1.05177,1.05248,1.05177,1.05248,23706.96223322
Kraken:EURUSD,2022-06-29T09:12:00Z,1.05243,1.05265,1.05243,1.05264,2304.37915042
Kraken:EURUSD,2022-06-29T09:13:00Z,1.05262,1.05275,1.05258,1.05274,1311.54136294
Kraken:EURUSD,2022-06-29T09:14:00Z,1.0524,1.0524,1.0524,1.0524,1E+1
Kraken:EURUSD,2022-06-29T09:15:00Z,1.05218,1.05226,1.05196,1.05209,135027.68547407
Kraken:EURUSD,2022-06-29T09:16:00Z,1.05238,1.05238,1.05221,1.05221,481.88901408
Kraken:EURUSD,2022-06-29T09:17:00Z,1.05223,1.05223,1.05206,1.05211,1196.98569153
Kraken:EURUSD,2022-06-29T09:18:00Z,1.05218,1.05218,1.05209,1.05209,214.3558602
Kraken:EURUSD,2022-06-29T09:19:00Z,1.05196,1.05196,1.05168,1.05178,5228.59889018
Kraken:EURUSD,2022-06-29T09:20:00Z,1.05179,1.05179,1.05155,1.05155,2414.54647347
Kraken:EURUSD,2022-06-29T09:21:00Z,1.05168,1.05168,1.05149,1.05149,422.74344598
Kraken:EURUSD,2022-06-29T09:22:00Z,1.05166,1.0517,1.05147,1.05147,22210.29300991
Kraken:EURUSD,2022-06-29T09:23:00Z,1.05152,1.05201,1.05152,1.0518,2914.17029234
Kraken:EURUSD,2022-06-29T09:24:00Z,1.05157,1.05158,1.05157,1.05158,120.81599088
Kraken:EURUSD,2022-06-29T09:25:00Z,1.05159,1.05159,1.05159,1.05159,18.4738
Kraken:EURUSD,2022-06-29T09:26:00Z,1.05173,1.05173,1.05128,1.0513,11726.91730797
Kraken:EURUSD,2022-06-29T09:27:00Z,1.05128,1.0514,1.05121,1.0514,5529.31678055
Kraken:EURUSD,2022-06-29T09:28:00Z,1.05129,1.05144,1.05127,1.05141,9376.02059494
Kraken:EURUSD,2022-06-29T09:29:00Z,1.05129,1.05151,1.05129,1.05151,537.04524795
Kraken:EURUSD,2022-06-29T09:30:00Z,1.05148,1.05149,1.05127,1.05127,8033.24254365
Kraken:EURUSD,2022-06-29T09:31:00Z,1.05149,1.05152,1.05128,1.05131,7334.8923853
Kraken:EURUSD,2022-06-29T09:32:00Z,1.05133,1.05134,1.05123,1.05134,6273.45204777
Kraken:EURUSD,2022-06-29T09:33:00Z,1.05155,1.05166,1.05141,1.05166,2721.63154115
Kraken:EURUSD,2022-06-29T09:34:00Z,1.05162,1.05162,1.05136,1.05159,6647.28009974
Kraken:EURUSD,2022-06-29T09:35:00Z,1.05168,1.05181,1.05163,1.05167,4127.09472709
Kraken:EURUSD,2022-06-29T09:36:00Z,1.05181,1.05181,1.05168,1.05168,2393.3006764
Kraken:EURUSD,2022-06-29T09:37:00Z,1.05179,1.05191,1.05167,1.05191,338.23192541
Kraken:EURUSD,2022-06-29T09:38:00Z,1.05187,1.05187,1.05167,1.05167,583.13579236
Kraken:EURUSD,2022-06-29T09:39:00Z,1.05179,1.05193,1.05179,1.05193,369.86288221
Kraken:EURUSD,2022-06-29T09:40:00Z,1.05199,1.052,1.05189,1.0519,2730.51633493
Kraken:EURUSD,2022-06-29T09:41:00Z,1.05195,1.05205,1.05176,1.05205,41170.62672415
Kraken:EURUSD,2022-06-29T09:42:00Z,1.05208,1.05225,1.05208,1.05208,4016.05529883
Kraken:EURUSD,2022-06-29T09:43:00Z,1.05224,1.05226,1.05207,1.05207,25025
Kraken:EURUSD,2022-06-29T09:44:00Z,1.05202,1.05202,1.05202,1.05202,62.58444
Kraken:EURUSD,2022-06-29T09:45:00Z,1.05193,1.05193,1.05186,1.05186,1265.92608414
Kraken:EURUSD,2022-06-29T09:46:00Z,1.05189,1.05189,1.05186,1.05189,597.99011723
Kraken:EURUSD,2022-06-29T09:47:00Z,1.05189,1.05189,1.0516,1.0516,3102.17239896
Kraken:EURUSD,2022-06-29T09:48:00Z,1.05166,1.05175,1.05163,1.05164,2119.95500241
Kraken:EURUSD,2022-06-29T09:49:00Z,1.05163,1.05192,1.05163,1.05192,8035.25601577
Kraken:EURUSD,2022-06-29T09:50:00Z,1.05169,1.05169,1.05151,1.05152,14645.43828275
Kraken:EURUSD,2022-06-29T09:51:00Z,1.05165,1.05166,1.05141,1.05146,4909.79746493
Kraken:EURUSD,2022-06-29T09:53:00Z,1.05152,1.05177,1.05142,1.05177,4996.46973101
Kraken:EURUSD,2022-06-29T09:54:00Z,1.05161,1.05202,1.05152,1.05152,46551.08001725
Kraken:EURUSD,2022-06-29T09:55:00Z,1.05152,1.05154,1.05151,1.05151,8897.86873297
Kraken:EURUSD,2022-06-29T09:56:00Z,1.05142,1.05142,1.05132,1.05132,618.56610415
Kraken:EURUSD,2022-06-29T09:57:00Z,1.05124,1.05124,1.051,1.05106,40560.68658218
Kraken:EURUSD,2022-06-29T09:58:00Z,1.05106,1.05117,1.05092,1.051,9095.61586161
Kraken:EURUSD,2022-06-29T09:59:00Z,1.05092,1.05108,1.05091,1.05091,644.47598253
Kraken:EURUSD,2022-06-29T10:00:00Z,1.05091,1.05108,1.05091,1.05097,22625.17866238
Kraken:EURUSD,2022-06-29T10:01:00Z,1.05097,1.05097,1.05074,1.05074,6949.92434351
Kraken:EURUSD,2022-06-29T10:02:00Z,1.0508,1.0509,1.05072,1.05077,403.3309422
Kraken:EURUSD,2022-06-29T10:03:00Z,1.05073,1.05079,1.05066,1.05079,22518.34312162
Kraken:EURUSD,2022-06-29T10:04:00Z,1.05079,1.0509,1.05079,1.0509,105995.90107006
Kraken:EURUSD,2022-06-29T10:05:00Z,1.05092,1.05121,1.05092,1.05121,8040.90973368
Kraken:EURUSD,2022-06-29T10:06:00Z,1.05146,1.05163,1.05146,1.05163,102548.13118106
Kraken:EURUSD,2022-06-29T10:07:00Z,1.05172,1.05185,1.05165,1.05185,6183.82245694
Kraken:EURUSD,2022-06-29T10:08:00Z,1.05164,1.05175,1.05164,1.05174,5290.72650641
Kraken:EURUSD,2022-06-29T10:09:00Z,1.05166,1.05201,1.05166,1.052,34986.88461122
Kraken:EURUSD,2022-06-29T10:10:00Z,1.0521,1.0521,1.05191,1.0521,6339.91072243
Kraken:EURUSD,2022-06-29T10:11:00Z,1.05203,1.05203,1.05178,1.05192,2110.97884772
Kraken:EURUSD,2022-06-29T10:12:00Z,1.0518,1.05192,1.0518,1.05192,1877.23120098
Kraken:EURUSD,2022-06-29T10:13:00Z,1.0519,1.05193,1.05173,1.05191,67569.46590474
Kraken:EURUSD,2022-06-29T10:14:00Z,1.05177,1.05191,1.05173,1.05173,3324.10287198
Kraken:EURUSD,2022-06-29T10:15:00Z,1.05191,1.05195,1.0519,1.05194,3944.47184967
Kraken:EURUSD,2022-06-29T10:16:00Z,1.05204,1.05225,1.05201,1.05225,6153.02203187
Kraken:EURUSD,2022-06-29T10:17:00Z,1.05224,1.05231,1.05215,1.05215,1678.06112875
Kraken:EURUSD,2022-06-29T10:18:00Z,1.05229,1.05232,1.05206,1.05221,3368.05786614
Kraken:EURUSD,2022-06-29T10:19:00Z,1.05233,1.05259,1.05223,1.05259,1834.77270228
Kraken:EURUSD,2022-06-29T10:20:00Z,1.05237,1.05255,1.05237,1.05249,607.05837554
Kraken:EURUSD,2022-06-29T10:21:00Z,1.05239,1.05243,1.05212,1.05229,17049.28590361
Kraken:EURUSD,2022-06-29T10:22:00Z,1.05218,1.05226,1.05218,1.05218,769.26979508
Kraken:EURUSD,2022-06-29T10:23:00Z,1.05231,1.05231,1.05222,1.05222,127.93362996
Kraken:EURUSD,2022-06-29T10:24:00Z,1.05223,1.05243,1.05212,1.05234,4345.3796665
Kraken:EURUSD,2022-06-29T10:25:00Z,1.0523,1.0523,1.0523,1.0523,10.6082
Kraken:EURUSD,2022-06-29T10:26:00Z,1.0525,1.05258,1.05249,1.05258,3770.8834978
Kraken:EURUSD,2022-06-29T10:27:00Z,1.05258,1.05274,1.05248,1.05248,7797.73127109
Kraken:EURUSD,2022-06-29T10:28:00Z,1.05264,1.05276,1.05264,1.05276,269.5002424
Kraken:EURUSD,2022-06-29T10:29:00Z,1.05276,1.05278,1.05251,1.05268,893.78547647
Kraken:EURUSD,2022-06-29T10:30:00Z,1.05254,1.05265,1.05253,1.05258,878.54264274
Kraken:EURUSD,2022-06-29T10:31:00Z,1.05253,1.0528,1.05253,1.0528,14200.164973
Kraken:EURUSD,2022-06-29T10:32:00Z,1.0527,1.0527,1.05248,1.05249,4339.56930943
Kraken:EURUSD,2022-06-29T10:33:00Z,1.05248,1.05251,1.05227,1.05227,3872.67864783
Kraken:EURUSD,2022-06-29T10:34:00Z,1.05246,1.05261,1.05239,1.05261,2005.80208186
Kraken:EURUSD,2022-06-29T10:35:00Z,1.05273,1.05273,1.05253,1.05266,3323.25130255
Kraken:EURUSD,2022-06-29T10:36:00Z,1.05266,1.05286,1.0526,1.05282,25939.67831759
Kraken:EURUSD,2022-06-29T10:37:00Z,1.05266,1.05285,1.05266,1.05276,4319.51662703
Kraken:EURUSD,2022-06-29T10:38:00Z,1.05276,1.05292,1.05276,1.05292,9013.60844049
Kraken:EURUSD,2022-06-29T10:39:00Z,1.05293,1.05293,1.05283,1.05284,4888.49169944
Kraken:EURUSD,2022-06-29T10:40:00Z,1.05283,1.05299,1.05278,1.05299,10798.6950599
Kraken:EURUSD,2022-06-29T10:41:00Z,1.05291,1.05305,1.05291,1.05305,278.3715924
Kraken:EURUSD,2022-06-29T10:42:00Z,1.05279,1.05279,1.05254,1.05254,1434.2296753
Kraken:EURUSD,2022-06-29T10:43:00Z,1.05244,1.05258,1.05244,1.05258,50156.15091463
Kraken:EURUSD,2022-06-29T10:44:00Z,1.0525,1.05252,1.05246,1.05246,3277.1006245
Kraken:EURUSD,2022-06-29T10:45:00Z,1.05251,1.05271,1.05251,1.05251,309.58289862
Kraken:EURUSD,2022-06-29T10:46:00Z,1.05276,1.0528,1.05276,1.0528,366.1561485
Kraken:EURUSD,2022-06-29T10:47:00Z,1.05286,1.05296,1.05269,1.05295,1373.96074598
Kraken:EURUSD,2022-06-29T10:48:00Z,1.05292,1.05293,1.05292,1.05293,397.68112839
Kraken:EURUSD,2022-06-29T10:49:00Z,1.05277,1.05294,1.05277,1.05294,375.14820851
Kraken:EURUSD,2022-06-29T10:50:00Z,1.05275,1.05276,1.05275,1.05276,85.60642462
Kraken:EURUSD,2022-06-29T10:51:00Z,1.05278,1.05291,1.05275,1.05275,952.60779472
Kraken:EURUSD,2022-06-29T10:52:00Z,1.05275,1.05275,1.05275,1.05275,1.5E+2
Kraken:EURUSD,2022-06-29T10:53:00Z,1.05283,1.05283,1.05269,1.05269,13480.8312078
Kraken:EURUSD,2022-06-29T10:54:00Z,1.05258,1.05258,1.05258,1.05258,1E+3
Kraken:EURUSD,2022-06-29T10:55:00Z,1.05245,1.05245,1.05245,1.05245,5E+1
Kraken:EURUSD,2022-06-29T10:57:00Z,1.05245,1.05245,1.05206,1.05207,10490.51339495
Kraken:EURUSD,2022-06-29T10:58:00Z,1.05206,1.05217,1.052,1.05201,714.85082225
Kraken:EURUSD,2022-06-29T10:59:00Z,1.05212,1.0525,1.05212,1.0525,5732.20113674
Kraken:EURUSD,2022-06-29T11:00:00Z,1.0525,1.05335,1.0525,1.05335,18235.76207568
Kraken:EURUSD,2022-06-29T11:01:00Z,1.05287,1.05287,1.05257,1.05257,2716.78469326
Kraken:EURUSD,2022-06-29T11:02:00Z,1.05275,1.05284,1.05259,1.05284,1239.93269874
Kraken:EURUSD,2022-06-29T11:04:00Z,1.05319,1.05319,1.05319,1.05319,427.9370279
Kraken:EURUSD,2022-06-29T11:05:00Z,1.0532,1.0532,1.05304,1.05304,3E+2
Kraken:EURUSD,2022-06-29T11:06:00Z,1.05315,1.05319,1.05309,1.05309,1237.51043352
Kraken:EURUSD,2022-06-29T11:07:00Z,1.05319,1.05323,1.0531,1.05321,713.7618529
Kraken:EURUSD,2022-06-29T11:08:00Z,1.05321,1.05368,1.05321,1.05344,4301.65963121
Kraken:EURUSD,2022-06-29T11:09:00Z,1.05343,1.05343,1.05343,1.05343,138.18896364
Kraken:EURUSD,2022-06-29T11:11:00Z,1.05332,1.05355,1.05321,1.05346,40038.2172674
Kraken:EURUSD,2022-06-29T11:12:00Z,1.05346,1.05349,1.05341,1.05349,10962.20509893
Kraken:EURUSD,2022-06-29T11:13:00Z,1.05342,1.05349,1.05312,1.05328,13934.09699037
Kraken:EURUSD,2022-06-29T11:14:00Z,1.05328,1.05329,1.05328,1.05328,2968.20722372
Kraken:EURUSD,2022-06-29T11:15:00Z,1.05328,1.05344,1.05311,1.05324,16879.21798121
Kraken:EURUSD,2022-06-29T11:16:00Z,1.05324,1.05327,1.05323,1.05323,535.98768277
Kraken:EURUSD,2022-06-29T11:17:00Z,1.05324,1.05324,1.05297,1.05306,13023.74007631
Kraken:EURUSD,2022-06-29T11:18:00Z,1.05306,1.05319,1.05305,1.05309,12612.24711275
Kraken:EURUSD,2022-06-29T11:19:00Z,1.0531,1.0531,1.05296,1.05309,11142.79240944
Kraken:EURUSD,2022-06-29T11:20:00Z,1.05309,1.05309,1.05298,1.05298,630.14388328
Kraken:EURUSD,2022-06-29T11:21:00Z,1.05296,1.05309,1.05296,1.05307,2135.86710791
Kraken:EURUSD,2022-06-29T11:22:00Z,1.05307,1.05319,1.05295,1.05299,10268.51748948
Kraken:EURUSD,2022-06-29T11:23:00Z,1.05298,1.05321,1.05298,1.05321,11192.80678731
Kraken:EURUSD,2022-06-29T11:24:00Z,1.05331,1.05339,1.05322,1.05339,6476.85049252
Kraken:EURUSD,2022-06-29T11:25:00Z,1.05332,1.05356,1.05331,1.05356,11671.38985605
Kraken:EURUSD,2022-06-29T11:26:00Z,1.05365,1.0537,1.05359,1.05359,5704.92994513
Kraken:EURUSD,2022-06-29T11:27:00Z,1.05359,1.05359,1.05336,1.05339,4520.66816054
Kraken:EURUSD,2022-06-29T11:28:00Z,1.05336,1.05346,1.05333,1.05334,44106.60866997
Kraken:EURUSD,2022-06-29T11:29:00Z,1.05334,1.05385,1.05334,1.05347,88067.53095397
Kraken:EURUSD,2022-06-29T11:30:00Z,1.05349,1.05381,1.05348,1.05348,29163.48769448
Kraken:EURUSD,2022-06-29T11:31:00Z,1.05346,1.05346,1.05345,1.05346,2245.48024985
Kraken:EURUSD,2022-06-29T11:32:00Z,1.05351,1.05391,1.05351,1.05353,45244.22977503
Kraken:EURUSD,2022-06-29T11:33:00Z,1.05352,1.05369,1.05339,1.0534,143220.25680438
Kraken:EURUSD,2022-06-29T11:34:00Z,1.0534,1.0536,1.05324,1.05329,177037.1758067602
Kraken:EURUSD,2022-06-29T11:35:00Z,1.05326,1.05365,1.05323,1.05323,26794.77027322
Kraken:EURUSD,2022-06-29T11:36:00Z,1.05324,1.05324,1.05322,1.05324,42363.83738771
Kraken:EURUSD,2022-06-29T11:37:00Z,1.05323,1.05324,1.05307,1.05307,35187.01293459
Kraken:EURUSD,2022-06-29T11:38:00Z,1.05299,1.05299,1.05282,1.05283,6763.71129295
Kraken:EURUSD,2022-06-29T11:39:00Z,1.05283,1.05308,1.05277,1.05308,62677.23161447
Kraken:EURUSD,2022-06-29T11:40:00Z,1.05304,1.05319,1.05304,1.05307,6101.68574065
Kraken:EURUSD,2022-06-29T11:41:00Z,1.05297,1.05297,1.05296,1.05296,730.13407996
Kraken:EURUSD,2022-06-29T11:42:00Z,1.05296,1.05297,1.0529,1.05293,27864.05417448
Kraken:EURUSD,2022-06-29T11:43:00Z,1.05293,1.05293,1.05279,1.05279,10034.71613264
Kraken:EURUSD,2022-06-29T11:44:00Z,1.05279,1.05279,1.05263,1.05263,6478.71540957
Kraken:EURUSD,2022-06-29T11:45:00Z,1.05259,1.05259,1.05235,1.05236,18450.38036696
Kraken:EURUSD,2022-06-29T11:46:00Z,1.05235,1.05237,1.05231,1.05231,18585.06961979
Kraken:EURUSD,2022-06-29T11:47:00Z,1.05228,1.05228,1.05212,1.05227,5712.46342481
Kraken:EURUSD,2022-06-29T11:48:00Z,1.05226,1.05227,1.05213,1.05213,1019
Kraken:EURUSD,2022-06-29T11:49:00Z,1.05207,1.05251,1.05207,1.05251,3496.63061381
Kraken:EURUSD,2022-06-29T11:50:00Z,1.05258,1.05264,1.05207,1.05232,2903.85347309
Kraken:EURUSD,2022-06-29T11:51:00Z,1.05209,1.05225,1.05208,1.05208,130.73158276
Kraken:EURUSD,2022-06-29T11:52:00Z,1.05214,1.0522,1.05196,1.05196,2830.42896664
Kraken:EURUSD,2022-06-29T11:53:00Z,1.05213,1.05247,1.05205,1.05205,133402.45859242
Kraken:EURUSD,2022-06-29T11:54:00Z,1.05207,1.05207,1.05191,1.05191,1108.32433743
Kraken:EURUSD,2022-06-29T11:55:00Z,1.05177,1.052,1.05176,1.052,5947.05957075
Kraken:EURUSD,2022-06-29T11:56:00Z,1.05204,1.0522,1.05204,1.0522,1573.12943002
Kraken:EURUSD,2022-06-29T11:57:00Z,1.05236,1.05279,1.05224,1.05279,6555.81655184
Kraken:EURUSD,2022-06-29T11:58:00Z,1.05278,1.05313,1.05255,1.05282,18884.51594284
Kraken:EURUSD,2022-06-29T11:59:00Z,1.05281,1.05319,1.05281,1.05303,6243.77974566
Kraken:EURUSD,2022-06-29T12:00:00Z,1.05281,1.05313,1.05271,1.05313,9273.23299765
Kraken:EURUSD,2022-06-29T12:01:00Z,1.05292,1.05318,1.05288,1.05307,11359.69135937
Kraken:EURUSD,2022-06-29T12:02:00Z,1.05307,1.05338,1.05307,1.05328,16103.10199891
Kraken:EURUSD,2022-06-29T12:03:00Z,1.05329,1.05329,1.05289,1.0529,7715.55964412
Kraken:EURUSD,2022-06-29T12:04:00Z,1.05296,1.05314,1.05296,1.05314,3225.90707756
Kraken:EURUSD,2022-06-29T12:05:00Z,1.05307,1.05311,1.05292,1.05308,34559.2830683
Kraken:EURUSD,2022-06-29T12:06:00Z,1.05292,1.05312,1.05283,1.05307,36766.31559661
Kraken:EURUSD,2022-06-29T12:07:00Z,1.05296,1.05317,1.05286,1.0529,2793.82821026
Kraken:EURUSD,2022-06-29T12:08:00Z,1.0529,1.0529,1.05269,1.05283,13553.27597938
Kraken:EURUSD,2022-06-29T12:09:00Z,1.05282,1.05282,1.05252,1.05252,1176.09804533
Kraken:EURUSD,2022-06-29T12:10:00Z,1.05245,1.05263,1.05245,1.05258,2655.44641649
Kraken:EURUSD,2022-06-29T12:11:00Z,1.05258,1.05258,1.05249,1.05258,303.62897056
Kraken:EURUSD,2022-06-29T12:12:00Z,1.05258,1.0527,1.05257,1.0527,29382.15683593
Kraken:EURUSD,2022-06-29T12:13:00Z,1.05265,1.05265,1.05244,1.05257,5220.56323576
Kraken:EURUSD,2022-06-29T12:14:00Z,1.05243,1.0525,1.05239,1.05247,4950.8691458
Kraken:EURUSD,2022-06-29T12:15:00Z,1.05245,1.05267,1.05235,1.05236,40191.84624776
Kraken:EURUSD,2022-06-29T12:16:00Z,1.05236,1.05236,1.05186,1.05202,33174.61428329
Kraken:EURUSD,2022-06-29T12:17:00Z,1.05193,1.05193,1.05179,1.05192,41256.08332962
Kraken:EURUSD,2022-06-29T12:18:00Z,1.05192,1.05195,1.05178,1.05185,3514.44645185
Kraken:EURUSD,2022-06-29T12:19:00Z,1.05177,1.05191,1.05174,1.05189,32058.45959123
Kraken:EURUSD,2022-06-29T12:20:00Z,1.05187,1.05187,1.05186,1.05186,56.60955413
Kraken:EURUSD,2022-06-29T12:21:00Z,1.05187,1.05204,1.05169,1.05169,2981.97662954
Kraken:EURUSD,2022-06-29T12:22:00Z,1.0519,1.0519,1.0517,1.05171,7174.45202174
Kraken:EURUSD,2022-06-29T12:23:00Z,1.05171,1.05177,1.05133,1.05133,3561.53361225
Kraken:EURUSD,2022-06-29T12:24:00Z,1.05128,1.05149,1.05128,1.05138,338.53089987
Kraken:EURUSD,2022-06-29T12:25:00Z,1.05124,1.0517,1.05124,1.05165,11891.79976616
Kraken:EURUSD,2022-06-29T12:26:00Z,1.05162,1.05181,1.05162,1.05172,3058.49638219
Kraken:EURUSD,2022-06-29T12:27:00Z,1.05181,1.05181,1.05164,1.05167,6752.29102273
Kraken:EURUSD,2022-06-29T12:28:00Z,1.05167,1.05187,1.05162,1.05162,6868.60180746
Kraken:EURUSD,2022-06-29T12:29:00Z,1.05158,1.05197,1.05151,1.05197,13728.23735481
Kraken:EURUSD,2022-06-29T12:30:00Z,1.05197,1.05197,1.05141,1.05179,7165.0570131
Kraken:EURUSD,2022-06-29T12:31:00Z,1.05194,1.0523,1.05193,1.052,68891.26343907
Kraken:EURUSD,2022-06-29T12:32:00Z,1.052,1.05222,1.05193,1.05215,4238.52159544
Kraken:EURUSD,2022-06-29T12:33:00Z,1.05223,1.05227,1.05206,1.05208,24506.56003046
Kraken:EURUSD,2022-06-29T12:34:00Z,1.05209,1.05243,1.052,1.05226,22179.6013617
Kraken:EURUSD,2022-06-29T12:35:00Z,1.05202,1.05224,1.05201,1.05209,1876.44879761
Kraken:EURUSD,2022-06-29T12:36:00Z,1.0521,1.05221,1.05193,1.05194,1360.11112247
Kraken:EURUSD,2022-06-29T12:37:00Z,1.05219,1.05219,1.05196,1.05202,790.82442538
Kraken:EURUSD,2022-06-29T12:38:00Z,1.05221,1.05225,1.05195,1.05195,2236.02267559
Kraken:EURUSD,2022-06-29T12:39:00Z,1.05196,1.05221,1.05193,1.05193,11612.05422068
Kraken:EURUSD,2022-06-29T12:40:00Z,1.05218,1.05219,1.05196,1.05217,1694.41461589
Kraken:EURUSD,2022-06-29T12:41:00Z,1.05194,1.05242,1.05194,1.05242,10941.66531618
Kraken:EURUSD,2022-06-29T12:42:00Z,1.05242,1.05256,1.05242,1.05248,2856.66444457
Kraken:EURUSD,2022-06-29T12:43:00Z,1.05249,1.05249,1.05232,1.05232,7201.86600883
Kraken:EURUSD,2022-06-29T12:44:00Z,1.05235,1.05261,1.05232,1.05261,3729.67683132
Kraken:EURUSD,2022-06-29T12:45:00Z,1.05233,1.05251,1.05233,1.05237,2672.50382174
Kraken:EURUSD,2022-06-29T12:46:00Z,1.05261,1.05261,1.05238,1.05249,2277.54134959
Kraken:EURUSD,2022-06-29T12:47:00Z,1.05262,1.05281,1.05248,1.05281,11805.55843149
Kraken:EURUSD,2022-06-29T12:48:00Z,1.05293,1.05293,1.05265,1.0528,7061.11326335
Kraken:EURUSD,2022-06-29T12:49:00Z,1.05273,1.05279,1.05273,1.05279,152.22799693
Kraken:EURUSD,2022-06-29T12:50:00Z,1.05284,1.05301,1.05273,1.0528,40659.47815219
Kraken:EURUSD,2022-06-29T12:51:00Z,1.05296,1.05316,1.05296,1.05314,2641.76681227
Kraken:EURUSD,2022-06-29T12:52:00Z,1.05337,1.05343,1.05337,1.05343,2E+3
Kraken:EURUSD,2022-06-29T12:53:00Z,1.05323,1.05329,1.05323,1.05329,1055.65019989
Kraken:EURUSD,2022-06-29T12:54:00Z,1.05328,1.05328,1.05312,1.05312,387.87865798
Kraken:EURUSD,2022-06-29T12:55:00Z,1.05328,1.05328,1.05296,1.05309,124.7686809
Kraken:EURUSD,2022-06-29T12:56:00Z,1.05296,1.05296,1.05272,1.05272,1660.25127288
Kraken:EURUSD,2022-06-29T12:57:00Z,1.05272,1.05286,1.05268,1.05268,1921.91449136
Kraken:EURUSD,2022-06-29T12:58:00Z,1.05274,1.05274,1.05246,1.05258,3612.81519528
Kraken:EURUSD,2022-06-29T12:59:00Z,1.05233,1.05256,1.05227,1.05256,876.72397121
Kraken:EURUSD,2022-06-29T13:00:00Z,1.05268,1.05285,1.05257,1.05266,2554.32088809
Kraken:EURUSD,2022-06-29T13:01:00Z,1.05252,1.05269,1.05242,1.05269,1198.31689108
Kraken:EURUSD,2022-06-29T13:02:00Z,1.0526,1.0526,1.05243,1.05243,584.08429533
Kraken:EURUSD,2022-06-29T13:03:00Z,1.05265,1.05265,1.0526,1.0526,210.4189557
Kraken:EURUSD,2022-06-29T13:04:00Z,1.05253,1.05271,1.05229,1.05241,16525.61805112
Kraken:EURUSD,2022-06-29T13:05:00Z,1.05241,1.05248,1.05241,1.05241,321.95323947
Kraken:EURUSD,2022-06-29T13:06:00Z,1.05242,1.05271,1.05241,1.05271,8139.85385672
Kraken:EURUSD,2022-06-29T13:08:00Z,1.05261,1.05272,1.05261,1.05272,542.12117136
Kraken:EURUSD,2022-06-29T13:09:00Z,1.05265,1.05265,1.05249,1.05249,1094.21280275
Kraken:EURUSD,2022-06-29T13:10:00Z,1.0526,1.0526,1.05227,1.05234,3807.06287103
Kraken:EURUSD,2022-06-29T13:11:00Z,1.05259,1.05279,1.05259,1.05271,6883.44019424
Kraken:EURUSD,2022-06-29T13:12:00Z,1.05263,1.05263,1.0524,1.05258,987.91949722
Kraken:EURUSD,2022-06-29T13:13:00Z,1.05254,1.05254,1.05215,1.0524,3496.95109565
Kraken:EURUSD,2022-06-29T13:14:00Z,1.05223,1.05247,1.05212,1.05212,9794.99466517
Kraken:EURUSD,2022-06-29T13:15:00Z,1.05203,1.05203,1.05169,1.05169,20576.44195609
Kraken:EURUSD,2022-06-29T13:16:00Z,1.05162,1.05162,1.05144,1.05144,12451.90347458
Kraken:EURUSD,2022-06-29T13:17:00Z,1.05145,1.05147,1.05125,1.05126,14548.05034429
Kraken:EURUSD,2022-06-29T13:18:00Z,1.05126,1.05136,1.05124,1.05136,20261.12207017
Kraken:EURUSD,2022-06-29T13:19:00Z,1.05137,1.05181,1.05137,1.05178,26097.50469895
Kraken:EURUSD,2022-06-29T13:20:00Z,1.05177,1.05181,1.05164,1.05181,13224.34507345
Kraken:EURUSD,2022-06-29T13:21:00Z,1.05181,1.05181,1.05137,1.05137,12952.03595157
Kraken:EURUSD,2022-06-29T13:22:00Z,1.05125,1.05125,1.05095,1.05111,20295.21938132
Kraken:EURUSD,2022-06-29T13:23:00Z,1.051,1.051,1.05076,1.05086,12746.20597817
Kraken:EURUSD,2022-06-29T13:24:00Z,1.05086,1.05105,1.05081,1.05094,49764.88080829
Kraken:EURUSD,2022-06-29T13:25:00Z,1.05094,1.05105,1.05077,1.05097,60301.58330689
Kraken:EURUSD,2022-06-29T13:26:00Z,1.05075,1.05075,1.05046,1.05046,3363.60174496
Kraken:EURUSD,2022-06-29T13:27:00Z,1.05045,1.05045,1.0497,1.04976,182160.3356873401
Kraken:EURUSD,2022-06-29T13:28:00Z,1.04978,1.04978,1.04948,1.04949,6392.45296106
Kraken:EURUSD,2022-06-29T13:29:00Z,1.04953,1.04966,1.04949,1.04951,36571.60134593
Kraken:EURUSD,2022-06-29T13:30:00Z,1.04956,1.0498,1.04951,1.04979,16849.31009273
Kraken:EURUSD,2022-06-29T13:31:00Z,1.0497,1.04971,1.04939,1.04939,36908.44194425
Kraken:EURUSD,2022-06-29T13:32:00Z,1.04939,1.04973,1.04915,1.04951,45274.48321345
Kraken:EURUSD,2022-06-29T13:33:00Z,1.04951,1.04957,1.0491,1.0491,36944.25879426
Kraken:EURUSD,2022-06-29T13:34:00Z,1.04904,1.04946,1.04888,1.04934,57316.07510862
Kraken:EURUSD,2022-06-29T13:35:00Z,1.04933,1.0495,1.04933,1.0494,4709.41013015
Kraken:EURUSD,2022-06-29T13:36:00Z,1.04939,1.04939,1.04901,1.04932,8458.40506482
Kraken:EURUSD,2022-06-29T13:37:00Z,1.04932,1.04932,1.04916,1.04922,1290.28866221
Kraken:EURUSD,2022-06-29T13:38:00Z,1.04922,1.04942,1.04922,1.04929,644.18822369
Kraken:EURUSD,2022-06-29T13:39:00Z,1.0493,1.04942,1.04926,1.04933,1422.46956769
Kraken:EURUSD,2022-06-29T13:40:00Z,1.04942,1.04942,1.04921,1.04922,2515.62093921
Kraken:EURUSD,2022-06-29T13:41:00Z,1.0494,1.0494,1.04884,1.04894,4501.56274903
Kraken:EURUSD,2022-06-29T13:42:00Z,1.049,1.04918,1.04889,1.0489,2563.13420593
Kraken:EURUSD,2022-06-29T13:43:00Z,1.0489,1.04907,1.04882,1.04882,4076.14417906
Kraken:EURUSD,2022-06-29T13:44:00Z,1.04889,1.04889,1.0485,1.0485,13590.54781422
Kraken:EURUSD,2022-06-29T13:45:00Z,1.04856,1.04858,1.04856,1.04857,2474.52514871
Kraken:EURUSD,2022-06-29T13:46:00Z,1.04866,1.04897,1.04866,1.04869,2807.5727105
Kraken:EURUSD,2022-06-29T13:47:00Z,1.04852,1.04861,1.04804,1.04804,9048.21636864
Kraken:EURUSD,2022-06-29T13:48:00Z,1.048,1.04846,1.04789,1.04846,4420.52604233
Kraken:EURUSD,2022-06-29T13:49:00Z,1.04846,1.04887,1.04846,1.04847,9942.30784971
Kraken:EURUSD,2022-06-29T13:50:00Z,1.04847,1.04851,1.0483,1.04851,14069.0131424
Kraken:EURUSD,2022-06-29T13:51:00Z,1.04839,1.04841,1.04817,1.04817,18708.32603577
Kraken:EURUSD,2022-06-29T13:52:00Z,1.04837,1.04877,1.04837,1.04876,14595.23284972
Kraken:EURUSD,2022-06-29T13:53:00Z,1.04856,1.04875,1.04856,1.04875,3970.72921616
Kraken:EURUSD,2022-06-29T13:54:00Z,1.04857,1.04858,1.04829,1.04829,1199.40890109
Kraken:EURUSD,2022-06-29T13:55:00Z,1.04836,1.04847,1.04836,1.04847,117.89922573
Kraken:EURUSD,2022-06-29T13:56:00Z,1.04838,1.04853,1.04818,1.04853,6358.88436684
Kraken:EURUSD,2022-06-29T13:57:00Z,1.04853,1.04878,1.04831,1.04868,12684.51880425
Kraken:EURUSD,2022-06-29T13:58:00Z,1.04857,1.04873,1.04851,1.0486,7651.7471852
Kraken:EURUSD,2022-06-29T13:59:00Z,1.04857,1.04857,1.04818,1.04823,11274.66765939
Kraken:EURUSD,2022-06-29T14:00:00Z,1.04828,1.0484,1.04807,1.0482,10698.64900544
Kraken:EURUSD,2022-06-29T14:01:00Z,1.04808,1.04845,1.04805,1.04827,14073.37127185
Kraken:EURUSD,2022-06-29T14:02:00Z,1.04823,1.0488,1.04812,1.04852,31452.90917292
Kraken:EURUSD,2022-06-29T14:03:00Z,1.04853,1.04871,1.0485,1.0485,9095.83315677
Kraken:EURUSD,2022-06-29T14:04:00Z,1.04878,1.04897,1.04867,1.04893,4608.79634449
Kraken:EURUSD,2022-06-29T14:05:00Z,1.04896,1.04928,1.04872,1.04891,27346.49201509
Kraken:EURUSD,2022-06-29T14:06:00Z,1.04871,1.04903,1.0487,1.04884,5272.90544683
Kraken:EURUSD,2022-06-29T14:07:00Z,1.04908,1.04942,1.04891,1.04942,8241.33314296
Kraken:EURUSD,2022-06-29T14:08:00Z,1.04927,1.04938,1.04927,1.04938,222.48326514
Kraken:EURUSD,2022-06-29T14:09:00Z,1.04928,1.04931,1.04926,1.0493,4216.12114119
Kraken:EURUSD,2022-06-29T14:10:00Z,1.04919,1.04927,1.04896,1.04896,6426.99450435
Kraken:EURUSD,2022-06-29T14:11:00Z,1.04914,1.04931,1.04897,1.04931,1679.86384066
Kraken:EURUSD,2022-06-29T14:12:00Z,1.0493,1.0495,1.0491,1.0495,5545.65136329
Kraken:EURUSD,2022-06-29T14:13:00Z,1.04955,1.04955,1.04911,1.04911,202.67726944
Kraken:EURUSD,2022-06-29T14:14:00Z,1.04909,1.0495,1.04909,1.04933,2914.4524087
Kraken:EURUSD,2022-06-29T14:15:00Z,1.04935,1.04937,1.04935,1.04937,1347.69477873
Kraken:EURUSD,2022-06-29T14:16:00Z,1.04937,1.04937,1.04889,1.04889,3535.28983041
Kraken:EURUSD,2022-06-29T14:17:00Z,1.04899,1.049,1.04871,1.04883,1401.84444556
Kraken:EURUSD,2022-06-29T14:18:00Z,1.04882,1.04882,1.0487,1.04874,157.69599459
Kraken:EURUSD,2022-06-29T14:19:00Z,1.0486,1.04881,1.0486,1.04871,4694.32274554
Kraken:EURUSD,2022-06-29T14:20:00Z,1.04853,1.0486,1.04831,1.04831,2373.26442776
Kraken:EURUSD,2022-06-29T14:21:00Z,1.04819,1.0483,1.04807,1.04807,340.69268187
Kraken:EURUSD,2022-06-29T14:22:00Z,1.04805,1.04813,1.04805,1.04813,5175.88865302
Kraken:EURUSD,2022-06-29T14:23:00Z,1.04806,1.04816,1.04797,1.04797,524.14617182
Kraken:EURUSD,2022-06-29T14:24:00Z,1.04815,1.04817,1.04807,1.04807,2008.29883904
Kraken:EURUSD,2022-06-29T14:25:00Z,1.04815,1.04832,1.04807,1.04832,2838.01325594
Kraken:EURUSD,2022-06-29T14:26:00Z,1.04808,1.04811,1.0479,1.04811,1078.74536024
Kraken:EURUSD,2022-06-29T14:27:00Z,1.0479,1.0481,1.04782,1.04809,5572.77560115
Kraken:EURUSD,2022-06-29T14:28:00Z,1.0481,1.0481,1.04778,1.04804,18014.7291814
Kraken:EURUSD,2022-06-29T14:29:00Z,1.04778,1.0481,1.04773,1.04775,5018.00102578
Kraken:EURUSD,2022-06-29T14:30:00Z,1.04777,1.04777,1.04774,1.04774,204.71582782
Kraken:EURUSD,2022-06-29T14:31:00Z,1.0479,1.04798,1.0479,1.04798,738.46005209
Kraken:EURUSD,2022-06-29T14:32:00Z,1.04788,1.04788,1.04771,1.04771,4014.22198727
Kraken:EURUSD,2022-06-29T14:33:00Z,1.04788,1.04802,1.04754,1.04754,9185.76101743
Kraken:EURUSD,2022-06-29T14:34:00Z,1.04742,1.04742,1.04691,1.04691,19655.08844608
Kraken:EURUSD,2022-06-29T14:35:00Z,1.04716,1.04738,1.04712,1.04738,15303.65037113
Kraken:EURUSD,2022-06-29T14:36:00Z,1.04737,1.04761,1.04737,1.04743,2255.38904708
Kraken:EURUSD,2022-06-29T14:37:00Z,1.04749,1.0476,1.04744,1.04748,14279.80714808
Kraken:EURUSD,2022-06-29T14:38:00Z,1.04742,1.04751,1.04714,1.04719,7991.75614196
Kraken:EURUSD,2022-06-29T14:39:00Z,1.04729,1.0476,1.04729,1.04753,51725.66415214
Kraken:EURUSD,2022-06-29T14:40:00Z,1.04754,1.0476,1.04713,1.0475,25106.54069698
Kraken:EURUSD,2022-06-29T14:41:00Z,1.04759,1.04778,1.04759,1.04778,11331.68322326
Kraken:EURUSD,2022-06-29T14:42:00Z,1.04778,1.04817,1.0477,1.04813,16903.50164809
Kraken:EURUSD,2022-06-29T14:43:00Z,1.04813,1.04813,1.04791,1.04791,1398.34894033
Kraken:EURUSD,2022-06-29T14:44:00Z,1.04783,1.04783,1.04771,1.04771,133.18400885
Kraken:EURUSD,2022-06-29T14:45:00Z,1.04781,1.04789,1.04777,1.04777,124.52571117
Kraken:EURUSD,2022-06-29T14:46:00Z,1.04777,1.04789,1.04777,1.04789,835.99485362
Kraken:EURUSD,2022-06-29T14:47:00Z,1.04802,1.04855,1.04802,1.04843,80613.58563589
Kraken:EURUSD,2022-06-29T14:48:00Z,1.04846,1.0486,1.04814,1.04836,247577.9797024797
Kraken:EURUSD,2022-06-29T14:49:00Z,1.04836,1.0486,1.04836,1.04849,25839.68801424
Kraken:EURUSD,2022-06-29T14:50:00Z,1.04851,1.04909,1.04851,1.04879,50424.7353277
Kraken:EURUSD,2022-06-29T14:51:00Z,1.04868,1.04868,1.04852,1.04853,1922.07392384
Kraken:EURUSD,2022-06-29T14:52:00Z,1.0485,1.04859,1.04839,1.04859,22315.18536399
Kraken:EURUSD,2022-06-29T14:53:00Z,1.04856,1.04856,1.04822,1.04822,14195.41194885
Kraken:EURUSD,2022-06-29T14:54:00Z,1.04834,1.04835,1.04818,1.04818,645.74496277
Kraken:EURUSD,2022-06-29T14:55:00Z,1.04833,1.04838,1.04833,1.04838,2131.59458522
Kraken:EURUSD,2022-06-29T14:56:00Z,1.04834,1.04853,1.04816,1.04853,15807.09732129
Kraken:EURUSD,2022-06-29T14:57:00Z,1.04839,1.04861,1.04819,1.04856,17514.08522315
Kraken:EURUSD,2022-06-29T14:58:00Z,1.04874,1.04875,1.04854,1.04854,954.97170213
Kraken:EURUSD,2022-06-29T14:59:00Z,1.04842,1.04843,1.04842,1.04843,139.3365
Kraken:EURUSD,2022-06-29T15:00:00Z,1.04842,1.04843,1.04842,1.04842,3562.60068443
Kraken:EURUSD,2022-06-29T15:01:00Z,1.04842,1.0485,1.04841,1.0485,2740.36050125
Kraken:EURUSD,2022-06-29T15:02:00Z,1.04854,1.04861,1.04853,1.0486,5018.87163496
Kraken:EURUSD,2022-06-29T15:03:00Z,1.04844,1.04848,1.04793,1.04793,8378.10486828
Kraken:EURUSD,2022-06-29T15:04:00Z,1.04815,1.04815,1.048,1.048,2505.70499345
Kraken:EURUSD,2022-06-29T15:05:00Z,1.04798,1.04801,1.04798,1.04801,592.79318537
Kraken:EURUSD,2022-06-29T15:06:00Z,1.04796,1.04819,1.04795,1.04819,6985.68947848
Kraken:EURUSD,2022-06-29T15:07:00Z,1.04799,1.04832,1.04798,1.04832,3452.11192975
Kraken:EURUSD,2022-06-29T15:08:00Z,1.04816,1.04834,1.04816,1.04826,2672.55357578
Kraken:EURUSD,2022-06-29T15:09:00Z,1.04849,1.04852,1.04849,1.04852,3896.62716807
Kraken:EURUSD,2022-06-29T15:10:00Z,1.04832,1.04835,1.04805,1.04805,2795.14164499
Kraken:EURUSD,2022-06-29T15:11:00Z,1.04804,1.04814,1.04782,1.04814,567.66127695
Kraken:EURUSD,2022-06-29T15:12:00Z,1.04814,1.04837,1.048,1.04837,767.41424413
Kraken:EURUSD,2022-06-29T15:13:00Z,1.04837,1.04837,1.04824,1.04835,317.15372852
Kraken:EURUSD,2022-06-29T15:14:00Z,1.04837,1.04839,1.04837,1.04839,2457.03981671
Kraken:EURUSD,2022-06-29T15:15:00Z,1.0483,1.04843,1.0483,1.04832,31205.25777149
Kraken:EURUSD,2022-06-29T15:16:00Z,1.04833,1.04848,1.04832,1.04848,2183.3007882
Kraken:EURUSD,2022-06-29T15:17:00Z,1.04836,1.04842,1.04825,1.04825,476.15367611
Kraken:EURUSD,2022-06-29T15:18:00Z,1.04825,1.0483,1.04804,1.04805,5427.65760534
Kraken:EURUSD,2022-06-29T15:19:00Z,1.04821,1.04821,1.04801,1.04801,94.95665092
Kraken:EURUSD,2022-06-29T15:20:00Z,1.04806,1.04807,1.04782,1.04791,855.11148393
Kraken:EURUSD,2022-06-29T15:21:00Z,1.04778,1.04781,1.04773,1.04773,1315.33390544
Kraken:EURUSD,2022-06-29T15:22:00Z,1.04758,1.04758,1.0474,1.0474,441.30536865
Kraken:EURUSD,2022-06-29T15:23:00Z,1.04753,1.04765,1.04742,1.04764,2716.36613116
Kraken:EURUSD,2022-06-29T15:24:00Z,1.04751,1.04751,1.04742,1.04743,1391.36131776
Kraken:EURUSD,2022-06-29T15:25:00Z,1.04765,1.04765,1.04735,1.04755,2085.2065548
Kraken:EURUSD,2022-06-29T15:26:00Z,1.04737,1.04746,1.04737,1.04746,428.93550053
Kraken:EURUSD,2022-06-29T15:27:00Z,1.04734,1.04747,1.04734,1.04747,472.87968374
Kraken:EURUSD,2022-06-29T15:28:00Z,1.04729,1.04729,1.04728,1.04728,1999.88959307
Kraken:EURUSD,2022-06-29T15:29:00Z,1.0475,1.04772,1.0475,1.04752,2768.06054434
Kraken:EURUSD,2022-06-29T15:30:00Z,1.04769,1.0477,1.04748,1.04763,4251.61718294
Kraken:EURUSD,2022-06-29T15:31:00Z,1.04762,1.04762,1.04744,1.04753,576.01428781
Kraken:EURUSD,2022-06-29T15:32:00Z,1.04752,1.04768,1.04742,1.04754,7384.03477474
Kraken:EURUSD,2022-06-29T15:33:00Z,1.04765,1.04781,1.04765,1.04765,7704.87068165
Kraken:EURUSD,2022-06-29T15:34:00Z,1.04768,1.04784,1.0476,1.04784,2082.08407492
Kraken:EURUSD,2022-06-29T15:35:00Z,1.04784,1.04784,1.04777,1.04779,427.14942466
Kraken:EURUSD,2022-06-29T15:36:00Z,1.04784,1.04791,1.04769,1.04784,10907.13011604
Kraken:EURUSD,2022-06-29T15:37:00Z,1.04761,1.04785,1.04761,1.04785,93.01295508
Kraken:EURUSD,2022-06-29T15:38:00Z,1.04787,1.04792,1.04773,1.04779,5959.00957318
Kraken:EURUSD,2022-06-29T15:39:00Z,1.04761,1.04761,1.0476,1.0476,1834.0195
Kraken:EURUSD,2022-06-29T15:40:00Z,1.0476,1.04775,1.04752,1.04773,2643.47024196
Kraken:EURUSD,2022-06-29T15:41:00Z,1.04772,1.04782,1.04772,1.04778,1084.48896358
Kraken:EURUSD,2022-06-29T15:42:00Z,1.04762,1.04778,1.04743,1.04743,11296.62436896
Kraken:EURUSD,2022-06-29T15:43:00Z,1.0476,1.04761,1.04732,1.04742,10936.54528179
Kraken:EURUSD,2022-06-29T15:44:00Z,1.04748,1.04752,1.04735,1.04735,1424.29104211
Kraken:EURUSD,2022-06-29T15:45:00Z,1.04752,1.04756,1.04747,1.04756,2946.34374416
Kraken:EURUSD,2022-06-29T15:46:00Z,1.04777,1.04778,1.04755,1.04778,10844.98690836
Kraken:EURUSD,2022-06-29T15:47:00Z,1.04768,1.04802,1.04745,1.04747,32144.14876631
Kraken:EURUSD,2022-06-29T15:48:00Z,1.04747,1.04747,1.04733,1.04743,18511.81746606
Kraken:EURUSD,2022-06-29T15:49:00Z,1.0473,1.0473,1.0473,1.0473,75.01104899
Kraken:EURUSD,2022-06-29T15:50:00Z,1.04748,1.04748,1.04701,1.04722,1205.25029846
Kraken:EURUSD,2022-06-29T15:51:00Z,1.047,1.04717,1.04699,1.04717,4487.72738015
Kraken:EURUSD,2022-06-29T15:52:00Z,1.04705,1.04705,1.04705,1.04705,4999.99998611
Kraken:EURUSD,2022-06-29T15:53:00Z,1.04724,1.04724,1.04709,1.04709,1449.2031586
Kraken:EURUSD,2022-06-29T15:54:00Z,1.04709,1.04742,1.04709,1.04742,1186.65669621
Kraken:EURUSD,2022-06-29T15:55:00Z,1.04725,1.04725,1.04705,1.0472,753.5636361
Kraken:EURUSD,2022-06-29T15:56:00Z,1.04726,1.04751,1.04726,1.04751,247.88049873
Kraken:EURUSD,2022-06-29T15:57:00Z,1.04758,1.04765,1.0475,1.04765,400.72826245
Kraken:EURUSD,2022-06-29T15:58:00Z,1.04755,1.04768,1.04755,1.04759,784.55119144
Kraken:EURUSD,2022-06-29T15:59:00Z,1.0477,1.04815,1.0477,1.04815,19924.47496563
Kraken:EURUSD,2022-06-29T16:00:00Z,1.04779,1.04787,1.04761,1.04761,12707.20945082
Kraken:EURUSD,2022-06-29T16:01:00Z,1.04762,1.04778,1.04758,1.04773,3432.24898343
Kraken:EURUSD,2022-06-29T16:02:00Z,1.04768,1.04785,1.04763,1.04763,302.3956107
Kraken:EURUSD,2022-06-29T16:03:00Z,1.04778,1.04778,1.04755,1.04778,9928.11226732
Kraken:EURUSD,2022-06-29T16:04:00Z,1.04765,1.04772,1.04765,1.04772,109.23571154
Kraken:EURUSD,2022-06-29T16:05:00Z,1.0477,1.0477,1.04752,1.04764,5133.96166368
Kraken:EURUSD,2022-06-29T16:06:00Z,1.04765,1.04793,1.04746,1.04772,21158.755359
Kraken:EURUSD,2022-06-29T16:07:00Z,1.04766,1.04766,1.04759,1.04759,982.43074806
Kraken:EURUSD,2022-06-29T16:08:00Z,1.04742,1.04749,1.04742,1.04749,695.20089337
Kraken:EURUSD,2022-06-29T16:09:00Z,1.04737,1.04737,1.04726,1.04732,10252.72266557
Kraken:EURUSD,2022-06-29T16:10:00Z,1.04737,1.04749,1.04737,1.04738,4205.16378077
Kraken:EURUSD,2022-06-29T16:11:00Z,1.04759,1.04765,1.04745,1.04764,10676.39894438
Kraken:EURUSD,2022-06-29T16:12:00Z,1.0477,1.0477,1.04749,1.04759,6390.80070616
Kraken:EURUSD,2022-06-29T16:13:00Z,1.04736,1.04757,1.04736,1.04752,4521.52253494
Kraken:EURUSD,2022-06-29T16:14:00Z,1.04752,1.04752,1.04725,1.04725,1742.23125345
Kraken:EURUSD,2022-06-29T16:15:00Z,1.0474,1.0474,1.04729,1.04735,3347.08262586
Kraken:EURUSD,2022-06-29T16:16:00Z,1.04722,1.04743,1.04713,1.04743,3384.01680437
Kraken:EURUSD,2022-06-29T16:17:00Z,1.04737,1.04737,1.04737,1.04737,13.5974
Kraken:EURUSD,2022-06-29T16:18:00Z,1.0474,1.0474,1.04707,1.04707,8289.45299342
Kraken:EURUSD,2022-06-29T16:19:00Z,1.04727,1.04728,1.04725,1.04725,1763.66302085
Kraken:EURUSD,2022-06-29T16:20:00Z,1.04718,1.04743,1.04718,1.04743,5049.815218
Kraken:EURUSD,2022-06-29T16:21:00Z,1.04756,1.04758,1.04739,1.04739,222.48920564
Kraken:EURUSD,2022-06-29T16:22:00Z,1.04734,1.0474,1.04717,1.04731,5127.92880155
Kraken:EURUSD,2022-06-29T16:23:00Z,1.04712,1.04731,1.04707,1.0472,4521.39745468
Kraken:EURUSD,2022-06-29T16:24:00Z,1.04706,1.04721,1.04702,1.04721,5009.56965179
Kraken:EURUSD,2022-06-29T16:25:00Z,1.0472,1.04721,1.04703,1.04706,2213.59662809
Kraken:EURUSD,2022-06-29T16:26:00Z,1.04706,1.04729,1.04706,1.04717,1878.78391193
Kraken:EURUSD,2022-06-29T16:27:00Z,1.04703,1.04712,1.04693,1.04695,1758.72636134
Kraken:EURUSD,2022-06-29T16:28:00Z,1.04697,1.04704,1.04681,1.04681,5008.6934604
Kraken:EURUSD,2022-06-29T16:29:00Z,1.04681,1.04681,1.04644,1.04668,9618.4316046
Kraken:EURUSD,2022-06-29T16:30:00Z,1.04652,1.04665,1.04621,1.04634,2351.98307759
Kraken:EURUSD,2022-06-29T16:31:00Z,1.04634,1.04634,1.04608,1.04608,1839.44861873
Kraken:EURUSD,2022-06-29T16:32:00Z,1.04623,1.04623,1.046,1.04601,4805.06295005
Kraken:EURUSD,2022-06-29T16:33:00Z,1.04601,1.04617,1.04595,1.04604,12121.63054543
Kraken:EURUSD,2022-06-29T16:34:00Z,1.04593,1.04605,1.04557,1.04605,70571.31579126
Kraken:EURUSD,2022-06-29T16:35:00Z,1.04602,1.04657,1.04593,1.04593,45321.57509351
Kraken:EURUSD,2022-06-29T16:36:00Z,1.04595,1.0462,1.04595,1.04598,8983.45681549
Kraken:EURUSD,2022-06-29T16:37:00Z,1.04606,1.04607,1.04597,1.04607,1328.83655173
Kraken:EURUSD,2022-06-29T16:38:00Z,1.04607,1.04607,1.04592,1.04592,742.10403346
Kraken:EURUSD,2022-06-29T16:39:00Z,1.04591,1.04606,1.04577,1.04602,2260.46900918
Kraken:EURUSD,2022-06-29T16:40:00Z,1.04595,1.04595,1.04549,1.04549,2021.25456306
Kraken:EURUSD,2022-06-29T16:41:00Z,1.04568,1.04569,1.04551,1.04564,280.07909516
Kraken:EURUSD,2022-06-29T16:42:00Z,1.04564,1.04564,1.04563,1.04563,270.97466694
Kraken:EURUSD,2022-06-29T16:43:00Z,1.04566,1.04567,1.04542,1.0456,2719.23752325
Kraken:EURUSD,2022-06-29T16:44:00Z,1.0456,1.04569,1.04547,1.04559,3920.35295968
Kraken:EURUSD,2022-06-29T16:45:00Z,1.04559,1.04565,1.04558,1.04565,966.16269294
Kraken:EURUSD,2022-06-29T16:46:00Z,1.04553,1.04565,1.04545,1.04563,2836.68383692
Kraken:EURUSD,2022-06-29T16:47:00Z,1.0455,1.04564,1.04539,1.04539,4239.03384733
Kraken:EURUSD,2022-06-29T16:48:00Z,1.04539,1.04539,1.04534,1.04534,1161.45692406
Kraken:EURUSD,2022-06-29T16:49:00Z,1.04548,1.04564,1.04543,1.04564,6279.57525089
Kraken:EURUSD,2022-06-29T16:50:00Z,1.04545,1.04564,1.04544,1.04563,268.63320553
Kraken:EURUSD,2022-06-29T16:51:00Z,1.04554,1.04565,1.04541,1.04541,6825.22359667
Kraken:EURUSD,2022-06-29T16:52:00Z,1.04554,1.04554,1.04534,1.04536,1024.89013967
Kraken:EURUSD,2022-06-29T16:53:00Z,1.04547,1.0456,1.04537,1.04541,2128.94165184
Kraken:EURUSD,2022-06-29T16:54:00Z,1.04541,1.04548,1.04529,1.04548,1784.4414686
Kraken:EURUSD,2022-06-29T16:55:00Z,1.04541,1.04541,1.04512,1.04532,4691.87658411
Kraken:EURUSD,2022-06-29T16:56:00Z,1.04532,1.04536,1.0453,1.0453,1077.77532774
Kraken:EURUSD,2022-06-29T16:57:00Z,1.04513,1.04536,1.0451,1.04511,14114.1658773
Kraken:EURUSD,2022-06-29T16:58:00Z,1.04493,1.04508,1.04488,1.04488,193.72261499
Kraken:EURUSD,2022-06-29T17:00:00Z,1.04489,1.04502,1.04488,1.04502,347.14723086
Kraken:EURUSD,2022-06-29T17:01:00Z,1.04497,1.0452,1.04489,1.0452,408.22135906
Kraken:EURUSD,2022-06-29T17:02:00Z,1.04536,1.04536,1.04536,1.04536,112.93913462
Kraken:EURUSD,2022-06-29T17:03:00Z,1.04516,1.04534,1.0451,1.0451,593.52408561
Kraken:EURUSD,2022-06-29T17:04:00Z,1.0454,1.04547,1.04527,1.04547,1282.86365094
Kraken:EURUSD,2022-06-29T17:05:00Z,1.04546,1.04554,1.04532,1.04532,348.07227444
Kraken:EURUSD,2022-06-29T17:06:00Z,1.04542,1.04553,1.04541,1.04553,3328.31392854
Kraken:EURUSD,2022-06-29T17:07:00Z,1.0454,1.04541,1.04536,1.0454,4258.78890375
Kraken:EURUSD,2022-06-29T17:08:00Z,1.04549,1.04564,1.04547,1.04547,2567.77931805
Kraken:EURUSD,2022-06-29T17:09:00Z,1.04547,1.04547,1.04529,1.04529,3562.09299313
Kraken:EURUSD,2022-06-29T17:10:00Z,1.04537,1.04554,1.04518,1.04552,13118.62435453
Kraken:EURUSD,2022-06-29T17:11:00Z,1.04559,1.04559,1.04539,1.04551,2825.44620458
Kraken:EURUSD,2022-06-29T17:12:00Z,1.04548,1.04556,1.04527,1.04535,9944.57265983
Kraken:EURUSD,2022-06-29T17:13:00Z,1.04539,1.04565,1.04539,1.04547,10689.68839744
Kraken:EURUSD,2022-06-29T17:14:00Z,1.04547,1.04557,1.04538,1.0454,5125.36158644
Kraken:EURUSD,2022-06-29T17:15:00Z,1.04543,1.04543,1.04513,1.04513,8465.3652903
Kraken:EURUSD,2022-06-29T17:16:00Z,1.04529,1.04532,1.04514,1.04532,1111.81626347
Kraken:EURUSD,2022-06-29T17:17:00Z,1.04513,1.0455,1.04502,1.04543,14862.89597573
Kraken:EURUSD,2022-06-29T17:18:00Z,1.04538,1.04546,1.04517,1.04546,13261.56910465
Kraken:EURUSD,2022-06-29T17:19:00Z,1.0455,1.04562,1.0455,1.04554,6724.46392934
Kraken:EURUSD,2022-06-29T17:20:00Z,1.04554,1.04554,1.04534,1.04553,591.64457955
Kraken:EURUSD,2022-06-29T17:21:00Z,1.04541,1.04541,1.04519,1.0452,2426.69568665
Kraken:EURUSD,2022-06-29T17:22:00Z,1.04538,1.04539,1.04517,1.04539,749.70747816
Kraken:EURUSD,2022-06-29T17:23:00Z,1.04534,1.04535,1.04534,1.04534,1319.54556182
Kraken:EURUSD,2022-06-29T17:24:00Z,1.04534,1.04534,1.04514,1.04515,1342.93738669
Kraken:EURUSD,2022-06-29T17:25:00Z,1.04533,1.04533,1.04518,1.04518,32.34500109
Kraken:EURUSD,2022-06-29T17:27:00Z,1.04523,1.04524,1.0451,1.0451,1346.38430675
Kraken:EURUSD,2022-06-29T17:28:00Z,1.04513,1.04522,1.04506,1.04521,2159.65306609
Kraken:EURUSD,2022-06-29T17:29:00Z,1.04516,1.04542,1.04516,1.04542,7777.22075213
Kraken:EURUSD,2022-06-29T17:30:00Z,1.04541,1.04541,1.04519,1.04531,1346.90933447
Kraken:EURUSD,2022-06-29T17:31:00Z,1.0453,1.0453,1.04522,1.04522,425.32947328
Kraken:EURUSD,2022-06-29T17:32:00Z,1.04503,1.04503,1.04489,1.04489,139.29288
Kraken:EURUSD,2022-06-29T17:33:00Z,1.04503,1.04511,1.0449,1.04504,4139.23465211
Kraken:EURUSD,2022-06-29T17:34:00Z,1.04503,1.0451,1.04503,1.0451,316.57941382
Kraken:EURUSD,2022-06-29T17:35:00Z,1.04492,1.04511,1.04488,1.04488,4572.31073211
Kraken:EURUSD,2022-06-29T17:36:00Z,1.04487,1.04494,1.04487,1.04487,9222.98356973
Kraken:EURUSD,2022-06-29T17:37:00Z,1.04489,1.04497,1.04488,1.04497,1227.83041335
Kraken:EURUSD,2022-06-29T17:38:00Z,1.04492,1.04504,1.04492,1.04504,6326.71160457
Kraken:EURUSD,2022-06-29T17:39:00Z,1.04504,1.0451,1.04493,1.04503,7299.11723662
Kraken:EURUSD,2022-06-29T17:40:00Z,1.0451,1.0451,1.04498,1.04508,5444.12732299
Kraken:EURUSD,2022-06-29T17:41:00Z,1.04506,1.04521,1.04506,1.0452,3899.96379366
Kraken:EURUSD,2022-06-29T17:42:00Z,1.0452,1.04522,1.04506,1.04506,3695.21979816
Kraken:EURUSD,2022-06-29T17:43:00Z,1.04512,1.04512,1.04498,1.04498,745.96598233
Kraken:EURUSD,2022-06-29T17:44:00Z,1.04515,1.04516,1.04515,1.04516,230.90072089
Kraken:EURUSD,2022-06-29T17:45:00Z,1.04514,1.04514,1.04514,1.04514,12.20112444
Kraken:EURUSD,2022-06-29T17:46:00Z,1.04514,1.04514,1.04513,1.04514,4529.63354407
Kraken:EURUSD,2022-06-29T17:47:00Z,1.04498,1.04514,1.04493,1.045,16874.20975216
Kraken:EURUSD,2022-06-29T17:48:00Z,1.04515,1.04521,1.045,1.0452,2610.58290946
Kraken:EURUSD,2022-06-29T17:49:00Z,1.04519,1.04535,1.04506,1.04535,1254.06002378
Kraken:EURUSD,2022-06-29T17:50:00Z,1.04535,1.04549,1.04523,1.04542,7306.6492282
Kraken:EURUSD,2022-06-29T17:51:00Z,1.04533,1.04554,1.04531,1.04554,4201.75922178
Kraken:EURUSD,2022-06-29T17:52:00Z,1.04554,1.04561,1.04496,1.04561,26638.94990409
Kraken:EURUSD,2022-06-29T17:53:00Z,1.04548,1.04548,1.04544,1.04544,1186.36143174
Kraken:EURUSD,2022-06-29T17:54:00Z,1.04534,1.04534,1.04515,1.04529,8107.69261895
Kraken:EURUSD,2022-06-29T17:55:00Z,1.04525,1.04533,1.04515,1.04515,271.17915591
Kraken:EURUSD,2022-06-29T17:56:00Z,1.04517,1.04533,1.04517,1.04533,900.40166577
Kraken:EURUSD,2022-06-29T17:57:00Z,1.04532,1.0454,1.04521,1.04535,612.49398185
Kraken:EURUSD,2022-06-29T17:58:00Z,1.04522,1.04536,1.04518,1.04535,4042.31644628
Kraken:EURUSD,2022-06-29T17:59:00Z,1.04547,1.04549,1.04547,1.04549,11713.88623689
Kraken:EURUSD,2022-06-29T18:00:00Z,1.04539,1.04543,1.04516,1.04543,1359.21727006
Kraken:EURUSD,2022-06-29T18:01:00Z,1.04543,1.04556,1.04543,1.04544,3267.73746657
Kraken:EURUSD,2022-06-29T18:02:00Z,1.04544,1.04562,1.04535,1.04562,6103.2198951
Kraken:EURUSD,2022-06-29T18:03:00Z,1.04563,1.04573,1.04542,1.04566,14774.69396807
Kraken:EURUSD,2022-06-29T18:04:00Z,1.04565,1.04573,1.04551,1.04571,4604.29397239
Kraken:EURUSD,2022-06-29T18:05:00Z,1.0458,1.0458,1.04559,1.04575,61.0821185
Kraken:EURUSD,2022-06-29T18:06:00Z,1.04576,1.04576,1.04547,1.04547,1193.23394443
Kraken:EURUSD,2022-06-29T18:07:00Z,1.04564,1.04564,1.04519,1.04523,9579.75532023
Kraken:EURUSD,2022-06-29T18:08:00Z,1.04518,1.04518,1.0451,1.0451,94315.1299477199
Kraken:EURUSD,2022-06-29T18:09:00Z,1.04511,1.04511,1.04489,1.04489,74061.85940653
Kraken:EURUSD,2022-06-29T18:10:00Z,1.04489,1.04506,1.04489,1.04506,3511.10872591
Kraken:EURUSD,2022-06-29T18:11:00Z,1.04489,1.0452,1.04489,1.04501,28819.64374628
Kraken:EURUSD,2022-06-29T18:12:00Z,1.04499,1.04501,1.0449,1.045,596.23928448
Kraken:EURUSD,2022-06-29T18:13:00Z,1.04493,1.04498,1.04487,1.04487,17598.24906796
Kraken:EURUSD,2022-06-29T18:14:00Z,1.04487,1.04487,1.04475,1.04475,32286.04423425
Kraken:EURUSD,2022-06-29T18:15:00Z,1.0448,1.04485,1.0448,1.04485,124.18034153
Kraken:EURUSD,2022-06-29T18:16:00Z,1.04488,1.04488,1.04465,1.04465,4701.99112424
Kraken:EURUSD,2022-06-29T18:17:00Z,1.04472,1.04487,1.04471,1.0448,3195.03939188
Kraken:EURUSD,2022-06-29T18:18:00Z,1.0448,1.0448,1.0448,1.0448,22.00682059
Kraken:EURUSD,2022-06-29T18:19:00Z,1.04479,1.04479,1.04478,1.04479,1065.63817231
Kraken:EURUSD,2022-06-29T18:20:00Z,1.04467,1.04467,1.04466,1.04466,30.76198071
Kraken:EURUSD,2022-06-29T18:21:00Z,1.04472,1.04472,1.04462,1.04462,2300.19328755
Kraken:EURUSD,2022-06-29T18:22:00Z,1.04477,1.0448,1.04467,1.04467,594.93955688
Kraken:EURUSD,2022-06-29T18:23:00Z,1.04467,1.04471,1.04467,1.04471,1475.0573856
Kraken:EURUSD,2022-06-29T18:24:00Z,1.04467,1.0448,1.04467,1.0448,10021.19066917
Kraken:EURUSD,2022-06-29T18:25:00Z,1.0447,1.0448,1.04468,1.04475,2603.79069166
Kraken:EURUSD,2022-06-29T18:26:00Z,1.04475,1.04475,1.04462,1.04475,4494.55880127
Kraken:EURUSD,2022-06-29T18:27:00Z,1.04474,1.04486,1.04462,1.04486,11048.54812609
Kraken:EURUSD,2022-06-29T18:28:00Z,1.04486,1.04492,1.0447,1.04473,7260.09381948
Kraken:EURUSD,2022-06-29T18:29:00Z,1.04486,1.04486,1.04461,1.04461,1210.93157628
Kraken:EURUSD,2022-06-29T18:30:00Z,1.0447,1.0447,1.04451,1.04461,3732.61817603
Kraken:EURUSD,2022-06-29T18:31:00Z,1.04454,1.04454,1.0444,1.0444,1297.46440252
Kraken:EURUSD,2022-06-29T18:32:00Z,1.04454,1.04454,1.04454,1.04454,4954.19536639
Kraken:EURUSD,2022-06-29T18:33:00Z,1.04448,1.0445,1.04448,1.04449,393.73592628
Kraken:EURUSD,2022-06-29T18:34:00Z,1.04449,1.0447,1.04449,1.0447,3929.86316368
Kraken:EURUSD,2022-06-29T18:35:00Z,1.0445,1.04461,1.04449,1.04455,2431.09659095
Kraken:EURUSD,2022-06-29T18:36:00Z,1.0444,1.0444,1.04437,1.04437,5995.18480574
Kraken:EURUSD,2022-06-29T18:37:00Z,1.04449,1.04449,1.04436,1.04436,125.83410958
Kraken:EURUSD,2022-06-29T18:38:00Z,1.04444,1.04444,1.04426,1.04426,4034.09369866
Kraken:EURUSD,2022-06-29T18:39:00Z,1.04426,1.04436,1.04425,1.04425,997.40720067
Kraken:EURUSD,2022-06-29T18:40:00Z,1.04426,1.04431,1.04425,1.04426,1684.79600194
Kraken:EURUSD,2022-06-29T18:41:00Z,1.04426,1.04431,1.04425,1.04425,3252.5135998
Kraken:EURUSD,2022-06-29T18:42:00Z,1.04425,1.04431,1.04425,1.04427,8670.35844585
Kraken:EURUSD,2022-06-29T18:43:00Z,1.04427,1.04445,1.04426,1.04445,3265.52984505
Kraken:EURUSD,2022-06-29T18:44:00Z,1.04431,1.04446,1.04431,1.04446,4009.36481614
Kraken:EURUSD,2022-06-29T18:45:00Z,1.0444,1.04446,1.0444,1.04446,1463.33237612
Kraken:EURUSD,2022-06-29T18:46:00Z,1.04446,1.04447,1.04439,1.04447,9046.62079747
Kraken:EURUSD,2022-06-29T18:47:00Z,1.04447,1.04459,1.04447,1.04447,2473.80991098
Kraken:EURUSD,2022-06-29T18:48:00Z,1.04447,1.04462,1.04447,1.04448,8788.3698712
Kraken:EURUSD,2022-06-29T18:49:00Z,1.04448,1.04448,1.04436,1.04436,2935.76890121
Kraken:EURUSD,2022-06-29T18:50:00Z,1.04436,1.04457,1.04436,1.04447,34727.60786519
Kraken:EURUSD,2022-06-29T18:51:00Z,1.04455,1.04455,1.04436,1.04446,854.37351413
Kraken:EURUSD,2022-06-29T18:52:00Z,1.04446,1.04446,1.04446,1.04446,3792.57439163
Kraken:EURUSD,2022-06-29T18:53:00Z,1.04446,1.04446,1.04446,1.04446,320.47001835
Kraken:EURUSD,2022-06-29T18:54:00Z,1.04453,1.04466,1.04446,1.04466,3818.87751932
Kraken:EURUSD,2022-06-29T18:55:00Z,1.04465,1.04465,1.04454,1.04454,24998.83117859
Kraken:EURUSD,2022-06-29T18:56:00Z,1.04435,1.04435,1.04435,1.04435,315.5155686
Kraken:EURUSD,2022-06-29T18:57:00Z,1.04435,1.04448,1.04435,1.04441,3224.1390308
Kraken:EURUSD,2022-06-29T18:58:00Z,1.04439,1.04448,1.04429,1.04446,17181.87212115
Kraken:EURUSD,2022-06-29T18:59:00Z,1.04431,1.04431,1.04425,1.04425,88.16614757
Kraken:EURUSD,2022-06-29T19:00:00Z,1.04425,1.04435,1.04418,1.04435,2874.95296368
Kraken:EURUSD,2022-06-29T19:01:00Z,1.04417,1.04417,1.04395,1.04398,1639.53812418
Kraken:EURUSD,2022-06-29T19:02:00Z,1.04407,1.04408,1.04394,1.04394,4536.98421471
Kraken:EURUSD,2022-06-29T19:03:00Z,1.04391,1.04391,1.04382,1.04382,71.90458357
Kraken:EURUSD,2022-06-29T19:04:00Z,1.0438,1.0438,1.04357,1.04357,41328.50678621
Kraken:EURUSD,2022-06-29T19:05:00Z,1.04375,1.0438,1.04366,1.04366,213.12639596
Kraken:EURUSD,2022-06-29T19:06:00Z,1.04367,1.04367,1.04366,1.04366,1243.22072507
Kraken:EURUSD,2022-06-29T19:07:00Z,1.04379,1.04379,1.04366,1.04366,10321.07332682
Kraken:EURUSD,2022-06-29T19:08:00Z,1.04366,1.04379,1.04366,1.04379,4551.84155373
Kraken:EURUSD,2022-06-29T19:09:00Z,1.0438,1.04388,1.04377,1.04387,2723.48700132
Kraken:EURUSD,2022-06-29T19:10:00Z,1.04387,1.04397,1.04387,1.04397,594.98921054
Kraken:EURUSD,2022-06-29T19:11:00Z,1.04387,1.04405,1.04387,1.04389,949.11456966
Kraken:EURUSD,2022-06-29T19:12:00Z,1.04405,1.04405,1.0439,1.0439,284.34991529
Kraken:EURUSD,2022-06-29T19:13:00Z,1.04391,1.04406,1.04391,1.04406,247.70863233
Kraken:EURUSD,2022-06-29T19:14:00Z,1.044,1.04415,1.04399,1.04414,3354.0194652
Kraken:EURUSD,2022-06-29T19:15:00Z,1.044,1.044,1.044,1.044,134.0124534
Kraken:EURUSD,2022-06-29T19:16:00Z,1.04391,1.04407,1.04391,1.04407,594.78718089
Kraken:EURUSD,2022-06-29T19:17:00Z,1.04389,1.04407,1.04388,1.04407,364.71100238
Kraken:EURUSD,2022-06-29T19:18:00Z,1.04413,1.04436,1.04413,1.04421,1938.81722773
Kraken:EURUSD,2022-06-29T19:19:00Z,1.04422,1.04439,1.04421,1.04424,6328.08967637
Kraken:EURUSD,2022-06-29T19:20:00Z,1.04431,1.04432,1.04417,1.04425,1618.39526944
Kraken:EURUSD,2022-06-29T19:21:00Z,1.04416,1.04427,1.04416,1.04416,3100.02737915
Kraken:EURUSD,2022-06-29T19:22:00Z,1.04422,1.04428,1.04417,1.04427,3116.94989642
Kraken:EURUSD,2022-06-29T19:23:00Z,1.0442,1.0442,1.0442,1.0442,9.7775
Kraken:EURUSD,2022-06-29T19:24:00Z,1.04415,1.04433,1.04415,1.04433,2074.80440904
Kraken:EURUSD,2022-06-29T19:25:00Z,1.04417,1.04417,1.04416,1.04416,203.30853561
Kraken:EURUSD,2022-06-29T19:26:00Z,1.04417,1.04434,1.04416,1.04416,5167.356122
Kraken:EURUSD,2022-06-29T19:27:00Z,1.04417,1.04433,1.04416,1.04429,6548.69417395
Kraken:EURUSD,2022-06-29T19:28:00Z,1.04416,1.04416,1.04416,1.04416,225.71218314
Kraken:EURUSD,2022-06-29T19:29:00Z,1.04422,1.04443,1.04421,1.04427,1392.56575306
Kraken:EURUSD,2022-06-29T19:30:00Z,1.04432,1.04448,1.04431,1.04448,245.5175466
Kraken:EURUSD,2022-06-29T19:31:00Z,1.04438,1.0445,1.04438,1.0445,2716.09055343
Kraken:EURUSD,2022-06-29T19:32:00Z,1.04449,1.0446,1.04449,1.04449,346.41755527
Kraken:EURUSD,2022-06-29T19:33:00Z,1.0444,1.04442,1.0444,1.0444,678.44678214
Kraken:EURUSD,2022-06-29T19:34:00Z,1.04441,1.04441,1.04441,1.04441,9.9368
Kraken:EURUSD,2022-06-29T19:35:00Z,1.04442,1.04442,1.04442,1.04442,23.6069315
Kraken:EURUSD,2022-06-29T19:36:00Z,1.04447,1.0451,1.04427,1.04441,64008.6944385
Kraken:EURUSD,2022-06-29T19:37:00Z,1.04441,1.04452,1.04432,1.04452,293.56496892
Kraken:EURUSD,2022-06-29T19:38:00Z,1.04451,1.04451,1.04437,1.04437,1069.54792967
Kraken:EURUSD,2022-06-29T19:39:00Z,1.04437,1.04449,1.04437,1.04449,1087.63434753
Kraken:EURUSD,2022-06-29T19:40:00Z,1.04437,1.04437,1.04432,1.04432,126.69687002
Kraken:EURUSD,2022-06-29T19:41:00Z,1.04433,1.04441,1.04429,1.04431,2851.12351395
Kraken:EURUSD,2022-06-29T19:42:00Z,1.04441,1.04441,1.04428,1.04428,575.89359437
Kraken:EURUSD,2022-06-29T19:43:00Z,1.04428,1.04428,1.04426,1.04427,470.94040817
Kraken:EURUSD,2022-06-29T19:44:00Z,1.04427,1.04432,1.04426,1.04426,4035.74109222
Kraken:EURUSD,2022-06-29T19:45:00Z,1.04427,1.04428,1.04427,1.04427,7842.20813339
Kraken:EURUSD,2022-06-29T19:46:00Z,1.04437,1.04437,1.04423,1.04423,3160.52713329
Kraken:EURUSD,2022-06-29T19:47:00Z,1.04416,1.04433,1.04404,1.04404,34569.61796925
Kraken:EURUSD,2022-06-29T19:48:00Z,1.04405,1.04412,1.04404,1.04411,3930.56769185
Kraken:EURUSD,2022-06-29T19:49:00Z,1.04404,1.04408,1.04404,1.04404,1499.3423073
Kraken:EURUSD,2022-06-29T19:50:00Z,1.04405,1.04415,1.04398,1.04415,31549.10910859
Kraken:EURUSD,2022-06-29T19:51:00Z,1.04414,1.04425,1.04414,1.0442,6186.50124687
Kraken:EURUSD,2022-06-29T19:52:00Z,1.04405,1.04414,1.04403,1.04403,8588.16177044
Kraken:EURUSD,2022-06-29T19:53:00Z,1.04403,1.04415,1.04403,1.04403,6407.42154167
Kraken:EURUSD,2022-06-29T19:54:00Z,1.04404,1.04426,1.04404,1.04426,3158.4340959
Kraken:EURUSD,2022-06-29T19:55:00Z,1.04426,1.04426,1.04426,1.04426,844.05368627
Kraken:EURUSD,2022-06-29T19:56:00Z,1.04406,1.04416,1.04404,1.04404,1309.08111643
Kraken:EURUSD,2022-06-29T19:57:00Z,1.04404,1.04416,1.04404,1.04406,2845.13798399
Kraken:EURUSD,2022-06-29T19:58:00Z,1.04408,1.0443,1.04407,1.04422,5225.23675781
Kraken:EURUSD,2022-06-29T19:59:00Z,1.04407,1.04425,1.04407,1.04423,848.26666046
Kraken:EURUSD,2022-06-29T20:00:00Z,1.04405,1.04415,1.04404,1.04404,6393.41364852
Kraken:EURUSD,2022-06-29T20:01:00Z,1.04414,1.04414,1.04404,1.04404,5712.55314475
Kraken:EURUSD,2022-06-29T20:02:00Z,1.04404,1.04414,1.04404,1.0441,18195.3795394
Kraken:EURUSD,2022-06-29T20:03:00Z,1.04405,1.04415,1.04405,1.04415,3585.11764496
Kraken:EURUSD,2022-06-29T20:04:00Z,1.04407,1.04415,1.04407,1.04415,2834.68989768
Kraken:EURUSD,2022-06-29T20:05:00Z,1.04415,1.04415,1.04414,1.04415,6299.30219362
Kraken:EURUSD,2022-06-29T20:06:00Z,1.04415,1.04415,1.04414,1.04415,57836.69089734
Kraken:EURUSD,2022-06-29T20:07:00Z,1.04414,1.04415,1.04414,1.04414,115940.04406675
Kraken:EURUSD,2022-06-29T20:08:00Z,1.04414,1.04421,1.04414,1.04414,160953.54423734
Kraken:EURUSD,2022-06-29T20:09:00Z,1.04415,1.04424,1.04414,1.04424,30249.21932399
Kraken:EURUSD,2022-06-29T20:10:00Z,1.04414,1.04429,1.04414,1.04428,2921.14235639
Kraken:EURUSD,2022-06-29T20:11:00Z,1.04428,1.04439,1.04428,1.04435,49110.5303957
Kraken:EURUSD,2022-06-29T20:12:00Z,1.04435,1.04435,1.04413,1.04413,19577.92659647
Kraken:EURUSD,2022-06-29T20:13:00Z,1.04412,1.04412,1.04402,1.04412,2923.91342914
Kraken:EURUSD,2022-06-29T20:14:00Z,1.04403,1.04412,1.04402,1.04402,567.5561486
Kraken:EURUSD,2022-06-29T20:15:00Z,1.04403,1.04412,1.04402,1.04402,274.74364936
Kraken:EURUSD,2022-06-29T20:16:00Z,1.04401,1.04401,1.04401,1.04401,5.2115832
Kraken:EURUSD,2022-06-29T20:17:00Z,1.04422,1.04423,1.04413,1.04413,617.17199072
Kraken:EURUSD,2022-06-29T20:18:00Z,1.04408,1.04415,1.04408,1.04415,1200.03049214
Kraken:EURUSD,2022-06-29T20:19:00Z,1.04399,1.04414,1.04399,1.04414,2779.79665401
Kraken:EURUSD,2022-06-29T20:20:00Z,1.04398,1.04398,1.04398,1.04398,127.46014
Kraken:EURUSD,2022-06-29T20:21:00Z,1.04393,1.04404,1.04393,1.04404,289.6267886
Kraken:EURUSD,2022-06-29T20:22:00Z,1.04398,1.04413,1.04398,1.0441,1741.03463223
Kraken:EURUSD,2022-06-29T20:23:00Z,1.04408,1.04414,1.04392,1.04414,1642.20899521
Kraken:EURUSD,2022-06-29T20:24:00Z,1.04409,1.04409,1.04409,1.04409,67.54957285
Kraken:EURUSD,2022-06-29T20:25:00Z,1.04393,1.04412,1.04392,1.04395,7779.27330586
Kraken:EURUSD,2022-06-29T20:26:00Z,1.04397,1.04415,1.04397,1.04415,946.25856889
Kraken:EURUSD,2022-06-29T20:27:00Z,1.04401,1.04433,1.04398,1.04401,4485.66031064
Kraken:EURUSD,2022-06-29T20:28:00Z,1.04403,1.04403,1.04403,1.04403,170.0641
Kraken:EURUSD,2022-06-29T20:29:00Z,1.04425,1.04427,1.04408,1.04427,1330.29409374
Kraken:EURUSD,2022-06-29T20:30:00Z,1.04405,1.04432,1.04404,1.04411,11374.30665899
Kraken:EURUSD,2022-06-29T20:31:00Z,1.04409,1.04409,1.04408,1.04408,181.53242313
Kraken:EURUSD,2022-06-29T20:32:00Z,1.04425,1.04425,1.04407,1.04407,3045.56150346
Kraken:EURUSD,2022-06-29T20:33:00Z,1.04425,1.04427,1.04425,1.04427,1102.90204366
Kraken:EURUSD,2022-06-29T20:34:00Z,1.04423,1.04476,1.04411,1.04411,65369.6728824
Kraken:EURUSD,2022-06-29T20:35:00Z,1.04412,1.04423,1.04406,1.04422,5667.46110588
Kraken:EURUSD,2022-06-29T20:36:00Z,1.04422,1.04423,1.04403,1.04422,8901.39343028
Kraken:EURUSD,2022-06-29T20:37:00Z,1.04409,1.04423,1.04406,1.04423,3811.77529334
Kraken:EURUSD,2022-06-29T20:38:00Z,1.04422,1.04422,1.04422,1.04422,2.6E+2
Kraken:EURUSD,2022-06-29T20:39:00Z,1.04421,1.04452,1.04421,1.04422,9568.95372542
Kraken:EURUSD,2022-06-29T20:40:00Z,1.04422,1.04428,1.04422,1.04427,1004.20288358
Kraken:EURUSD,2022-06-29T20:41:00Z,1.04428,1.04428,1.04414,1.04416,378.14451258
Kraken:EURUSD,2022-06-29T20:42:00Z,1.04416,1.04424,1.04396,1.04424,36218.8443831
Kraken:EURUSD,2022-06-29T20:43:00Z,1.04434,1.04435,1.0442,1.04433,7143.68732514
Kraken:EURUSD,2022-06-29T20:44:00Z,1.04437,1.04446,1.04426,1.04426,3549.77650311
Kraken:EURUSD,2022-06-29T20:45:00Z,1.04432,1.04446,1.04432,1.04446,429.66138782
Kraken:EURUSD,2022-06-29T20:46:00Z,1.04445,1.04445,1.0444,1.0444,18.2196247
Kraken:EURUSD,2022-06-29T20:47:00Z,1.04445,1.04446,1.04445,1.04446,463.85855918
Kraken:EURUSD,2022-06-29T20:48:00Z,1.04429,1.04446,1.04429,1.04446,5218.62327704
Kraken:EURUSD,2022-06-29T20:49:00Z,1.04443,1.04446,1.04441,1.04446,5645.76414698
Kraken:EURUSD,2022-06-29T20:50:00Z,1.04444,1.04446,1.04444,1.04444,11055.06469644
Kraken:EURUSD,2022-06-29T20:51:00Z,1.04445,1.04445,1.04425,1.04444,5141.89571862
Kraken:EURUSD,2022-06-29T20:52:00Z,1.04444,1.04445,1.04429,1.04445,4646.13445753
Kraken:EURUSD,2022-06-29T20:53:00Z,1.04444,1.04444,1.04428,1.04428,26.37039944
Kraken:EURUSD,2022-06-29T20:54:00Z,1.04445,1.04446,1.04444,1.04445,294.97653287
Kraken:EURUSD,2022-06-29T20:55:00Z,1.04444,1.04446,1.04443,1.04444,4996.75721465
Kraken:EURUSD,2022-06-29T20:56:00Z,1.04442,1.04446,1.04442,1.04446,1139.18071469
Kraken:EURUSD,2022-06-29T20:57:00Z,1.04445,1.04446,1.04445,1.04445,622.68796394
Kraken:EURUSD,2022-06-29T20:58:00Z,1.04445,1.04446,1.04445,1.04446,150.29940576
Kraken:EURUSD,2022-06-29T20:59:00Z,1.04445,1.04446,1.04445,1.04445,371.2112457
Kraken:EURUSD,2022-06-29T21:00:00Z,1.04426,1.04446,1.04426,1.04446,1951.23946227
Kraken:EURUSD,2022-06-29T21:02:00Z,1.04446,1.04446,1.04446,1.04446,2909.80127527
Kraken:EURUSD,2022-06-29T21:03:00Z,1.04446,1.04446,1.04446,1.04446,1614.57172544
Kraken:EURUSD,2022-06-29T21:04:00Z,1.04446,1.04451,1.04446,1.04451,4439.67830342
Kraken:EURUSD,2022-06-29T21:05:00Z,1.04457,1.04457,1.04457,1.04457,16.65718908
Kraken:EURUSD,2022-06-29T21:06:00Z,1.0447,1.0447,1.04468,1.04468,324.64583929
Kraken:EURUSD,2022-06-29T21:09:00Z,1.04469,1.04469,1.04469,1.04469,6.07165762
Kraken:EURUSD,2022-06-29T21:10:00Z,1.04426,1.04426,1.04424,1.04424,87.0973
Kraken:EURUSD,2022-06-29T21:13:00Z,1.04467,1.04467,1.04426,1.04426,242.33286669
Kraken:EURUSD,2022-06-29T21:14:00Z,1.04467,1.04468,1.04467,1.04468,261.450998
Kraken:EURUSD,2022-06-29T21:15:00Z,1.04444,1.04444,1.04439,1.04439,6440.13278594
Kraken:EURUSD,2022-06-29T21:17:00Z,1.04468,1.04468,1.04468,1.04468,13.117219
Kraken:EURUSD,2022-06-29T21:18:00Z,1.04425,1.04459,1.04424,1.04459,67.80120832
Kraken:EURUSD,2022-06-29T21:19:00Z,1.04458,1.04458,1.04458,1.04458,74.20976076
Kraken:EURUSD,2022-06-29T21:20:00Z,1.04458,1.04468,1.04458,1.04468,1170.70400359
Kraken:EURUSD,2022-06-29T21:21:00Z,1.04468,1.04468,1.04462,1.04468,501.29393929
Kraken:EURUSD,2022-06-29T21:22:00Z,1.04468,1.04486,1.04468,1.04486,2935.62980939
Kraken:EURUSD,2022-06-29T21:24:00Z,1.04481,1.04486,1.04481,1.04485,296.40370897
Kraken:EURUSD,2022-06-29T21:25:00Z,1.04481,1.04481,1.0448,1.0448,445.44193351
Kraken:EURUSD,2022-06-29T21:26:00Z,1.0448,1.0448,1.0448,1.0448,17.67601454
Kraken:EURUSD,2022-06-29T21:27:00Z,1.0448,1.04481,1.0448,1.04481,354.35539483
Kraken:EURUSD,2022-06-29T21:28:00Z,1.04458,1.04459,1.04458,1.04458,440.39702414
Kraken:EURUSD,2022-06-29T21:29:00Z,1.04457,1.04458,1.04457,1.04457,157.26132302
Kraken:EURUSD,2022-06-29T21:31:00Z,1.04433,1.04433,1.04433,1.04433,5.19510116
Kraken:EURUSD,2022-06-29T21:32:00Z,1.04439,1.04464,1.04439,1.04464,395.90308623
Kraken:EURUSD,2022-06-29T21:33:00Z,1.04464,1.04464,1.04464,1.04464,200.4480012
Kraken:EURUSD,2022-06-29T21:34:00Z,1.04454,1.04454,1.04429,1.04429,13.08689856
Kraken:EURUSD,2022-06-29T21:35:00Z,1.04464,1.04464,1.04464,1.04464,5
Kraken:EURUSD,2022-06-29T21:36:00Z,1.04463,1.04464,1.04463,1.04463,423.16466132
Kraken:EURUSD,2022-06-29T21:37:00Z,1.04463,1.04463,1.04463,1.04463,337.81907063
Kraken:EURUSD,2022-06-29T21:38:00Z,1.04464,1.04464,1.04437,1.04437,1939.0150668
Kraken:EURUSD,2022-06-29T21:39:00Z,1.04463,1.04463,1.04463,1.04463,5
Kraken:EURUSD,2022-06-29T21:41:00Z,1.04464,1.04464,1.04436,1.04436,491.97069277
Kraken:EURUSD,2022-06-29T21:42:00Z,1.04435,1.04435,1.04435,1.04435,2368.425
Kraken:EURUSD,2022-06-29T21:43:00Z,1.04463,1.04464,1.04463,1.04463,795.36667585
Kraken:EURUSD,2022-06-29T21:45:00Z,1.04445,1.04445,1.04445,1.04445,63.00732442
Kraken:EURUSD,2022-06-29T21:46:00Z,1.04438,1.04455,1.04434,1.04455,5330.51985541
Kraken:EURUSD,2022-06-29T21:47:00Z,1.04453,1.04453,1.04446,1.04446,31.7263825
Kraken:EURUSD,2022-06-29T21:49:00Z,1.04447,1.04455,1.04446,1.04455,111.81600673
Kraken:EURUSD,2022-06-29T21:50:00Z,1.04446,1.04446,1.04446,1.04446,40.15146582
Kraken:EURUSD,2022-06-29T21:51:00Z,1.0443,1.04447,1.0443,1.04447,1171.77027583
Kraken:EURUSD,2022-06-29T21:52:00Z,1.04427,1.04451,1.04427,1.04451,203.25931288
Kraken:EURUSD,2022-06-29T21:53:00Z,1.04451,1.04451,1.04451,1.04451,174.15284
Kraken:EURUSD,2022-06-29T21:54:00Z,1.04456,1.04456,1.04456,1.04456,12.30345791
Kraken:EURUSD,2022-06-29T21:55:00Z,1.04448,1.04452,1.04448,1.04452,1247.42894755
Kraken:EURUSD,2022-06-29T21:56:00Z,1.04452,1.04471,1.04452,1.04466,1825.44160437
Kraken:EURUSD,2022-06-29T21:57:00Z,1.04468,1.04468,1.04468,1.04468,12.6467435
Kraken:EURUSD,2022-06-29T21:58:00Z,1.04468,1.04471,1.04468,1.04471,3325.76257913
Kraken:EURUSD,2022-06-29T21:59:00Z,1.0444,1.0444,1.0444,1.0444,1114.48747466
Kraken:EURUSD,2022-06-29T22:00:00Z,1.04465,1.04474,1.0444,1.04474,9247.21083017
Kraken:EURUSD,2022-06-29T22:01:00Z,1.04465,1.04465,1.04465,1.04465,47.44412004
Kraken:EURUSD,2022-06-29T22:02:00Z,1.04438,1.04438,1.04438,1.04438,292.1143666
Kraken:EURUSD,2022-06-29T22:03:00Z,1.04466,1.04466,1.04449,1.04449,80.29524447
Kraken:EURUSD,2022-06-29T22:04:00Z,1.04465,1.04465,1.04445,1.04445,95.7083827
Kraken:EURUSD,2022-06-29T22:05:00Z,1.04449,1.04465,1.04441,1.04465,4638.66938134
Kraken:EURUSD,2022-06-29T22:06:00Z,1.04465,1.04466,1.04465,1.04466,851.79168195
Kraken:EURUSD,2022-06-29T22:07:00Z,1.04469,1.04469,1.04469,1.04469,161.55414524
Kraken:EURUSD,2022-06-29T22:08:00Z,1.04469,1.04471,1.04463,1.04463,1564.61938967
Kraken:EURUSD,2022-06-29T22:10:00Z,1.04448,1.04464,1.04443,1.04463,11409.97893555
Kraken:EURUSD,2022-06-29T22:11:00Z,1.04463,1.04463,1.04451,1.04452,15425.93163838
Kraken:EURUSD,2022-06-29T22:12:00Z,1.04453,1.04453,1.04453,1.04453,23.01293404
Kraken:EURUSD,2022-06-29T22:13:00Z,1.04437,1.04437,1.04415,1.04428,3586.25141096
Kraken:EURUSD,2022-06-29T22:14:00Z,1.04428,1.04428,1.04404,1.04418,2131.96904925
Kraken:EURUSD,2022-06-29T22:15:00Z,1.04405,1.04425,1.04405,1.04425,1077.60095762
Kraken:EURUSD,2022-06-29T22:16:00Z,1.04403,1.04424,1.04403,1.04423,143.25170928
Kraken:EURUSD,2022-06-29T22:17:00Z,1.04423,1.04423,1.04401,1.04401,800.89867132
Kraken:EURUSD,2022-06-29T22:18:00Z,1.04414,1.04417,1.04403,1.04417,382.05631278
Kraken:EURUSD,2022-06-29T22:19:00Z,1.04428,1.04428,1.04427,1.04427,356.30082528
Kraken:EURUSD,2022-06-29T22:21:00Z,1.04427,1.04433,1.04427,1.04433,425.39275955
Kraken:EURUSD,2022-06-29T22:23:00Z,1.04434,1.04446,1.0442,1.04446,1668.63305725
Kraken:EURUSD,2022-06-29T22:24:00Z,1.04445,1.04458,1.04445,1.04458,442.20235212
Kraken:EURUSD,2022-06-29T22:25:00Z,1.04445,1.04445,1.04443,1.04443,3E+2
Kraken:EURUSD,2022-06-29T22:26:00Z,1.04467,1.04471,1.0445,1.04471,5558.10957408
Kraken:EURUSD,2022-06-29T22:27:00Z,1.04473,1.04481,1.04457,1.04475,18342.50217728
Kraken:EURUSD,2022-06-29T22:29:00Z,1.04474,1.04474,1.04457,1.04457,110.93785277
Kraken:EURUSD,2022-06-29T22:30:00Z,1.04474,1.04487,1.04462,1.04462,5192.02226891
Kraken:EURUSD,2022-06-29T22:31:00Z,1.0448,1.04488,1.04464,1.04488,8472.0731129
Kraken:EURUSD,2022-06-29T22:32:00Z,1.04465,1.04494,1.04465,1.04488,4743.16929663
Kraken:EURUSD,2022-06-29T22:33:00Z,1.04487,1.04495,1.04469,1.04495,1364.39031866
Kraken:EURUSD,2022-06-29T22:34:00Z,1.04487,1.04487,1.04471,1.04471,651.43039946
Kraken:EURUSD,2022-06-29T22:35:00Z,1.04494,1.04495,1.04472,1.04472,286.00674602
Kraken:EURUSD,2022-06-29T22:36:00Z,1.0449,1.0449,1.04486,1.04486,574.0449484
Kraken:EURUSD,2022-06-29T22:37:00Z,1.04486,1.04487,1.04486,1.04487,2311.98309606
Kraken:EURUSD,2022-06-29T22:38:00Z,1.04467,1.04467,1.04467,1.04467,437.7441177
Kraken:EURUSD,2022-06-29T22:39:00Z,1.04477,1.04495,1.04477,1.04495,4177.71587156
Kraken:EURUSD,2022-06-29T22:40:00Z,1.04472,1.04496,1.04471,1.04474,40377.27750971
Kraken:EURUSD,2022-06-29T22:41:00Z,1.04486,1.04514,1.04475,1.04503,23072.77025294
Kraken:EURUSD,2022-06-29T22:42:00Z,1.04501,1.04502,1.04484,1.04502,3389.04578896
Kraken:EURUSD,2022-06-29T22:43:00Z,1.04501,1.04503,1.045,1.04501,1052.11597698
Kraken:EURUSD,2022-06-29T22:45:00Z,1.04485,1.04501,1.04485,1.04501,2007.48165089
Kraken:EURUSD,2022-06-29T22:46:00Z,1.04485,1.04499,1.04483,1.04499,100.79555634
Kraken:EURUSD,2022-06-29T22:48:00Z,1.04485,1.04502,1.04485,1.04501,5133.97305333
Kraken:EURUSD,2022-06-29T22:49:00Z,1.04507,1.04518,1.04507,1.04515,69651.26483084
Kraken:EURUSD,2022-06-29T22:50:00Z,1.04514,1.04514,1.04513,1.04513,885.0326084
Kraken:EURUSD,2022-06-29T22:51:00Z,1.04492,1.04513,1.04492,1.04513,1011.90330389
Kraken:EURUSD,2022-06-29T22:53:00Z,1.04514,1.04514,1.04514,1.04514,1457.65366315
Kraken:EURUSD,2022-06-29T22:54:00Z,1.04514,1.04528,1.04489,1.04489,6572.61021489
Kraken:EURUSD,2022-06-29T22:55:00Z,1.0451,1.0451,1.04493,1.04493,189.08180692
Kraken:EURUSD,2022-06-29T22:56:00Z,1.04513,1.04515,1.04513,1.04515,4505.31908689
Kraken:EURUSD,2022-06-29T22:58:00Z,1.04507,1.04509,1.04496,1.04509,1262.99402496
Kraken:EURUSD,2022-06-29T22:59:00Z,1.04506,1.04507,1.04506,1.04507,418.32873205
Kraken:EURUSD,2022-06-29T23:00:00Z,1.04493,1.04507,1.04487,1.04507,4643.63247226
Kraken:EURUSD,2022-06-29T23:01:00Z,1.045,1.04501,1.04499,1.045,865.49896653
Kraken:EURUSD,2022-06-29T23:02:00Z,1.04491,1.04491,1.04486,1.04486,597.45268744
Kraken:EURUSD,2022-06-29T23:03:00Z,1.04488,1.04488,1.04488,1.04488,212.2612185
Kraken:EURUSD,2022-06-29T23:04:00Z,1.04486,1.04487,1.04474,1.04485,671.94679987
Kraken:EURUSD,2022-06-29T23:05:00Z,1.04474,1.04474,1.04473,1.04473,120.68739102
Kraken:EURUSD,2022-06-29T23:06:00Z,1.04493,1.04493,1.04493,1.04493,2E+3
Kraken:EURUSD,2022-06-29T23:07:00Z,1.04489,1.04489,1.04487,1.04487,101.778603
Kraken:EURUSD,2022-06-29T23:08:00Z,1.04488,1.0449,1.04484,1.04484,3053.04387093
Kraken:EURUSD,2022-06-29T23:09:00Z,1.04484,1.04484,1.04473,1.04473,1124.13372578
Kraken:EURUSD,2022-06-29T23:10:00Z,1.04479,1.04486,1.0447,1.04485,13033.01922864
Kraken:EURUSD,2022-06-29T23:11:00Z,1.04484,1.04499,1.04484,1.04499,17331.27796476
Kraken:EURUSD,2022-06-29T23:12:00Z,1.04489,1.04489,1.04479,1.04479,33.89532198
Kraken:EURUSD,2022-06-29T23:14:00Z,1.04488,1.04505,1.04488,1.04505,123.85145945
Kraken:EURUSD,2022-06-29T23:15:00Z,1.04491,1.04514,1.0449,1.0449,4050.16363991
Kraken:EURUSD,2022-06-29T23:16:00Z,1.04508,1.04529,1.0449,1.0449,10943.886389
Kraken:EURUSD,2022-06-29T23:17:00Z,1.04508,1.0451,1.04495,1.04495,2542.486582
Kraken:EURUSD,2022-06-29T23:18:00Z,1.04506,1.04507,1.04495,1.04495,1277.65881935
Kraken:EURUSD,2022-06-29T23:19:00Z,1.045,1.04503,1.04499,1.04503,7811.71229389
Kraken:EURUSD,2022-06-29T23:20:00Z,1.04503,1.04508,1.04487,1.04505,8557.07029474
Kraken:EURUSD,2022-06-29T23:21:00Z,1.04505,1.04514,1.04505,1.04508,2849.95277426
Kraken:EURUSD,2022-06-29T23:22:00Z,1.04507,1.04515,1.0449,1.0449,11268.21798061
Kraken:EURUSD,2022-06-29T23:23:00Z,1.04501,1.04503,1.04501,1.04501,2394.90451856
Kraken:EURUSD,2022-06-29T23:24:00Z,1.04504,1.04504,1.04499,1.04502,2384.50114422
Kraken:EURUSD,2022-06-29T23:25:00Z,1.04502,1.04504,1.04495,1.04502,22070.6439616
Kraken:EURUSD,2022-06-29T23:26:00Z,1.04513,1.04513,1.0449,1.04497,2860.44981334
Kraken:EURUSD,2022-06-29T23:27:00Z,1.04496,1.04503,1.04495,1.04503,3430.23016897
Kraken:EURUSD,2022-06-29T23:28:00Z,1.04499,1.04499,1.04483,1.04483,1343.97633641
Kraken:EURUSD,2022-06-29T23:29:00Z,1.04495,1.04496,1.04494,1.04495,4501.96642472
Kraken:EURUSD,2022-06-29T23:30:00Z,1.04495,1.04502,1.04483,1.04489,3955.17351972
Kraken:EURUSD,2022-06-29T23:31:00Z,1.04489,1.04499,1.04489,1.04494,662.44111664
Kraken:EURUSD,2022-06-29T23:32:00Z,1.04494,1.045,1.0449,1.04499,5497.07866477
Kraken:EURUSD,2022-06-29T23:33:00Z,1.04501,1.04501,1.04501,1.04501,852.40906785
Kraken:EURUSD,2022-06-29T23:34:00Z,1.04495,1.04495,1.04495,1.04495,17.0258864
Kraken:EURUSD,2022-06-29T23:35:00Z,1.04483,1.04501,1.04483,1.04499,592.94410146
Kraken:EURUSD,2022-06-29T23:36:00Z,1.04492,1.04506,1.04489,1.04506,18587.34335874
Kraken:EURUSD,2022-06-29T23:37:00Z,1.04505,1.04515,1.04505,1.0451,4695.99936495
Kraken:EURUSD,2022-06-29T23:38:00Z,1.04491,1.04513,1.04475,1.04497,58662.5717477
Kraken:EURUSD,2022-06-29T23:39:00Z,1.04515,1.04516,1.04491,1.04514,3061.24632136
Kraken:EURUSD,2022-06-29T23:40:00Z,1.04514,1.04521,1.04514,1.04521,1212.05630524
Kraken:EURUSD,2022-06-29T23:41:00Z,1.04521,1.04551,1.04521,1.04524,16497.59429298
Kraken:EURUSD,2022-06-29T23:42:00Z,1.04525,1.04564,1.04525,1.04536,30689.08841338
Kraken:EURUSD,2022-06-29T23:43:00Z,1.04535,1.04535,1.04516,1.04531,2845.92334077
Kraken:EURUSD,2022-06-29T23:44:00Z,1.04529,1.04533,1.04529,1.04533,32.23003012
Kraken:EURUSD,2022-06-29T23:45:00Z,1.04523,1.04535,1.04523,1.04535,3225.75777609
Kraken:EURUSD,2022-06-29T23:46:00Z,1.04523,1.04536,1.04515,1.04515,2923.43091843
Kraken:EURUSD,2022-06-29T23:47:00Z,1.04535,1.04535,1.04509,1.04534,1033.78482328
Kraken:EURUSD,2022-06-29T23:48:00Z,1.04536,1.04536,1.04533,1.04536,465.30526233
Kraken:EURUSD,2022-06-29T23:49:00Z,1.04535,1.04539,1.04516,1.04516,17.45151046
Kraken:EURUSD,2022-06-29T23:50:00Z,1.04535,1.04535,1.04519,1.04527,3135.21752359
Kraken:EURUSD,2022-06-29T23:51:00Z,1.04522,1.04522,1.04518,1.04518,935.68759938
Kraken:EURUSD,2022-06-29T23:52:00Z,1.04522,1.04523,1.045,1.04521,11399.44518759
Kraken:EURUSD,2022-06-29T23:53:00Z,1.04504,1.04523,1.04504,1.04523,594.73208963
Kraken:EURUSD,2022-06-29T23:54:00Z,1.04521,1.04523,1.04506,1.04523,618.79937365
Kraken:EURUSD,2022-06-29T23:55:00Z,1.04506,1.04506,1.04505,1.04505,390.89414538
Kraken:EURUSD,2022-06-29T23:56:00Z,1.04506,1.04506,1.04506,1.04506,10.7848
Kraken:EURUSD,2022-06-29T23:57:00Z,1.04526,1.04526,1.04526,1.04526,263.6587669
Kraken:EURUSD,2022-06-29T23:58:00Z,1.04514,1.04531,1.04514,1.04531,1231.09882745
Kraken:EURUSD,2022-06-29T23:59:00Z,1.04513,1.0453,1.04513,1.0453,1465.76749088
