Kraken:ETHXBT,2023-11-24T00:01:00Z,0.05529,0.05529,0.05529,0.05529,0.0488246
Kraken:ETHXBT,2023-11-24T00:04:00Z,0.05528,0.05528,0.05528,0.05528,0.0101994
Kraken:ETHXBT,2023-11-24T00:10:00Z,0.05531,0.05531,0.05531,0.05531,1.53632215
Kraken:ETHXBT,2023-11-24T00:23:00Z,0.05537,0.05538,0.05537,0.05538,0.31413442
Kraken:ETHXBT,2023-11-24T00:24:00Z,0.05536,0.05536,0.05535,0.05535,1.3
Kraken:ETHXBT,2023-11-24T00:37:00Z,0.05536,0.05536,0.05536,0.05536,0.35
Kraken:ETHXBT,2023-11-24T00:45:00Z,0.05537,0.05537,0.05537,0.05537,0.5
Kraken:ETHXBT,2023-11-24T00:56:00Z,0.05538,0.05538,0.05538,0.05538,0.01033087
Kraken:ETHXBT,2023-11-24T00:59:00Z,0.05535,0.05535,0.05535,0.05535,0.04510119
Kraken:ETHXBT,2023-11-24T01:04:00Z,0.05534,0.05534,0.05534,0.05534,0.06641321
Kraken:ETHXBT,2023-11-24T01:15:00Z,0.0554,0.0554,0.0554,0.0554,5
Kraken:ETHXBT,2023-11-24T01:16:00Z,0.05539,0.05539,0.05539,0.05539,0.29975
Kraken:ETHXBT,2023-11-24T01:20:00Z,0.05536,0.05536,0.05536,0.05536,0.01653
Kraken:ETHXBT,2023-11-24T01:23:00Z,0.05537,0.05538,0.05537,0.05538,8
Kraken:ETHXBT,2023-11-24T01:29:00Z,0.05535,0.05535,0.05535,0.05535,0.00369
Kraken:ETHXBT,2023-11-24T01:41:00Z,0.05533,0.05533,0.05533,0.05533,0.28160495
Kraken:ETHXBT,2023-11-24T01:45:00Z,0.05533,0.05533,0.05533,0.05533,0.00233756
Kraken:ETHXBT,2023-11-24T01:49:00Z,0.0553,0.0553,0.0553,0.0553,0.00268
Kraken:ETHXBT,2023-11-24T02:02:00Z,0.05533,0.05533,0.05533,0.05533,0.17632564
Kraken:ETHXBT,2023-11-24T02:03:00Z,0.05533,0.05533,0.05533,0.05533,0.02060365
Kraken:ETHXBT,2023-11-24T02:04:00Z,0.05532,0.05532,0.05532,0.05532,0.09599997
Kraken:ETHXBT,2023-11-24T02:08:00Z,0.05531,0.05531,0.05531,0.05531,0.0844789
Kraken:ETHXBT,2023-11-24T02:18:00Z,0.05534,0.05534,0.05534,0.05534,0.6538672
Kraken:ETHXBT,2023-11-24T02:20:00Z,0.05536,0.05536,0.05536,0.05536,1.05543494
Kraken:ETHXBT,2023-11-24T02:21:00Z,0.05537,0.05537,0.05537,0.05537,0.0048
Kraken:ETHXBT,2023-11-24T02:26:00Z,0.05541,0.05541,0.05541,0.05541,1
Kraken:ETHXBT,2023-11-24T02:31:00Z,0.05539,0.0554,0.05539,0.0554,7.99455781
Kraken:ETHXBT,2023-11-24T02:32:00Z,0.05539,0.05539,0.05539,0.05539,0.94941129
Kraken:ETHXBT,2023-11-24T02:34:00Z,0.05539,0.05539,0.05539,0.05539,10.96794703
Kraken:ETHXBT,2023-11-24T02:35:00Z,0.05539,0.05539,0.05539,0.05539,1E+1
Kraken:ETHXBT,2023-11-24T02:37:00Z,0.0554,0.0554,0.0554,0.0554,0.03
Kraken:ETHXBT,2023-11-24T02:41:00Z,0.05542,0.05542,0.05542,0.05542,0.045
Kraken:ETHXBT,2023-11-24T02:42:00Z,0.05541,0.05543,0.05541,0.05543,0.07197999
Kraken:ETHXBT,2023-11-24T02:46:00Z,0.0554,0.0554,0.0554,0.0554,0.11733
Kraken:ETHXBT,2023-11-24T02:55:00Z,0.05539,0.0554,0.05539,0.0554,5.18558577
Kraken:ETHXBT,2023-11-24T02:58:00Z,0.05539,0.05539,0.05539,0.05539,0.0008836
Kraken:ETHXBT,2023-11-24T03:02:00Z,0.05537,0.05537,0.05537,0.05537,0.5
Kraken:ETHXBT,2023-11-24T03:07:00Z,0.05536,0.05536,0.05536,0.05536,2.2
Kraken:ETHXBT,2023-11-24T03:24:00Z,0.0553,0.0553,0.0553,0.0553,4.99732
Kraken:ETHXBT,2023-11-24T03:27:00Z,0.05535,0.05535,0.05535,0.05535,0.21256447
Kraken:ETHXBT,2023-11-24T03:29:00Z,0.05541,0.05541,0.05541,0.05541,1
Kraken:ETHXBT,2023-11-24T03:31:00Z,0.05536,0.05536,0.05536,0.05536,0.0386
Kraken:ETHXBT,2023-11-24T03:33:00Z,0.05533,0.05533,0.05533,0.05533,0.00070994
Kraken:ETHXBT,2023-11-24T03:35:00Z,0.05532,0.05532,0.05532,0.05532,0.07320939
Kraken:ETHXBT,2023-11-24T03:37:00Z,0.05534,0.05534,0.05534,0.05534,1.1
Kraken:ETHXBT,2023-11-24T03:38:00Z,0.05533,0.05533,0.05533,0.05533,1
Kraken:ETHXBT,2023-11-24T03:42:00Z,0.05534,0.05534,0.05534,0.05534,0.00471797
Kraken:ETHXBT,2023-11-24T03:48:00Z,0.05531,0.05532,0.05531,0.05532,0.1537189
Kraken:ETHXBT,2023-11-24T03:53:00Z,0.05531,0.05532,0.05531,0.05532,6.30579317
Kraken:ETHXBT,2023-11-24T03:55:00Z,0.05531,0.05531,0.05531,0.05531,0.15844931
Kraken:ETHXBT,2023-11-24T04:01:00Z,0.05531,0.05531,0.05531,0.05531,0.08811507
Kraken:ETHXBT,2023-11-24T04:05:00Z,0.05533,0.05533,0.05533,0.05533,0.13225452
Kraken:ETHXBT,2023-11-24T04:12:00Z,0.05534,0.05534,0.05534,0.05534,0.15211469
Kraken:ETHXBT,2023-11-24T04:16:00Z,0.05534,0.05534,0.05534,0.05534,0.00089015
Kraken:ETHXBT,2023-11-24T04:19:00Z,0.05534,0.05535,0.05534,0.05535,0.16538444
Kraken:ETHXBT,2023-11-24T04:20:00Z,0.05535,0.05535,0.05535,0.05535,0.0147
Kraken:ETHXBT,2023-11-24T04:33:00Z,0.05535,0.05535,0.05535,0.05535,0.17239748
Kraken:ETHXBT,2023-11-24T04:36:00Z,0.05537,0.05537,0.05537,0.05537,0.49036124
Kraken:ETHXBT,2023-11-24T04:39:00Z,0.05529,0.05529,0.05529,0.05529,0.98752034
Kraken:ETHXBT,2023-11-24T04:40:00Z,0.05531,0.05535,0.05531,0.05535,8.45626619
Kraken:ETHXBT,2023-11-24T04:49:00Z,0.05537,0.05537,0.05537,0.05537,0.5
Kraken:ETHXBT,2023-11-24T04:51:00Z,0.05541,0.05541,0.05541,0.05541,0.82
Kraken:ETHXBT,2023-11-24T04:52:00Z,0.05539,0.05539,0.05539,0.05539,0.45
Kraken:ETHXBT,2023-11-24T04:54:00Z,0.05539,0.05541,0.05539,0.05541,1.0728479
Kraken:ETHXBT,2023-11-24T04:57:00Z,0.05536,0.05536,0.05536,0.05536,0.05808791
Kraken:ETHXBT,2023-11-24T04:59:00Z,0.05539,0.05539,0.05539,0.05539,0.08
Kraken:ETHXBT,2023-11-24T05:02:00Z,0.05539,0.05539,0.05539,0.05539,0.80681151
Kraken:ETHXBT,2023-11-24T05:07:00Z,0.05538,0.05538,0.05537,0.05537,0.20472792
Kraken:ETHXBT,2023-11-24T05:12:00Z,0.0554,0.0554,0.0554,0.0554,0.0697632
Kraken:ETHXBT,2023-11-24T05:23:00Z,0.05536,0.05536,0.05536,0.05536,0.01
Kraken:ETHXBT,2023-11-24T05:32:00Z,0.05536,0.05536,0.05534,0.05534,0.73453845
Kraken:ETHXBT,2023-11-24T05:37:00Z,0.05532,0.05532,0.05532,0.05532,0.02497
Kraken:ETHXBT,2023-11-24T05:38:00Z,0.05532,0.05532,0.05532,0.05532,0.09062
Kraken:ETHXBT,2023-11-24T05:41:00Z,0.05532,0.05532,0.05532,0.05532,1.213836
Kraken:ETHXBT,2023-11-24T05:46:00Z,0.05533,0.05533,0.05533,0.05533,0.0298759
Kraken:ETHXBT,2023-11-24T05:48:00Z,0.05535,0.05535,0.05535,0.05535,0.68574684
Kraken:ETHXBT,2023-11-24T05:52:00Z,0.05534,0.05534,0.05534,0.05534,0.96807235
Kraken:ETHXBT,2023-11-24T05:53:00Z,0.0553,0.0553,0.05529,0.05529,0.04600043
Kraken:ETHXBT,2023-11-24T05:59:00Z,0.05537,0.05537,0.05537,0.05537,0.16392851
Kraken:ETHXBT,2023-11-24T06:00:00Z,0.0554,0.0554,0.0554,0.0554,0.07799312
Kraken:ETHXBT,2023-11-24T06:09:00Z,0.05537,0.05537,0.05537,0.05537,0.00736798
Kraken:ETHXBT,2023-11-24T06:10:00Z,0.05534,0.05534,0.05534,0.05534,0.00737
Kraken:ETHXBT,2023-11-24T06:12:00Z,0.05534,0.05534,0.05534,0.05534,0.203388
Kraken:ETHXBT,2023-11-24T06:15:00Z,0.05534,0.05534,0.05534,0.05534,0.25
Kraken:ETHXBT,2023-11-24T06:33:00Z,0.0554,0.0554,0.0554,0.0554,0.01836643
Kraken:ETHXBT,2023-11-24T06:36:00Z,0.05537,0.05537,0.05537,0.05537,0.023649
Kraken:ETHXBT,2023-11-24T06:43:00Z,0.05538,0.05538,0.05538,0.05538,0.00551192
Kraken:ETHXBT,2023-11-24T06:44:00Z,0.0554,0.0554,0.0554,0.0554,0.55186294
Kraken:ETHXBT,2023-11-24T06:45:00Z,0.0554,0.05541,0.0554,0.05541,0.04183664
Kraken:ETHXBT,2023-11-24T06:46:00Z,0.05537,0.05537,0.05537,0.05537,0.0794065
Kraken:ETHXBT,2023-11-24T06:53:00Z,0.05533,0.05533,0.05533,0.05533,0.01834116
Kraken:ETHXBT,2023-11-24T06:54:00Z,0.05536,0.05536,0.05536,0.05536,0.34314611
Kraken:ETHXBT,2023-11-24T07:03:00Z,0.05532,0.05532,0.05532,0.05532,0.00085
Kraken:ETHXBT,2023-11-24T07:08:00Z,0.05531,0.05531,0.05531,0.05531,0.05423973
Kraken:ETHXBT,2023-11-24T07:09:00Z,0.0553,0.0553,0.05529,0.05529,0.05421475
Kraken:ETHXBT,2023-11-24T07:11:00Z,0.05531,0.05531,0.05531,0.05531,0.04244211
Kraken:ETHXBT,2023-11-24T07:14:00Z,0.05529,0.05529,0.05529,0.05529,0.69872747
Kraken:ETHXBT,2023-11-24T07:23:00Z,0.05527,0.05527,0.05527,0.05527,0.257
Kraken:ETHXBT,2023-11-24T07:27:00Z,0.05529,0.05529,0.05529,0.05529,0.01
Kraken:ETHXBT,2023-11-24T07:30:00Z,0.05528,0.05528,0.05528,0.05528,0.30047648
Kraken:ETHXBT,2023-11-24T07:35:00Z,0.05528,0.05529,0.05528,0.05529,0.37143653
Kraken:ETHXBT,2023-11-24T07:38:00Z,0.05532,0.05532,0.05532,0.05532,0.03
Kraken:ETHXBT,2023-11-24T07:45:00Z,0.05534,0.05534,0.05534,0.05534,5
Kraken:ETHXBT,2023-11-24T07:46:00Z,0.05535,0.05535,0.05535,0.05535,0.045
Kraken:ETHXBT,2023-11-24T07:49:00Z,0.05542,0.05542,0.05542,0.05542,0.0282724
Kraken:ETHXBT,2023-11-24T07:50:00Z,0.0554,0.05541,0.0554,0.05541,1E+1
Kraken:ETHXBT,2023-11-24T07:51:00Z,0.05545,0.05545,0.05545,0.05545,0.35307104
Kraken:ETHXBT,2023-11-24T07:52:00Z,0.05546,0.05546,0.05546,0.05546,1.803
Kraken:ETHXBT,2023-11-24T07:55:00Z,0.05544,0.05544,0.05544,0.05544,0.01
Kraken:ETHXBT,2023-11-24T07:58:00Z,0.05541,0.05541,0.05541,0.05541,0.27353
Kraken:ETHXBT,2023-11-24T08:01:00Z,0.05547,0.05547,0.05546,0.05546,5
Kraken:ETHXBT,2023-11-24T08:02:00Z,0.05544,0.05544,0.05544,0.05544,1.02701088
Kraken:ETHXBT,2023-11-24T08:06:00Z,0.05536,0.05536,0.05536,0.05536,0.00929
Kraken:ETHXBT,2023-11-24T08:09:00Z,0.05539,0.05539,0.05539,0.05539,0.00232
Kraken:ETHXBT,2023-11-24T08:10:00Z,0.05541,0.05541,0.05539,0.05539,0.01058
Kraken:ETHXBT,2023-11-24T08:11:00Z,0.05538,0.05538,0.05538,0.05538,1.96799829
Kraken:ETHXBT,2023-11-24T08:12:00Z,0.05537,0.05537,0.05537,0.05537,0.99545908
Kraken:ETHXBT,2023-11-24T08:18:00Z,0.05541,0.05541,0.0554,0.0554,5.5872874
Kraken:ETHXBT,2023-11-24T08:19:00Z,0.05541,0.05541,0.05541,0.05541,26.5
Kraken:ETHXBT,2023-11-24T08:20:00Z,0.05548,0.05548,0.05548,0.05548,0.0015619
Kraken:ETHXBT,2023-11-24T08:21:00Z,0.05547,0.05547,0.05547,0.05547,0.01062898
Kraken:ETHXBT,2023-11-24T08:22:00Z,0.05548,0.05548,0.05548,0.05548,0.02016798
Kraken:ETHXBT,2023-11-24T08:24:00Z,0.05549,0.05549,0.05549,0.05549,0.20301606
Kraken:ETHXBT,2023-11-24T08:25:00Z,0.05551,0.05551,0.05551,0.05551,1.5370381
Kraken:ETHXBT,2023-11-24T08:26:00Z,0.05551,0.05553,0.05549,0.05549,20.47644364
Kraken:ETHXBT,2023-11-24T08:28:00Z,0.05548,0.05548,0.05548,0.05548,0.0067226
Kraken:ETHXBT,2023-11-24T08:34:00Z,0.05551,0.05551,0.05548,0.05548,2.66338603
Kraken:ETHXBT,2023-11-24T08:37:00Z,0.05554,0.05554,0.05554,0.05554,0.03601008
Kraken:ETHXBT,2023-11-24T08:38:00Z,0.05554,0.05558,0.05554,0.05558,3.10321336
Kraken:ETHXBT,2023-11-24T08:41:00Z,0.05554,0.05554,0.05554,0.05554,0.015
Kraken:ETHXBT,2023-11-24T08:44:00Z,0.05553,0.05553,0.05553,0.05553,0.122
Kraken:ETHXBT,2023-11-24T08:48:00Z,0.05549,0.05549,0.05549,0.05549,0.0128478
Kraken:ETHXBT,2023-11-24T08:50:00Z,0.05549,0.05549,0.05549,0.05549,0.01576524
Kraken:ETHXBT,2023-11-24T08:59:00Z,0.05552,0.05552,0.05552,0.05552,0.2
Kraken:ETHXBT,2023-11-24T09:00:00Z,0.05552,0.05552,0.05552,0.05552,0.287
Kraken:ETHXBT,2023-11-24T09:06:00Z,0.05553,0.05554,0.05553,0.05554,2E+1
Kraken:ETHXBT,2023-11-24T09:11:00Z,0.05556,0.05557,0.05556,0.05557,0.16623
Kraken:ETHXBT,2023-11-24T09:12:00Z,0.05555,0.05555,0.05555,0.05555,0.00584
Kraken:ETHXBT,2023-11-24T09:14:00Z,0.05556,0.05556,0.05556,0.05556,2.50773393
Kraken:ETHXBT,2023-11-24T09:17:00Z,0.0556,0.05562,0.0556,0.05562,3.20949623
Kraken:ETHXBT,2023-11-24T09:18:00Z,0.05564,0.05564,0.05564,0.05564,0.0386
Kraken:ETHXBT,2023-11-24T09:19:00Z,0.05564,0.05564,0.05564,0.05564,2.9614
Kraken:ETHXBT,2023-11-24T09:21:00Z,0.05561,0.05561,0.05559,0.05559,2.39172
Kraken:ETHXBT,2023-11-24T09:22:00Z,0.0556,0.05563,0.0556,0.05563,7.33592258
Kraken:ETHXBT,2023-11-24T09:25:00Z,0.05562,0.05562,0.05562,0.05562,1
Kraken:ETHXBT,2023-11-24T09:26:00Z,0.05559,0.05559,0.05559,0.05559,0.88663766
Kraken:ETHXBT,2023-11-24T09:33:00Z,0.05558,0.05558,0.05558,0.05558,0.25558
Kraken:ETHXBT,2023-11-24T09:37:00Z,0.05565,0.05565,0.05565,0.05565,0.28694886
Kraken:ETHXBT,2023-11-24T09:38:00Z,0.05566,0.05596,0.05566,0.05578,45.10561766
Kraken:ETHXBT,2023-11-24T09:39:00Z,0.0558,0.0558,0.05575,0.05575,12.63713065
Kraken:ETHXBT,2023-11-24T09:40:00Z,0.05577,0.05578,0.05577,0.05577,10.50361702
Kraken:ETHXBT,2023-11-24T09:42:00Z,0.05584,0.05593,0.05584,0.05593,0.62577355
Kraken:ETHXBT,2023-11-24T09:43:00Z,0.05594,0.05594,0.05585,0.05587,2.24986157
Kraken:ETHXBT,2023-11-24T09:44:00Z,0.05593,0.05593,0.05593,0.05593,0.53091995
Kraken:ETHXBT,2023-11-24T09:45:00Z,0.05591,0.05597,0.05591,0.05597,1.20918116
Kraken:ETHXBT,2023-11-24T09:46:00Z,0.05598,0.05606,0.05598,0.05606,15.30325551
Kraken:ETHXBT,2023-11-24T09:47:00Z,0.05599,0.05599,0.05599,0.05599,1.5
Kraken:ETHXBT,2023-11-24T09:48:00Z,0.05602,0.05602,0.05599,0.05599,0.0551984
Kraken:ETHXBT,2023-11-24T09:49:00Z,0.05598,0.05598,0.05598,0.05598,0.01
Kraken:ETHXBT,2023-11-24T09:50:00Z,0.05598,0.05598,0.05598,0.05598,2.73521257
Kraken:ETHXBT,2023-11-24T09:51:00Z,0.05598,0.05599,0.05593,0.05593,47.43936972
Kraken:ETHXBT,2023-11-24T09:52:00Z,0.05606,0.05607,0.05606,0.05606,0.07251435
Kraken:ETHXBT,2023-11-24T09:55:00Z,0.05606,0.05608,0.05606,0.05607,1.1403643
Kraken:ETHXBT,2023-11-24T09:56:00Z,0.05605,0.05605,0.05602,0.05602,0.13581584
Kraken:ETHXBT,2023-11-24T09:57:00Z,0.05601,0.05601,0.05601,0.05601,0.01223948
Kraken:ETHXBT,2023-11-24T09:58:00Z,0.056,0.05604,0.056,0.05604,0.13247087
Kraken:ETHXBT,2023-11-24T09:59:00Z,0.05603,0.05605,0.05603,0.05605,0.07149978
Kraken:ETHXBT,2023-11-24T10:00:00Z,0.05608,0.05609,0.05607,0.05607,3.9883284
Kraken:ETHXBT,2023-11-24T10:02:00Z,0.056,0.056,0.056,0.056,0.01498
Kraken:ETHXBT,2023-11-24T10:07:00Z,0.05592,0.05592,0.05592,0.05592,0.01000363
Kraken:ETHXBT,2023-11-24T10:08:00Z,0.05593,0.05594,0.05593,0.05594,1.78794922
Kraken:ETHXBT,2023-11-24T10:09:00Z,0.05593,0.05593,0.05593,0.05593,0.01
Kraken:ETHXBT,2023-11-24T10:10:00Z,0.05595,0.05596,0.05595,0.05596,1.01
Kraken:ETHXBT,2023-11-24T10:13:00Z,0.05595,0.05598,0.05595,0.05598,0.34065835
Kraken:ETHXBT,2023-11-24T10:18:00Z,0.05602,0.05604,0.05601,0.05603,3.04677169
Kraken:ETHXBT,2023-11-24T10:20:00Z,0.05601,0.05601,0.05601,0.05601,1.00000892
Kraken:ETHXBT,2023-11-24T10:22:00Z,0.05601,0.05604,0.056,0.05604,0.75360417
Kraken:ETHXBT,2023-11-24T10:23:00Z,0.0561,0.05613,0.0561,0.05613,8.83736925
Kraken:ETHXBT,2023-11-24T10:24:00Z,0.05605,0.05605,0.05604,0.05605,0.4385446
Kraken:ETHXBT,2023-11-24T10:25:00Z,0.05607,0.05607,0.05606,0.05606,4.16817019
Kraken:ETHXBT,2023-11-24T10:27:00Z,0.05606,0.05606,0.05606,0.05606,0.01
Kraken:ETHXBT,2023-11-24T10:28:00Z,0.0561,0.0561,0.0561,0.0561,18.09973262
Kraken:ETHXBT,2023-11-24T10:29:00Z,0.05607,0.05608,0.05604,0.05604,24.66393338
Kraken:ETHXBT,2023-11-24T10:30:00Z,0.05607,0.05607,0.05603,0.05603,0.53790107
Kraken:ETHXBT,2023-11-24T10:31:00Z,0.05604,0.05604,0.05604,0.05604,0.025318
Kraken:ETHXBT,2023-11-24T10:33:00Z,0.05601,0.05601,0.05595,0.05595,19.73425775
Kraken:ETHXBT,2023-11-24T10:34:00Z,0.05592,0.05597,0.05592,0.05596,9.51867649
Kraken:ETHXBT,2023-11-24T10:35:00Z,0.05602,0.05605,0.05601,0.05605,0.03169989
Kraken:ETHXBT,2023-11-24T10:36:00Z,0.05599,0.05599,0.05599,0.05599,0.13638828
Kraken:ETHXBT,2023-11-24T10:37:00Z,0.05601,0.05601,0.05601,0.05601,0.02169989
Kraken:ETHXBT,2023-11-24T10:38:00Z,0.05603,0.05608,0.05603,0.05608,0.17313566
Kraken:ETHXBT,2023-11-24T10:39:00Z,0.05609,0.05609,0.05609,0.05609,0.37702681
Kraken:ETHXBT,2023-11-24T10:41:00Z,0.05602,0.05602,0.05602,0.05602,0.00546442
Kraken:ETHXBT,2023-11-24T10:42:00Z,0.056,0.056,0.05597,0.05597,2
Kraken:ETHXBT,2023-11-24T10:44:00Z,0.05604,0.05604,0.05604,0.05604,0.00356888
Kraken:ETHXBT,2023-11-24T10:45:00Z,0.05602,0.05602,0.05602,0.05602,0.015
Kraken:ETHXBT,2023-11-24T10:47:00Z,0.05599,0.05602,0.05599,0.05602,0.03214031
Kraken:ETHXBT,2023-11-24T10:51:00Z,0.05602,0.05602,0.05602,0.05602,0.01071
Kraken:ETHXBT,2023-11-24T10:52:00Z,0.05599,0.05599,0.05595,0.05595,7.19
Kraken:ETHXBT,2023-11-24T10:54:00Z,0.05592,0.05594,0.05592,0.05594,6.52492106
Kraken:ETHXBT,2023-11-24T10:55:00Z,0.05591,0.05591,0.05591,0.05591,0.00089207
Kraken:ETHXBT,2023-11-24T10:59:00Z,0.05593,0.05593,0.05593,0.05593,0.1
Kraken:ETHXBT,2023-11-24T11:00:00Z,0.05591,0.05591,0.05587,0.05587,0.1520433
Kraken:ETHXBT,2023-11-24T11:01:00Z,0.05587,0.05587,0.05587,0.05587,0.5
Kraken:ETHXBT,2023-11-24T11:02:00Z,0.05585,0.05585,0.05584,0.05584,0.39434335
Kraken:ETHXBT,2023-11-24T11:03:00Z,0.05585,0.05585,0.05583,0.05583,27.77686351
Kraken:ETHXBT,2023-11-24T11:04:00Z,0.05584,0.05586,0.05584,0.05586,28.77888661
Kraken:ETHXBT,2023-11-24T11:05:00Z,0.05586,0.05586,0.05586,0.05586,9.11726389
Kraken:ETHXBT,2023-11-24T11:08:00Z,0.05584,0.05584,0.05584,0.05584,1.46202624
Kraken:ETHXBT,2023-11-24T11:13:00Z,0.05581,0.05581,0.05581,0.05581,0.14641751
Kraken:ETHXBT,2023-11-24T11:14:00Z,0.05581,0.05581,0.05581,0.05581,0.06499256
Kraken:ETHXBT,2023-11-24T11:16:00Z,0.05582,0.05582,0.05582,0.05582,0.04117786
Kraken:ETHXBT,2023-11-24T11:17:00Z,0.05583,0.05583,0.05583,0.05583,0.05171
Kraken:ETHXBT,2023-11-24T11:18:00Z,0.05585,0.05585,0.05585,0.05585,0.0358102
Kraken:ETHXBT,2023-11-24T11:19:00Z,0.05584,0.05586,0.05584,0.05586,8.46371489
Kraken:ETHXBT,2023-11-24T11:21:00Z,0.05584,0.05584,0.05584,0.05584,0.55779518
Kraken:ETHXBT,2023-11-24T11:22:00Z,0.0558,0.05582,0.0558,0.05582,0.02208783
Kraken:ETHXBT,2023-11-24T11:23:00Z,0.0558,0.0558,0.0558,0.0558,0.1197713
Kraken:ETHXBT,2023-11-24T11:24:00Z,0.05576,0.05576,0.05575,0.05575,0.07939724
Kraken:ETHXBT,2023-11-24T11:28:00Z,0.05574,0.05574,0.05573,0.05573,0.34565322
Kraken:ETHXBT,2023-11-24T11:31:00Z,0.05573,0.05573,0.05573,0.05573,0.81124491
Kraken:ETHXBT,2023-11-24T11:32:00Z,0.05571,0.05571,0.05571,0.05571,2.7259378
Kraken:ETHXBT,2023-11-24T11:33:00Z,0.0557,0.05572,0.0557,0.05572,0.0690789
Kraken:ETHXBT,2023-11-24T11:34:00Z,0.05568,0.05568,0.05559,0.0556,10.09429641
Kraken:ETHXBT,2023-11-24T11:35:00Z,0.05572,0.05572,0.05572,0.05572,4.78908929
Kraken:ETHXBT,2023-11-24T11:36:00Z,0.05566,0.05566,0.05566,0.05566,2.5
Kraken:ETHXBT,2023-11-24T11:37:00Z,0.05564,0.05569,0.05564,0.05567,0.33670022
Kraken:ETHXBT,2023-11-24T11:38:00Z,0.05566,0.0557,0.05566,0.0557,0.18577463
Kraken:ETHXBT,2023-11-24T11:39:00Z,0.05562,0.05562,0.05562,0.05562,0.01152118
Kraken:ETHXBT,2023-11-24T11:40:00Z,0.05563,0.05564,0.05563,0.05564,0.02525052
Kraken:ETHXBT,2023-11-24T11:41:00Z,0.05564,0.05564,0.0556,0.0556,0.0223098
Kraken:ETHXBT,2023-11-24T11:42:00Z,0.05558,0.05558,0.05558,0.05558,0.9920992
Kraken:ETHXBT,2023-11-24T11:44:00Z,0.05557,0.05557,0.05554,0.05554,0.80555624
Kraken:ETHXBT,2023-11-24T11:45:00Z,0.05553,0.05555,0.05553,0.05555,28.83989368
Kraken:ETHXBT,2023-11-24T11:46:00Z,0.05552,0.05552,0.05552,0.05552,0.14899065
Kraken:ETHXBT,2023-11-24T11:48:00Z,0.05557,0.05557,0.05556,0.05556,4.76141674
Kraken:ETHXBT,2023-11-24T11:49:00Z,0.05557,0.05557,0.05557,0.05557,0.01474443
Kraken:ETHXBT,2023-11-24T11:50:00Z,0.0556,0.0556,0.0556,0.0556,4.77749647
Kraken:ETHXBT,2023-11-24T11:52:00Z,0.05555,0.05559,0.05555,0.05558,10.08027885
Kraken:ETHXBT,2023-11-24T11:53:00Z,0.05556,0.05558,0.05556,0.05558,5.03392452
Kraken:ETHXBT,2023-11-24T11:54:00Z,0.05557,0.05557,0.05557,0.05557,5
Kraken:ETHXBT,2023-11-24T11:55:00Z,0.05558,0.05558,0.05558,0.05558,0.02483539
Kraken:ETHXBT,2023-11-24T11:56:00Z,0.05557,0.05561,0.05557,0.05559,1.22451333
Kraken:ETHXBT,2023-11-24T11:57:00Z,0.05557,0.05557,0.05557,0.05557,0.34315
Kraken:ETHXBT,2023-11-24T11:59:00Z,0.05556,0.05557,0.05556,0.05557,0.02350348
Kraken:ETHXBT,2023-11-24T12:00:00Z,0.05556,0.05556,0.05556,0.05556,0.0108696
Kraken:ETHXBT,2023-11-24T12:02:00Z,0.05555,0.05555,0.05555,0.05555,0.01014722
Kraken:ETHXBT,2023-11-24T12:03:00Z,0.05556,0.05556,0.05555,0.05555,1.21110402
Kraken:ETHXBT,2023-11-24T12:04:00Z,0.05552,0.05552,0.05552,0.05552,0.24345393
Kraken:ETHXBT,2023-11-24T12:05:00Z,0.05554,0.05554,0.05554,0.05554,0.11109377
Kraken:ETHXBT,2023-11-24T12:08:00Z,0.05556,0.05557,0.05556,0.05557,1.00289974
Kraken:ETHXBT,2023-11-24T12:11:00Z,0.05557,0.05557,0.05557,0.05557,0.69326285
Kraken:ETHXBT,2023-11-24T12:14:00Z,0.05557,0.05557,0.05557,0.05557,0.389474
Kraken:ETHXBT,2023-11-24T12:15:00Z,0.05555,0.05555,0.05555,0.05555,0.00639
Kraken:ETHXBT,2023-11-24T12:16:00Z,0.05555,0.05557,0.05555,0.05557,0.53981956
Kraken:ETHXBT,2023-11-24T12:18:00Z,0.05554,0.05554,0.05554,0.05554,0.026
Kraken:ETHXBT,2023-11-24T12:20:00Z,0.05551,0.05551,0.05551,0.05551,4.45114
Kraken:ETHXBT,2023-11-24T12:22:00Z,0.05552,0.05552,0.05551,0.05551,0.14868
Kraken:ETHXBT,2023-11-24T12:24:00Z,0.0555,0.0555,0.0555,0.0555,0.0936
Kraken:ETHXBT,2023-11-24T12:26:00Z,0.05548,0.05548,0.05548,0.05548,0.0488998
Kraken:ETHXBT,2023-11-24T12:27:00Z,0.0555,0.0555,0.0555,0.0555,0.02
Kraken:ETHXBT,2023-11-24T12:29:00Z,0.05547,0.05547,0.05547,0.05547,0.62546981
Kraken:ETHXBT,2023-11-24T12:34:00Z,0.05557,0.05557,0.05556,0.05556,0.68426504
Kraken:ETHXBT,2023-11-24T12:37:00Z,0.05558,0.05558,0.05558,0.05558,5
Kraken:ETHXBT,2023-11-24T12:38:00Z,0.05558,0.05558,0.05557,0.05557,7.24343617
Kraken:ETHXBT,2023-11-24T12:39:00Z,0.05557,0.05557,0.05557,0.05557,0.10869
Kraken:ETHXBT,2023-11-24T12:40:00Z,0.05556,0.05556,0.05556,0.05556,0.26105128
Kraken:ETHXBT,2023-11-24T12:44:00Z,0.05557,0.05557,0.05557,0.05557,0.051996
Kraken:ETHXBT,2023-11-24T12:45:00Z,0.05558,0.05558,0.05558,0.05558,2.47297335
Kraken:ETHXBT,2023-11-24T12:48:00Z,0.05563,0.05563,0.05562,0.05562,0.62254
Kraken:ETHXBT,2023-11-24T12:49:00Z,0.05566,0.05566,0.05566,0.05566,0.00434064
Kraken:ETHXBT,2023-11-24T12:50:00Z,0.05565,0.05565,0.05565,0.05565,0.07
Kraken:ETHXBT,2023-11-24T12:51:00Z,0.05566,0.05566,0.05566,0.05566,0.6352
Kraken:ETHXBT,2023-11-24T12:52:00Z,0.05565,0.05565,0.05564,0.05564,0.34515902
Kraken:ETHXBT,2023-11-24T12:54:00Z,0.05565,0.05565,0.05565,0.05565,0.10068877
Kraken:ETHXBT,2023-11-24T12:55:00Z,0.05571,0.05571,0.05571,0.05571,0.00174019
Kraken:ETHXBT,2023-11-24T12:56:00Z,0.05571,0.05571,0.05571,0.05571,0.01605407
Kraken:ETHXBT,2023-11-24T12:58:00Z,0.05573,0.05574,0.05573,0.05574,1.07979879
Kraken:ETHXBT,2023-11-24T13:00:00Z,0.05575,0.05578,0.05575,0.05575,0.49157385
Kraken:ETHXBT,2023-11-24T13:02:00Z,0.05572,0.05572,0.05572,0.05572,0.16074812
Kraken:ETHXBT,2023-11-24T13:04:00Z,0.05566,0.05566,0.05566,0.05566,0.5
Kraken:ETHXBT,2023-11-24T13:05:00Z,0.05567,0.05567,0.05564,0.05564,4.82091779
Kraken:ETHXBT,2023-11-24T13:06:00Z,0.05567,0.0557,0.05567,0.0557,0.04902412
Kraken:ETHXBT,2023-11-24T13:10:00Z,0.05573,0.05573,0.05573,0.05573,4.203
Kraken:ETHXBT,2023-11-24T13:11:00Z,0.0557,0.0557,0.0557,0.0557,0.00315
Kraken:ETHXBT,2023-11-24T13:12:00Z,0.0557,0.0557,0.0557,0.0557,0.037379
Kraken:ETHXBT,2023-11-24T13:14:00Z,0.0557,0.0557,0.0557,0.0557,0.9400859
Kraken:ETHXBT,2023-11-24T13:17:00Z,0.05567,0.05567,0.05567,0.05567,0.19836651
Kraken:ETHXBT,2023-11-24T13:22:00Z,0.05571,0.05571,0.05571,0.05571,0.98033941
Kraken:ETHXBT,2023-11-24T13:28:00Z,0.05575,0.05575,0.05575,0.05575,0.15137322
Kraken:ETHXBT,2023-11-24T13:29:00Z,0.05575,0.05575,0.05572,0.05572,3
Kraken:ETHXBT,2023-11-24T13:31:00Z,0.05573,0.05573,0.05573,0.05573,0.02233701
Kraken:ETHXBT,2023-11-24T13:34:00Z,0.05573,0.05573,0.05573,0.05573,0.4687086
Kraken:ETHXBT,2023-11-24T13:35:00Z,0.05575,0.05575,0.05575,0.05575,0.02662944
Kraken:ETHXBT,2023-11-24T13:39:00Z,0.05576,0.05576,0.05576,0.05576,0.01755716
Kraken:ETHXBT,2023-11-24T13:40:00Z,0.05574,0.05574,0.05574,0.05574,0.01180996
Kraken:ETHXBT,2023-11-24T13:45:00Z,0.05568,0.05569,0.05568,0.05569,1.15554292
Kraken:ETHXBT,2023-11-24T13:47:00Z,0.0557,0.0557,0.0557,0.0557,0.11833318
Kraken:ETHXBT,2023-11-24T13:49:00Z,0.05572,0.05572,0.05572,0.05572,0.05712459
Kraken:ETHXBT,2023-11-24T13:50:00Z,0.05569,0.05569,0.05569,0.05569,0.04514
Kraken:ETHXBT,2023-11-24T13:53:00Z,0.05569,0.05569,0.05569,0.05569,0.58203902
Kraken:ETHXBT,2023-11-24T13:55:00Z,0.05564,0.05564,0.05564,0.05564,0.01
Kraken:ETHXBT,2023-11-24T13:57:00Z,0.05568,0.05568,0.05568,0.05568,4.18492092
Kraken:ETHXBT,2023-11-24T13:58:00Z,0.0557,0.0557,0.05569,0.05569,0.01406504
Kraken:ETHXBT,2023-11-24T13:59:00Z,0.0557,0.0557,0.0557,0.0557,0.01734996
Kraken:ETHXBT,2023-11-24T14:01:00Z,0.05572,0.05572,0.05572,0.05572,0.33208731
Kraken:ETHXBT,2023-11-24T14:02:00Z,0.05571,0.05573,0.05571,0.05573,2.3030248
Kraken:ETHXBT,2023-11-24T14:03:00Z,0.05573,0.05573,0.05573,0.05573,0.01394045
Kraken:ETHXBT,2023-11-24T14:04:00Z,0.0557,0.05572,0.0557,0.05572,0.5758
Kraken:ETHXBT,2023-11-24T14:06:00Z,0.05575,0.05575,0.05575,0.05575,0.02
Kraken:ETHXBT,2023-11-24T14:07:00Z,0.05578,0.05578,0.05578,0.05578,0.05197676
Kraken:ETHXBT,2023-11-24T14:08:00Z,0.05578,0.05579,0.05578,0.05578,4.82710785
Kraken:ETHXBT,2023-11-24T14:10:00Z,0.05575,0.05576,0.05575,0.05576,0.74630369
Kraken:ETHXBT,2023-11-24T14:11:00Z,0.05576,0.05577,0.05576,0.05577,1.24356799
Kraken:ETHXBT,2023-11-24T14:12:00Z,0.05576,0.05577,0.05574,0.05574,0.29061188
Kraken:ETHXBT,2023-11-24T14:16:00Z,0.05578,0.05578,0.05578,0.05578,0.0662984
Kraken:ETHXBT,2023-11-24T14:18:00Z,0.05579,0.05579,0.05579,0.05579,0.93652206
Kraken:ETHXBT,2023-11-24T14:21:00Z,0.05577,0.05577,0.05577,0.05577,0.00308618
Kraken:ETHXBT,2023-11-24T14:25:00Z,0.05575,0.05575,0.05575,0.05575,0.04834
Kraken:ETHXBT,2023-11-24T14:27:00Z,0.05574,0.05574,0.05574,0.05574,3.1
Kraken:ETHXBT,2023-11-24T14:28:00Z,0.05575,0.05575,0.05575,0.05575,0.03236778
Kraken:ETHXBT,2023-11-24T14:29:00Z,0.05576,0.05576,0.05576,0.05576,0.04654516
Kraken:ETHXBT,2023-11-24T14:30:00Z,0.05578,0.05579,0.05578,0.05579,6.01860548
Kraken:ETHXBT,2023-11-24T14:31:00Z,0.0558,0.0558,0.0558,0.0558,0.14724287
Kraken:ETHXBT,2023-11-24T14:32:00Z,0.05582,0.05582,0.05582,0.05582,0.14512356
Kraken:ETHXBT,2023-11-24T14:34:00Z,0.05583,0.05583,0.05582,0.05582,0.33548209
Kraken:ETHXBT,2023-11-24T14:35:00Z,0.05585,0.05585,0.05585,0.05585,0.13743829
Kraken:ETHXBT,2023-11-24T14:36:00Z,0.05583,0.05583,0.05583,0.05583,7.22000827
Kraken:ETHXBT,2023-11-24T14:42:00Z,0.05586,0.05586,0.05586,0.05586,4.79575969
Kraken:ETHXBT,2023-11-24T14:43:00Z,0.05585,0.05585,0.05585,0.05585,0.00683
Kraken:ETHXBT,2023-11-24T14:44:00Z,0.05587,0.05587,0.05587,0.05587,0.05661708
Kraken:ETHXBT,2023-11-24T14:45:00Z,0.05588,0.05588,0.05588,0.05588,0.24575876
Kraken:ETHXBT,2023-11-24T14:47:00Z,0.05587,0.05587,0.05587,0.05587,0.01
Kraken:ETHXBT,2023-11-24T14:48:00Z,0.05589,0.05589,0.05589,0.05589,0.13834796
Kraken:ETHXBT,2023-11-24T14:49:00Z,0.05592,0.05592,0.05592,0.05592,2.96643997
Kraken:ETHXBT,2023-11-24T14:50:00Z,0.05588,0.05589,0.05588,0.05589,5.01605
Kraken:ETHXBT,2023-11-24T14:51:00Z,0.05593,0.05593,0.05593,0.05593,0.34781036
Kraken:ETHXBT,2023-11-24T14:52:00Z,0.05594,0.05594,0.05594,0.05594,0.14041181
Kraken:ETHXBT,2023-11-24T14:56:00Z,0.0559,0.0559,0.05589,0.05589,0.2564452
Kraken:ETHXBT,2023-11-24T14:57:00Z,0.05591,0.05591,0.05591,0.05591,2.26123776
Kraken:ETHXBT,2023-11-24T14:59:00Z,0.05591,0.05591,0.05591,0.05591,0.0114169
Kraken:ETHXBT,2023-11-24T15:00:00Z,0.05596,0.05596,0.05596,0.05596,0.15363537
Kraken:ETHXBT,2023-11-24T15:02:00Z,0.05597,0.05597,0.05597,0.05597,0.01
Kraken:ETHXBT,2023-11-24T15:04:00Z,0.05601,0.05601,0.05601,0.05601,2.26123776
Kraken:ETHXBT,2023-11-24T15:05:00Z,0.05601,0.05601,0.056,0.056,2.76123776
Kraken:ETHXBT,2023-11-24T15:06:00Z,0.056,0.056,0.056,0.056,2.67857142
Kraken:ETHXBT,2023-11-24T15:07:00Z,0.05601,0.05601,0.05599,0.05599,31.79745387
Kraken:ETHXBT,2023-11-24T15:09:00Z,0.05592,0.05592,0.05592,0.05592,1.367
Kraken:ETHXBT,2023-11-24T15:12:00Z,0.0559,0.0559,0.0559,0.0559,0.01
Kraken:ETHXBT,2023-11-24T15:14:00Z,0.05587,0.05587,0.05587,0.05587,0.05272166
Kraken:ETHXBT,2023-11-24T15:17:00Z,0.05582,0.05583,0.05578,0.05581,22.60476497
Kraken:ETHXBT,2023-11-24T15:18:00Z,0.05579,0.05579,0.05578,0.05578,0.09757877
Kraken:ETHXBT,2023-11-24T15:21:00Z,0.05576,0.05576,0.05575,0.05575,4.33744394
Kraken:ETHXBT,2023-11-24T15:22:00Z,0.05577,0.05577,0.05577,0.05577,0.02176361
Kraken:ETHXBT,2023-11-24T15:24:00Z,0.05574,0.05574,0.05562,0.05562,1.00489264
Kraken:ETHXBT,2023-11-24T15:25:00Z,0.05561,0.05567,0.05561,0.05564,5.20961765
Kraken:ETHXBT,2023-11-24T15:26:00Z,0.05563,0.05565,0.05559,0.05565,5.59464677
Kraken:ETHXBT,2023-11-24T15:27:00Z,0.0556,0.0556,0.05556,0.05557,6.11247254
Kraken:ETHXBT,2023-11-24T15:28:00Z,0.05555,0.05555,0.05554,0.05554,0.9895088
Kraken:ETHXBT,2023-11-24T15:29:00Z,0.05553,0.05553,0.05552,0.05552,0.19549403
Kraken:ETHXBT,2023-11-24T15:30:00Z,0.05551,0.05553,0.05551,0.05553,0.33794842
Kraken:ETHXBT,2023-11-24T15:31:00Z,0.05555,0.05556,0.05555,0.05556,0.46621732
Kraken:ETHXBT,2023-11-24T15:32:00Z,0.05561,0.05562,0.05561,0.05562,0.12626618
Kraken:ETHXBT,2023-11-24T15:33:00Z,0.05558,0.05558,0.05553,0.05553,0.17696174
Kraken:ETHXBT,2023-11-24T15:34:00Z,0.05551,0.05551,0.05551,0.05551,0.0310286
Kraken:ETHXBT,2023-11-24T15:35:00Z,0.05552,0.05552,0.05552,0.05552,0.5
Kraken:ETHXBT,2023-11-24T15:36:00Z,0.05552,0.05552,0.05552,0.05552,0.05837
Kraken:ETHXBT,2023-11-24T15:37:00Z,0.05551,0.05551,0.05551,0.05551,1.5422054
Kraken:ETHXBT,2023-11-24T15:38:00Z,0.0555,0.0555,0.05546,0.05546,3.89930696
Kraken:ETHXBT,2023-11-24T15:39:00Z,0.05545,0.05545,0.05544,0.05544,0.42241346
Kraken:ETHXBT,2023-11-24T15:40:00Z,0.05545,0.05548,0.05545,0.05545,8.74197314
Kraken:ETHXBT,2023-11-24T15:41:00Z,0.05549,0.05549,0.05549,0.05549,5.5
Kraken:ETHXBT,2023-11-24T15:42:00Z,0.0555,0.05551,0.0555,0.05551,1.44367183
Kraken:ETHXBT,2023-11-24T15:43:00Z,0.05552,0.05552,0.05552,0.05552,0.21626229
Kraken:ETHXBT,2023-11-24T15:44:00Z,0.05555,0.05556,0.05552,0.05552,2.7974116
Kraken:ETHXBT,2023-11-24T15:46:00Z,0.05547,0.05548,0.05547,0.05548,0.03
Kraken:ETHXBT,2023-11-24T15:47:00Z,0.05556,0.05558,0.05556,0.05558,5.047997
Kraken:ETHXBT,2023-11-24T15:48:00Z,0.0556,0.0556,0.05553,0.05553,1.89992837
Kraken:ETHXBT,2023-11-24T15:49:00Z,0.05552,0.05552,0.05552,0.05552,0.014
Kraken:ETHXBT,2023-11-24T15:50:00Z,0.05552,0.05552,0.05551,0.05551,1.12064942
Kraken:ETHXBT,2023-11-24T15:51:00Z,0.05555,0.05556,0.05555,0.05556,7.77
Kraken:ETHXBT,2023-11-24T15:52:00Z,0.05552,0.05552,0.05552,0.05552,0.61679018
Kraken:ETHXBT,2023-11-24T15:53:00Z,0.05552,0.05552,0.05552,0.05552,0.01098145
Kraken:ETHXBT,2023-11-24T15:54:00Z,0.05551,0.05551,0.05546,0.05546,0.27351904
Kraken:ETHXBT,2023-11-24T15:55:00Z,0.05546,0.05546,0.05543,0.05543,0.26949295
Kraken:ETHXBT,2023-11-24T15:56:00Z,0.0554,0.0554,0.05539,0.05539,0.1032064
Kraken:ETHXBT,2023-11-24T15:58:00Z,0.05542,0.05543,0.05542,0.05543,0.10185912
Kraken:ETHXBT,2023-11-24T15:59:00Z,0.05541,0.05541,0.05541,0.05541,0.05171067
Kraken:ETHXBT,2023-11-24T16:00:00Z,0.05538,0.05538,0.05535,0.05535,0.39762435
Kraken:ETHXBT,2023-11-24T16:02:00Z,0.05539,0.05539,0.05537,0.05537,0.13763766
Kraken:ETHXBT,2023-11-24T16:03:00Z,0.05534,0.05534,0.05533,0.05533,0.48066742
Kraken:ETHXBT,2023-11-24T16:04:00Z,0.05538,0.05538,0.05538,0.05538,0.07441291
Kraken:ETHXBT,2023-11-24T16:05:00Z,0.05538,0.05538,0.05538,0.05538,1
Kraken:ETHXBT,2023-11-24T16:06:00Z,0.05537,0.05537,0.05536,0.05536,0.1290221
Kraken:ETHXBT,2023-11-24T16:08:00Z,0.05538,0.05538,0.05538,0.05538,0.17747568
Kraken:ETHXBT,2023-11-24T16:09:00Z,0.05539,0.05539,0.05539,0.05539,0.03892138
Kraken:ETHXBT,2023-11-24T16:11:00Z,0.05545,0.05545,0.05542,0.05542,1.23228251
Kraken:ETHXBT,2023-11-24T16:12:00Z,0.05537,0.05544,0.05537,0.05544,1.09289019
Kraken:ETHXBT,2023-11-24T16:13:00Z,0.05545,0.05547,0.05545,0.05547,36
Kraken:ETHXBT,2023-11-24T16:14:00Z,0.05549,0.05553,0.05549,0.05553,0.10290982
Kraken:ETHXBT,2023-11-24T16:15:00Z,0.05554,0.05554,0.05554,0.05554,0.01302906
Kraken:ETHXBT,2023-11-24T16:16:00Z,0.05556,0.05557,0.05556,0.05557,0.13986089
Kraken:ETHXBT,2023-11-24T16:17:00Z,0.05558,0.05558,0.05554,0.05554,18.28525577
Kraken:ETHXBT,2023-11-24T16:18:00Z,0.05551,0.05551,0.05551,0.05551,0.45808513
Kraken:ETHXBT,2023-11-24T16:19:00Z,0.05548,0.05548,0.05548,0.05548,0.04511343
Kraken:ETHXBT,2023-11-24T16:20:00Z,0.05546,0.05548,0.05546,0.05548,0.11735498
Kraken:ETHXBT,2023-11-24T16:21:00Z,0.05548,0.05548,0.05547,0.05547,1.70981604
Kraken:ETHXBT,2023-11-24T16:22:00Z,0.05545,0.05545,0.05545,0.05545,0.72108163
Kraken:ETHXBT,2023-11-24T16:23:00Z,0.05546,0.05546,0.05542,0.05542,0.03675675
Kraken:ETHXBT,2023-11-24T16:26:00Z,0.05541,0.05541,0.05541,0.05541,0.2351457
Kraken:ETHXBT,2023-11-24T16:28:00Z,0.05542,0.05542,0.05542,0.05542,2.614
Kraken:ETHXBT,2023-11-24T16:30:00Z,0.05543,0.05543,0.05543,0.05543,0.209
Kraken:ETHXBT,2023-11-24T16:31:00Z,0.05539,0.05539,0.05539,0.05539,1.52206641
Kraken:ETHXBT,2023-11-24T16:32:00Z,0.05539,0.05543,0.05535,0.05543,26.28842681
Kraken:ETHXBT,2023-11-24T16:34:00Z,0.05544,0.05544,0.05542,0.05542,8.95806898
Kraken:ETHXBT,2023-11-24T16:35:00Z,0.05545,0.05546,0.05545,0.05546,0.07443534
Kraken:ETHXBT,2023-11-24T16:36:00Z,0.05543,0.05543,0.05539,0.05539,2.04394824
Kraken:ETHXBT,2023-11-24T16:40:00Z,0.05533,0.05533,0.05533,0.05533,0.18181271
Kraken:ETHXBT,2023-11-24T16:41:00Z,0.05531,0.05531,0.05531,0.05531,0.5
Kraken:ETHXBT,2023-11-24T16:43:00Z,0.05533,0.05533,0.05532,0.05532,10.06422072
Kraken:ETHXBT,2023-11-24T16:45:00Z,0.0553,0.0553,0.0553,0.0553,6.448
Kraken:ETHXBT,2023-11-24T16:46:00Z,0.05531,0.05532,0.05531,0.05532,28.52569689
Kraken:ETHXBT,2023-11-24T16:47:00Z,0.05529,0.05529,0.05527,0.05527,0.1977046
Kraken:ETHXBT,2023-11-24T16:49:00Z,0.05531,0.05536,0.05531,0.05536,0.10357643
Kraken:ETHXBT,2023-11-24T16:50:00Z,0.05537,0.05539,0.05537,0.05539,0.51396007
Kraken:ETHXBT,2023-11-24T16:51:00Z,0.05544,0.05548,0.05543,0.05548,4.8453234
Kraken:ETHXBT,2023-11-24T16:52:00Z,0.05549,0.05552,0.05549,0.05549,22.46380489
Kraken:ETHXBT,2023-11-24T16:53:00Z,0.05554,0.05554,0.05553,0.05553,0.20335897
Kraken:ETHXBT,2023-11-24T16:54:00Z,0.05552,0.05559,0.05552,0.05559,20.49137094
Kraken:ETHXBT,2023-11-24T16:55:00Z,0.05554,0.05561,0.05554,0.05558,0.31177808
Kraken:ETHXBT,2023-11-24T16:56:00Z,0.0556,0.0556,0.05557,0.05557,0.2383218
Kraken:ETHXBT,2023-11-24T16:57:00Z,0.05559,0.05559,0.05559,0.05559,1.7422612
Kraken:ETHXBT,2023-11-24T16:59:00Z,0.0556,0.0556,0.0556,0.0556,0.08
Kraken:ETHXBT,2023-11-24T17:00:00Z,0.05561,0.05561,0.05561,0.05561,0.10174237
Kraken:ETHXBT,2023-11-24T17:02:00Z,0.05562,0.05562,0.05562,0.05562,0.05394713
Kraken:ETHXBT,2023-11-24T17:03:00Z,0.05563,0.05563,0.05563,0.05563,0.01038035
Kraken:ETHXBT,2023-11-24T17:04:00Z,0.0556,0.0556,0.05559,0.05559,0.8711
Kraken:ETHXBT,2023-11-24T17:05:00Z,0.05563,0.05564,0.05563,0.05564,0.32974584
Kraken:ETHXBT,2023-11-24T17:07:00Z,0.05565,0.05568,0.05565,0.05568,0.97599705
Kraken:ETHXBT,2023-11-24T17:08:00Z,0.05564,0.05567,0.05564,0.05567,1
Kraken:ETHXBT,2023-11-24T17:11:00Z,0.05558,0.05558,0.05557,0.05557,0.21626229
Kraken:ETHXBT,2023-11-24T17:12:00Z,0.05558,0.05558,0.05558,0.05558,1
Kraken:ETHXBT,2023-11-24T17:16:00Z,0.05562,0.05562,0.05562,0.05562,0.33968025
Kraken:ETHXBT,2023-11-24T17:17:00Z,0.05559,0.05559,0.05559,0.05559,1.60977
Kraken:ETHXBT,2023-11-24T17:18:00Z,0.05562,0.05563,0.05562,0.05563,1.01990263
Kraken:ETHXBT,2023-11-24T17:20:00Z,0.05562,0.05562,0.05562,0.05562,0.13167161
Kraken:ETHXBT,2023-11-24T17:21:00Z,0.05564,0.05564,0.05564,0.05564,0.00720665
Kraken:ETHXBT,2023-11-24T17:25:00Z,0.05562,0.05562,0.05562,0.05562,0.87703142
Kraken:ETHXBT,2023-11-24T17:26:00Z,0.05561,0.05561,0.05561,0.05561,0.04666343
Kraken:ETHXBT,2023-11-24T17:28:00Z,0.05561,0.05565,0.05561,0.05565,100.05606198
Kraken:ETHXBT,2023-11-24T17:33:00Z,0.05562,0.05562,0.05562,0.05562,0.02025
Kraken:ETHXBT,2023-11-24T17:35:00Z,0.05562,0.05562,0.05562,0.05562,0.01835
Kraken:ETHXBT,2023-11-24T17:39:00Z,0.05561,0.05561,0.05561,0.05561,0.05491204
Kraken:ETHXBT,2023-11-24T17:41:00Z,0.05561,0.05561,0.05561,0.05561,0.10634307
Kraken:ETHXBT,2023-11-24T17:42:00Z,0.05565,0.05565,0.05565,0.05565,0.16913882
Kraken:ETHXBT,2023-11-24T17:48:00Z,0.05558,0.05558,0.05558,0.05558,2.58449326
Kraken:ETHXBT,2023-11-24T17:49:00Z,0.05561,0.05564,0.05561,0.05564,28.66278633
Kraken:ETHXBT,2023-11-24T17:50:00Z,0.05561,0.05561,0.05561,0.05561,0.04044056
Kraken:ETHXBT,2023-11-24T17:51:00Z,0.05561,0.05561,0.05561,0.05561,0.05
Kraken:ETHXBT,2023-11-24T17:54:00Z,0.0556,0.05562,0.0556,0.05562,0.36303098
Kraken:ETHXBT,2023-11-24T17:55:00Z,0.0556,0.0556,0.0556,0.0556,0.01156902
Kraken:ETHXBT,2023-11-24T17:57:00Z,0.05558,0.05558,0.05558,0.05558,0.00897033
Kraken:ETHXBT,2023-11-24T18:00:00Z,0.0556,0.0556,0.0556,0.0556,1.38293902
Kraken:ETHXBT,2023-11-24T18:07:00Z,0.05551,0.05551,0.05551,0.05551,0.04308
Kraken:ETHXBT,2023-11-24T18:08:00Z,0.05549,0.05553,0.05549,0.05553,13.97904897
Kraken:ETHXBT,2023-11-24T18:10:00Z,0.0555,0.0555,0.0555,0.0555,0.00449
Kraken:ETHXBT,2023-11-24T18:11:00Z,0.05551,0.05551,0.05551,0.05551,0.01458
Kraken:ETHXBT,2023-11-24T18:14:00Z,0.05551,0.05551,0.05551,0.05551,1.9996397
Kraken:ETHXBT,2023-11-24T18:16:00Z,0.05548,0.05548,0.05548,0.05548,0.23295
Kraken:ETHXBT,2023-11-24T18:17:00Z,0.0555,0.0555,0.0555,0.0555,0.01518624
Kraken:ETHXBT,2023-11-24T18:18:00Z,0.05546,0.05547,0.05546,0.05547,1.94306914
Kraken:ETHXBT,2023-11-24T18:20:00Z,0.0555,0.0555,0.0555,0.0555,1.21039639
Kraken:ETHXBT,2023-11-24T18:23:00Z,0.0555,0.0555,0.0555,0.0555,0.05844155
Kraken:ETHXBT,2023-11-24T18:24:00Z,0.0555,0.0555,0.0555,0.0555,0.307
Kraken:ETHXBT,2023-11-24T18:31:00Z,0.05554,0.05554,0.05554,0.05554,0.16438
Kraken:ETHXBT,2023-11-24T18:33:00Z,0.05553,0.05553,0.05553,0.05553,0.00546
Kraken:ETHXBT,2023-11-24T18:34:00Z,0.05552,0.05552,0.05541,0.05541,15.49919326
Kraken:ETHXBT,2023-11-24T18:35:00Z,0.05552,0.05552,0.05552,0.05552,0.00205166
Kraken:ETHXBT,2023-11-24T18:40:00Z,0.05551,0.05551,0.05551,0.05551,0.01
Kraken:ETHXBT,2023-11-24T18:41:00Z,0.05551,0.05553,0.05551,0.05553,0.51038811
Kraken:ETHXBT,2023-11-24T18:47:00Z,0.05555,0.05555,0.05555,0.05555,0.0096331
Kraken:ETHXBT,2023-11-24T18:48:00Z,0.05554,0.05554,0.05554,0.05554,0.01000736
Kraken:ETHXBT,2023-11-24T18:49:00Z,0.05555,0.05555,0.05553,0.05553,20.1340717
Kraken:ETHXBT,2023-11-24T18:50:00Z,0.05556,0.05556,0.05556,0.05556,0.07669575
Kraken:ETHXBT,2023-11-24T18:52:00Z,0.05554,0.05555,0.05554,0.05555,0.156465
Kraken:ETHXBT,2023-11-24T18:54:00Z,0.05553,0.05553,0.05553,0.05553,0.07501987
Kraken:ETHXBT,2023-11-24T19:01:00Z,0.05545,0.05545,0.05545,0.05545,0.29798198
Kraken:ETHXBT,2023-11-24T19:03:00Z,0.05546,0.05546,0.05546,0.05546,0.02200942
Kraken:ETHXBT,2023-11-24T19:08:00Z,0.05546,0.05546,0.05531,0.05531,20.25634489
Kraken:ETHXBT,2023-11-24T19:09:00Z,0.0553,0.0553,0.0553,0.0553,8.72443458
Kraken:ETHXBT,2023-11-24T19:10:00Z,0.05532,0.05532,0.05532,0.05532,0.03742561
Kraken:ETHXBT,2023-11-24T19:12:00Z,0.0553,0.0553,0.0553,0.0553,0.02411
Kraken:ETHXBT,2023-11-24T19:17:00Z,0.05532,0.05532,0.05532,0.05532,0.0745
Kraken:ETHXBT,2023-11-24T19:19:00Z,0.05535,0.05535,0.05535,0.05535,1.55300816
Kraken:ETHXBT,2023-11-24T19:22:00Z,0.05534,0.05534,0.05531,0.05531,1.505482
Kraken:ETHXBT,2023-11-24T19:23:00Z,0.05534,0.05534,0.05534,0.05534,0.15957108
Kraken:ETHXBT,2023-11-24T19:28:00Z,0.05532,0.05532,0.05532,0.05532,0.05508259
Kraken:ETHXBT,2023-11-24T19:33:00Z,0.05531,0.05531,0.05531,0.05531,0.05692716
Kraken:ETHXBT,2023-11-24T19:35:00Z,0.0553,0.0553,0.0553,0.0553,0.01449
Kraken:ETHXBT,2023-11-24T19:36:00Z,0.05527,0.05527,0.05527,0.05527,0.064
Kraken:ETHXBT,2023-11-24T19:37:00Z,0.05527,0.05527,0.05525,0.05525,4.91488
Kraken:ETHXBT,2023-11-24T19:38:00Z,0.05527,0.05527,0.05527,0.05527,14.37482013
Kraken:ETHXBT,2023-11-24T19:40:00Z,0.05533,0.05533,0.05532,0.05532,0.04585836
Kraken:ETHXBT,2023-11-24T19:42:00Z,0.05528,0.05528,0.05528,0.05528,0.042
Kraken:ETHXBT,2023-11-24T19:46:00Z,0.0553,0.0553,0.0553,0.0553,0.24721408
Kraken:ETHXBT,2023-11-24T19:48:00Z,0.05531,0.05531,0.05531,0.05531,7.41276441
Kraken:ETHXBT,2023-11-24T19:53:00Z,0.05531,0.05531,0.05531,0.05531,0.05423974
Kraken:ETHXBT,2023-11-24T19:54:00Z,0.05531,0.05531,0.05531,0.05531,4.15693364
Kraken:ETHXBT,2023-11-24T19:56:00Z,0.05525,0.05525,0.05524,0.05524,9.07084939
Kraken:ETHXBT,2023-11-24T20:02:00Z,0.05525,0.05525,0.05525,0.05525,0.01706161
Kraken:ETHXBT,2023-11-24T20:03:00Z,0.05525,0.05526,0.05524,0.05524,0.02970084
Kraken:ETHXBT,2023-11-24T20:05:00Z,0.05523,0.05523,0.05523,0.05523,0.04909489
Kraken:ETHXBT,2023-11-24T20:06:00Z,0.05523,0.05523,0.05523,0.05523,0.04894191
Kraken:ETHXBT,2023-11-24T20:07:00Z,0.05521,0.05521,0.05521,0.05521,0.65593
Kraken:ETHXBT,2023-11-24T20:08:00Z,0.0552,0.0552,0.05519,0.05519,0.13203835
Kraken:ETHXBT,2023-11-24T20:14:00Z,0.05522,0.05523,0.05522,0.05523,0.10295
Kraken:ETHXBT,2023-11-24T20:15:00Z,0.05522,0.05522,0.05522,0.05522,0.85548714
Kraken:ETHXBT,2023-11-24T20:18:00Z,0.05519,0.05519,0.05518,0.05518,20.6584694
Kraken:ETHXBT,2023-11-24T20:19:00Z,0.05517,0.05517,0.05506,0.05513,27.06957097
Kraken:ETHXBT,2023-11-24T20:20:00Z,0.05516,0.05516,0.05516,0.05516,4.81066644
Kraken:ETHXBT,2023-11-24T20:26:00Z,0.05514,0.05514,0.05514,0.05514,0.02723
Kraken:ETHXBT,2023-11-24T20:27:00Z,0.05515,0.05515,0.05515,0.05515,1.21
Kraken:ETHXBT,2023-11-24T20:29:00Z,0.05516,0.05516,0.05516,0.05516,0.39883973
Kraken:ETHXBT,2023-11-24T20:37:00Z,0.05514,0.05514,0.05513,0.05513,0.03411
Kraken:ETHXBT,2023-11-24T20:43:00Z,0.05514,0.05514,0.05514,0.05514,2.13
Kraken:ETHXBT,2023-11-24T20:46:00Z,0.05515,0.05516,0.05515,0.05516,0.21093255
Kraken:ETHXBT,2023-11-24T20:50:00Z,0.05519,0.05519,0.05519,0.05519,1.92292687
Kraken:ETHXBT,2023-11-24T20:51:00Z,0.05519,0.05519,0.05519,0.05519,0.05172218
Kraken:ETHXBT,2023-11-24T20:55:00Z,0.05523,0.05523,0.05523,0.05523,0.02202
Kraken:ETHXBT,2023-11-24T20:56:00Z,0.05521,0.05521,0.05521,0.05521,0.01
Kraken:ETHXBT,2023-11-24T20:57:00Z,0.05523,0.05523,0.05523,0.05523,0.02203298
Kraken:ETHXBT,2023-11-24T20:59:00Z,0.05524,0.05524,0.05524,0.05524,0.08943149
Kraken:ETHXBT,2023-11-24T21:00:00Z,0.05526,0.05526,0.05526,0.05526,0.1
Kraken:ETHXBT,2023-11-24T21:01:00Z,0.05527,0.05527,0.05527,0.05527,0.02262
Kraken:ETHXBT,2023-11-24T21:02:00Z,0.05525,0.05527,0.05525,0.05527,1.06651246
Kraken:ETHXBT,2023-11-24T21:03:00Z,0.05528,0.05528,0.05528,0.05528,0.10353183
Kraken:ETHXBT,2023-11-24T21:07:00Z,0.05528,0.05528,0.05528,0.05528,0.031657
Kraken:ETHXBT,2023-11-24T21:08:00Z,0.05525,0.05525,0.05524,0.05524,0.1554616
Kraken:ETHXBT,2023-11-24T21:11:00Z,0.05529,0.05529,0.05529,0.05529,1.21893225
Kraken:ETHXBT,2023-11-24T21:16:00Z,0.05526,0.05526,0.05526,0.05526,0.188
Kraken:ETHXBT,2023-11-24T21:19:00Z,0.05527,0.05527,0.05527,0.05527,0.00476596
Kraken:ETHXBT,2023-11-24T21:23:00Z,0.05523,0.05523,0.05523,0.05523,0.14850168
Kraken:ETHXBT,2023-11-24T21:24:00Z,0.05525,0.05527,0.05525,0.05527,6.91960619
Kraken:ETHXBT,2023-11-24T21:27:00Z,0.05523,0.05523,0.05522,0.05522,0.02
Kraken:ETHXBT,2023-11-24T21:28:00Z,0.05521,0.05521,0.0552,0.0552,1
Kraken:ETHXBT,2023-11-24T21:29:00Z,0.0552,0.0552,0.0552,0.0552,0.03460152
Kraken:ETHXBT,2023-11-24T21:31:00Z,0.05517,0.05517,0.05517,0.05517,0.01
Kraken:ETHXBT,2023-11-24T21:32:00Z,0.05517,0.05517,0.05517,0.05517,0.036
Kraken:ETHXBT,2023-11-24T21:34:00Z,0.05519,0.05519,0.05519,0.05519,0.08361359
Kraken:ETHXBT,2023-11-24T21:39:00Z,0.05523,0.05523,0.05523,0.05523,0.05449107
Kraken:ETHXBT,2023-11-24T21:40:00Z,0.05525,0.05528,0.05525,0.05528,3.59554102
Kraken:ETHXBT,2023-11-24T21:41:00Z,0.05531,0.05531,0.05531,0.05531,1.04448462
Kraken:ETHXBT,2023-11-24T21:44:00Z,0.0553,0.0553,0.0553,0.0553,0.015
Kraken:ETHXBT,2023-11-24T21:45:00Z,0.05529,0.05529,0.05529,0.05529,0.03935199
Kraken:ETHXBT,2023-11-24T21:47:00Z,0.05529,0.05529,0.05529,0.05529,0.02080824
Kraken:ETHXBT,2023-11-24T21:50:00Z,0.05526,0.05526,0.05526,0.05526,0.0533088
Kraken:ETHXBT,2023-11-24T21:52:00Z,0.05526,0.05526,0.05526,0.05526,0.105819
Kraken:ETHXBT,2023-11-24T21:54:00Z,0.05528,0.05528,0.05528,0.05528,1
Kraken:ETHXBT,2023-11-24T21:57:00Z,0.05518,0.05518,0.05518,0.05518,0.50552371
Kraken:ETHXBT,2023-11-24T21:58:00Z,0.05517,0.05517,0.05517,0.05517,0.03387706
Kraken:ETHXBT,2023-11-24T21:59:00Z,0.05515,0.05515,0.05515,0.05515,0.0355
Kraken:ETHXBT,2023-11-24T22:00:00Z,0.05515,0.05515,0.05513,0.05513,0.83783191
Kraken:ETHXBT,2023-11-24T22:01:00Z,0.05511,0.05511,0.05506,0.05506,2.43415246
Kraken:ETHXBT,2023-11-24T22:02:00Z,0.05507,0.05507,0.05507,0.05507,0.3348
Kraken:ETHXBT,2023-11-24T22:05:00Z,0.05512,0.05512,0.05512,0.05512,0.01
Kraken:ETHXBT,2023-11-24T22:06:00Z,0.05512,0.05512,0.05512,0.05512,0.01
Kraken:ETHXBT,2023-11-24T22:12:00Z,0.05506,0.05506,0.0548,0.0548,48.23349848
Kraken:ETHXBT,2023-11-24T22:13:00Z,0.05483,0.05496,0.05483,0.05496,1.217203
Kraken:ETHXBT,2023-11-24T22:14:00Z,0.05493,0.05493,0.05492,0.05492,1
Kraken:ETHXBT,2023-11-24T22:15:00Z,0.05494,0.05501,0.05494,0.05501,0.12450872
Kraken:ETHXBT,2023-11-24T22:16:00Z,0.05502,0.05502,0.05502,0.05502,0.03
Kraken:ETHXBT,2023-11-24T22:17:00Z,0.05504,0.05504,0.05504,0.05504,0.14049349
Kraken:ETHXBT,2023-11-24T22:18:00Z,0.05505,0.05509,0.05505,0.05509,0.22547445
Kraken:ETHXBT,2023-11-24T22:20:00Z,0.05504,0.05504,0.05504,0.05504,0.01899875
Kraken:ETHXBT,2023-11-24T22:23:00Z,0.05506,0.05506,0.05505,0.05505,1.59339444
Kraken:ETHXBT,2023-11-24T22:24:00Z,0.05506,0.05506,0.05506,0.05506,0.01097127
Kraken:ETHXBT,2023-11-24T22:25:00Z,0.05502,0.05504,0.05502,0.05504,1.14102562
Kraken:ETHXBT,2023-11-24T22:26:00Z,0.05503,0.05506,0.05503,0.05506,4.81957089
Kraken:ETHXBT,2023-11-24T22:27:00Z,0.05506,0.05506,0.05503,0.05503,0.0348421
Kraken:ETHXBT,2023-11-24T22:41:00Z,0.05504,0.05504,0.05504,0.05504,0.9084375
Kraken:ETHXBT,2023-11-24T22:43:00Z,0.05503,0.05503,0.05503,0.05503,0.06815862
Kraken:ETHXBT,2023-11-24T22:44:00Z,0.05503,0.05504,0.05503,0.05504,21.95459538
Kraken:ETHXBT,2023-11-24T22:45:00Z,0.05503,0.05503,0.05503,0.05503,0.05091791
Kraken:ETHXBT,2023-11-24T22:46:00Z,0.05503,0.05503,0.05503,0.05503,0.00887
Kraken:ETHXBT,2023-11-24T22:47:00Z,0.05503,0.05503,0.05503,0.05503,0.04519279
Kraken:ETHXBT,2023-11-24T22:48:00Z,0.05504,0.05504,0.05504,0.05504,0.95
Kraken:ETHXBT,2023-11-24T22:52:00Z,0.05501,0.05501,0.05501,0.05501,0.01318934
Kraken:ETHXBT,2023-11-24T22:53:00Z,0.05503,0.05503,0.05503,0.05503,0.05824
Kraken:ETHXBT,2023-11-24T22:54:00Z,0.05505,0.05505,0.05505,0.05505,0.01028077
Kraken:ETHXBT,2023-11-24T22:55:00Z,0.05503,0.05503,0.05503,0.05503,0.12089
Kraken:ETHXBT,2023-11-24T22:57:00Z,0.05504,0.05504,0.05504,0.05504,1.02
Kraken:ETHXBT,2023-11-24T23:00:00Z,0.05504,0.05504,0.05504,0.05504,0.677
Kraken:ETHXBT,2023-11-24T23:01:00Z,0.05505,0.05505,0.05505,0.05505,0.03088101
Kraken:ETHXBT,2023-11-24T23:02:00Z,0.05502,0.05502,0.05502,0.05502,0.17813672
Kraken:ETHXBT,2023-11-24T23:06:00Z,0.05502,0.05502,0.05502,0.05502,0.0386
Kraken:ETHXBT,2023-11-24T23:07:00Z,0.05504,0.05504,0.05504,0.05504,0.09940726
Kraken:ETHXBT,2023-11-24T23:08:00Z,0.05504,0.05504,0.05504,0.05504,0.08018479
Kraken:ETHXBT,2023-11-24T23:10:00Z,0.05503,0.05504,0.05503,0.05504,0.06214917
Kraken:ETHXBT,2023-11-24T23:11:00Z,0.05505,0.05505,0.05505,0.05505,0.0862625
Kraken:ETHXBT,2023-11-24T23:14:00Z,0.05504,0.05504,0.05504,0.05504,0.06732679
Kraken:ETHXBT,2023-11-24T23:15:00Z,0.05506,0.05506,0.05506,0.05506,0.01222
Kraken:ETHXBT,2023-11-24T23:20:00Z,0.05506,0.05507,0.05506,0.05507,0.08437888
Kraken:ETHXBT,2023-11-24T23:27:00Z,0.0551,0.0551,0.0551,0.0551,0.115
Kraken:ETHXBT,2023-11-24T23:29:00Z,0.0551,0.0551,0.0551,0.0551,0.13576356
Kraken:ETHXBT,2023-11-24T23:32:00Z,0.05514,0.05514,0.05514,0.05514,0.04497642
Kraken:ETHXBT,2023-11-24T23:48:00Z,0.05516,0.05516,0.05516,0.05516,0.06590329
Kraken:ETHXBT,2023-11-24T23:50:00Z,0.05515,0.05515,0.05515,0.05515,0.02148465
Kraken:ETHXBT,2023-11-24T23:56:00Z,0.05515,0.05515,0.05515,0.05515,0.176174
Kraken:ETHXBT,2023-11-24T23:57:00Z,0.05516,0.05516,0.05516,0.05516,0.07428327
