Kraken:SOLUSD,2022-09-19T00:01:00Z,31.15,31.15,31.15,31.15,16.33036266
Kraken:SOLUSD,2022-09-19T00:02:00Z,31.19,31.21,31.18,31.18,124.03319722
Kraken:SOLUSD,2022-09-19T00:03:00Z,31.11,31.11,31.08,31.08,19.34183722
Kraken:SOLUSD,2022-09-19T00:04:00Z,31.13,31.15,31.13,31.15,24.33604624
Kraken:SOLUSD,2022-09-19T00:05:00Z,31.19,31.2,31.19,31.2,30.95371722
Kraken:SOLUSD,2022-09-19T00:06:00Z,31.18,31.18,31.18,31.18,65.62918
Kraken:SOLUSD,2022-09-19T00:08:00Z,31.13,31.13,31.11,31.11,0.74223722
Kraken:SOLUSD,2022-09-19T00:11:00Z,31.1,31.1,31.1,31.1,0.125
Kraken:SOLUSD,2022-09-19T00:13:00Z,31.09,31.14,31.09,31.14,10649.7194337
Kraken:SOLUSD,2022-09-19T00:14:00Z,31.12,31.12,31.12,31.12,0.125
Kraken:SOLUSD,2022-09-19T00:17:00Z,31.11,31.11,31.11,31.11,1.88882
Kraken:SOLUSD,2022-09-19T00:18:00Z,31.12,31.14,31.12,31.14,6.6E+2
Kraken:SOLUSD,2022-09-19T00:19:00Z,31.15,31.15,31.15,31.15,0.1
Kraken:SOLUSD,2022-09-19T00:20:00Z,31.12,31.29,31.12,31.29,69.15369647
Kraken:SOLUSD,2022-09-19T00:21:00Z,31.3,31.33,31.3,31.33,24.61764804
Kraken:SOLUSD,2022-09-19T00:22:00Z,31.33,31.33,31.31,31.31,68.29
Kraken:SOLUSD,2022-09-19T00:23:00Z,31.33,31.33,31.33,31.33,1
Kraken:SOLUSD,2022-09-19T00:24:00Z,31.34,31.34,31.34,31.34,1.45022309
Kraken:SOLUSD,2022-09-19T00:25:00Z,31.35,31.4,31.35,31.4,25.10923037
Kraken:SOLUSD,2022-09-19T00:26:00Z,31.4,31.41,31.4,31.41,22.745828
Kraken:SOLUSD,2022-09-19T00:27:00Z,31.42,31.5,31.42,31.46,778.69790093
Kraken:SOLUSD,2022-09-19T00:30:00Z,31.51,31.55,31.51,31.55,1111.11111111
Kraken:SOLUSD,2022-09-19T00:31:00Z,31.53,31.53,31.53,31.53,0.1
Kraken:SOLUSD,2022-09-19T00:32:00Z,31.51,31.51,31.49,31.49,79.51615633
Kraken:SOLUSD,2022-09-19T00:33:00Z,31.56,31.56,31.56,31.56,3.67998798
Kraken:SOLUSD,2022-09-19T00:34:00Z,31.57,31.57,31.57,31.57,191.63591747
Kraken:SOLUSD,2022-09-19T00:35:00Z,31.57,31.57,31.57,31.57,479.78441823
Kraken:SOLUSD,2022-09-19T00:36:00Z,31.57,31.57,31.56,31.56,707.14714459
Kraken:SOLUSD,2022-09-19T00:37:00Z,31.52,31.52,31.52,31.52,8.455806
Kraken:SOLUSD,2022-09-19T00:39:00Z,31.58,31.59,31.55,31.55,14.90626754
Kraken:SOLUSD,2022-09-19T00:40:00Z,31.56,31.58,31.56,31.58,251.00471
Kraken:SOLUSD,2022-09-19T00:41:00Z,31.58,31.6,31.58,31.6,29.95285171
Kraken:SOLUSD,2022-09-19T00:42:00Z,31.61,31.62,31.6,31.62,837.31546861
Kraken:SOLUSD,2022-09-19T00:43:00Z,31.63,31.64,31.62,31.63,1103.80377916
Kraken:SOLUSD,2022-09-19T00:46:00Z,31.64,31.73,31.64,31.7,127.10831389
Kraken:SOLUSD,2022-09-19T00:47:00Z,31.74,31.79,31.74,31.79,1202.99624617
Kraken:SOLUSD,2022-09-19T00:49:00Z,31.72,31.72,31.72,31.72,9.81
Kraken:SOLUSD,2022-09-19T00:50:00Z,31.72,31.72,31.63,31.63,128.52777816
Kraken:SOLUSD,2022-09-19T00:51:00Z,31.61,31.61,31.61,31.61,8.474
Kraken:SOLUSD,2022-09-19T00:53:00Z,31.61,31.61,31.61,31.61,924.71771401
Kraken:SOLUSD,2022-09-19T00:54:00Z,31.6,31.6,31.57,31.57,3.96799719
Kraken:SOLUSD,2022-09-19T00:55:00Z,31.58,31.58,31.58,31.58,15.70493
Kraken:SOLUSD,2022-09-19T00:56:00Z,31.57,31.57,31.57,31.57,0.125
Kraken:SOLUSD,2022-09-19T00:57:00Z,31.6,31.64,31.6,31.63,1255.07155299
Kraken:SOLUSD,2022-09-19T00:58:00Z,31.6,31.6,31.6,31.6,53
Kraken:SOLUSD,2022-09-19T01:00:00Z,31.6,31.63,31.6,31.63,36.62555344
Kraken:SOLUSD,2022-09-19T01:04:00Z,31.63,31.63,31.63,31.63,1.03717
Kraken:SOLUSD,2022-09-19T01:05:00Z,31.63,31.63,31.63,31.63,1.6959
Kraken:SOLUSD,2022-09-19T01:06:00Z,31.64,31.64,31.6,31.6,7097.75474306
Kraken:SOLUSD,2022-09-19T01:07:00Z,31.6,31.6,31.6,31.6,3538.02212623
Kraken:SOLUSD,2022-09-19T01:08:00Z,31.63,31.63,31.63,31.63,4.02128
Kraken:SOLUSD,2022-09-19T01:10:00Z,31.66,31.66,31.66,31.66,0.1
Kraken:SOLUSD,2022-09-19T01:12:00Z,31.64,31.66,31.64,31.66,0.52055
Kraken:SOLUSD,2022-09-19T01:14:00Z,31.71,31.71,31.71,31.71,5
Kraken:SOLUSD,2022-09-19T01:15:00Z,31.71,31.72,31.71,31.72,89.33033067
Kraken:SOLUSD,2022-09-19T01:16:00Z,31.74,31.74,31.74,31.74,0.1
Kraken:SOLUSD,2022-09-19T01:17:00Z,31.72,31.72,31.72,31.72,1.04115726
Kraken:SOLUSD,2022-09-19T01:19:00Z,31.72,31.72,31.72,31.72,93.96335274
Kraken:SOLUSD,2022-09-19T01:22:00Z,31.68,31.68,31.68,31.68,77.38361
Kraken:SOLUSD,2022-09-19T01:23:00Z,31.64,31.64,31.63,31.63,17.8986236
Kraken:SOLUSD,2022-09-19T01:24:00Z,31.61,31.61,31.61,31.61,72.6125
Kraken:SOLUSD,2022-09-19T01:25:00Z,31.59,31.59,31.59,31.59,7.49898
Kraken:SOLUSD,2022-09-19T01:28:00Z,31.59,31.59,31.59,31.59,0.1
Kraken:SOLUSD,2022-09-19T01:31:00Z,31.57,31.57,31.5,31.5,221.75601827
Kraken:SOLUSD,2022-09-19T01:32:00Z,31.49,31.49,31.45,31.45,8.14187254
Kraken:SOLUSD,2022-09-19T01:35:00Z,31.45,31.45,31.44,31.44,27.58511371
Kraken:SOLUSD,2022-09-19T01:38:00Z,31.45,31.45,31.43,31.43,45.36072313
Kraken:SOLUSD,2022-09-19T01:39:00Z,31.45,31.45,31.45,31.45,0.1
Kraken:SOLUSD,2022-09-19T01:41:00Z,31.47,31.47,31.47,31.47,15.58003
Kraken:SOLUSD,2022-09-19T01:42:00Z,31.5,31.5,31.5,31.5,18.15678953
Kraken:SOLUSD,2022-09-19T01:43:00Z,31.5,31.5,31.5,31.5,2.36654
Kraken:SOLUSD,2022-09-19T01:45:00Z,31.51,31.51,31.51,31.51,1E+2
Kraken:SOLUSD,2022-09-19T01:47:00Z,31.53,31.56,31.53,31.56,3.21436289
Kraken:SOLUSD,2022-09-19T01:48:00Z,31.58,31.58,31.58,31.58,5
Kraken:SOLUSD,2022-09-19T01:50:00Z,31.57,31.57,31.57,31.57,0.1
Kraken:SOLUSD,2022-09-19T01:51:00Z,31.57,31.57,31.57,31.57,17.74235546
Kraken:SOLUSD,2022-09-19T01:54:00Z,31.5,31.5,31.5,31.5,18.35188792
Kraken:SOLUSD,2022-09-19T01:55:00Z,31.49,31.49,31.49,31.49,33.92281363
Kraken:SOLUSD,2022-09-19T01:56:00Z,31.51,31.51,31.51,31.51,93.11086684
Kraken:SOLUSD,2022-09-19T01:58:00Z,31.51,31.51,31.51,31.51,3.11106
Kraken:SOLUSD,2022-09-19T01:59:00Z,31.49,31.51,31.49,31.51,7.22212
Kraken:SOLUSD,2022-09-19T02:01:00Z,31.52,31.52,31.52,31.52,3.09016999
Kraken:SOLUSD,2022-09-19T02:02:00Z,31.51,31.52,31.51,31.52,10.2104
Kraken:SOLUSD,2022-09-19T02:03:00Z,31.52,31.52,31.52,31.52,5.72449
Kraken:SOLUSD,2022-09-19T02:05:00Z,31.5,31.5,31.48,31.48,11.92968869
Kraken:SOLUSD,2022-09-19T02:07:00Z,31.53,31.55,31.53,31.55,28.06694409
Kraken:SOLUSD,2022-09-19T02:08:00Z,31.51,31.51,31.51,31.51,2E+1
Kraken:SOLUSD,2022-09-19T02:09:00Z,31.51,31.51,31.51,31.51,1E+1
Kraken:SOLUSD,2022-09-19T02:10:00Z,31.49,31.49,31.49,31.49,3.96792632
Kraken:SOLUSD,2022-09-19T02:12:00Z,31.44,31.44,31.37,31.37,1426.30731578
Kraken:SOLUSD,2022-09-19T02:13:00Z,31.36,31.36,31.33,31.33,25.85776112
Kraken:SOLUSD,2022-09-19T02:14:00Z,31.32,31.37,31.31,31.37,68.15778209
Kraken:SOLUSD,2022-09-19T02:15:00Z,31.3,31.3,31.28,31.28,25.5445158
Kraken:SOLUSD,2022-09-19T02:16:00Z,31.27,31.27,30.8,30.8,1673.85305811
Kraken:SOLUSD,2022-09-19T02:17:00Z,30.79,30.79,30.51,30.73,5681.65980514
Kraken:SOLUSD,2022-09-19T02:18:00Z,30.71,30.93,30.71,30.8,458.75733311
Kraken:SOLUSD,2022-09-19T02:19:00Z,30.74,30.87,30.74,30.87,61.20817413
Kraken:SOLUSD,2022-09-19T02:20:00Z,30.88,30.88,30.88,30.88,19.58759641
Kraken:SOLUSD,2022-09-19T02:21:00Z,30.92,30.96,30.92,30.96,144.172731
Kraken:SOLUSD,2022-09-19T02:22:00Z,30.96,30.96,30.96,30.96,1E+2
Kraken:SOLUSD,2022-09-19T02:23:00Z,30.92,30.93,30.92,30.93,1E+2
Kraken:SOLUSD,2022-09-19T02:24:00Z,30.89,30.89,30.8,30.8,190.60113057
Kraken:SOLUSD,2022-09-19T02:25:00Z,30.77,30.89,30.77,30.79,615.23702828
Kraken:SOLUSD,2022-09-19T02:26:00Z,30.83,30.9,30.82,30.89,388.11165287
Kraken:SOLUSD,2022-09-19T02:27:00Z,30.91,30.91,30.81,30.81,73.66714189
Kraken:SOLUSD,2022-09-19T02:28:00Z,30.87,30.88,30.87,30.88,2.36202595
Kraken:SOLUSD,2022-09-19T02:30:00Z,30.91,30.91,30.91,30.91,0.16175995
Kraken:SOLUSD,2022-09-19T02:31:00Z,30.81,30.81,30.81,30.81,10.05697637
Kraken:SOLUSD,2022-09-19T02:32:00Z,30.84,30.84,30.84,30.84,0.1
Kraken:SOLUSD,2022-09-19T02:33:00Z,30.86,30.86,30.86,30.86,1.52531
Kraken:SOLUSD,2022-09-19T02:34:00Z,30.8,30.8,30.72,30.72,149.67216098
Kraken:SOLUSD,2022-09-19T02:36:00Z,30.79,30.88,30.79,30.88,441.48745106
Kraken:SOLUSD,2022-09-19T02:37:00Z,30.9,30.9,30.88,30.88,71.864485
Kraken:SOLUSD,2022-09-19T02:38:00Z,30.88,30.88,30.88,30.88,38.04
Kraken:SOLUSD,2022-09-19T02:39:00Z,30.85,30.85,30.8,30.8,2.6487013
Kraken:SOLUSD,2022-09-19T02:40:00Z,30.77,30.77,30.73,30.73,18.49499399
Kraken:SOLUSD,2022-09-19T02:41:00Z,30.71,30.71,30.68,30.68,1021.60057097
Kraken:SOLUSD,2022-09-19T02:42:00Z,30.67,30.67,30.66,30.67,8.34298852
Kraken:SOLUSD,2022-09-19T02:45:00Z,30.7,30.71,30.7,30.71,1066.50152356
Kraken:SOLUSD,2022-09-19T02:46:00Z,30.65,30.65,30.65,30.65,0.65187602
Kraken:SOLUSD,2022-09-19T02:47:00Z,30.65,30.65,30.65,30.65,0.1
Kraken:SOLUSD,2022-09-19T02:48:00Z,30.7,30.71,30.7,30.71,2163.84070611
Kraken:SOLUSD,2022-09-19T02:49:00Z,30.73,30.73,30.73,30.73,51.65187602
Kraken:SOLUSD,2022-09-19T02:50:00Z,30.7,30.7,30.66,30.66,30.15655838
Kraken:SOLUSD,2022-09-19T02:51:00Z,30.77,30.86,30.77,30.86,21.61466226
Kraken:SOLUSD,2022-09-19T02:52:00Z,30.86,30.86,30.84,30.85,159.27239121
Kraken:SOLUSD,2022-09-19T02:53:00Z,30.84,30.84,30.8,30.81,32.37
Kraken:SOLUSD,2022-09-19T02:54:00Z,30.76,30.76,30.76,30.76,6.5309
Kraken:SOLUSD,2022-09-19T02:57:00Z,30.79,30.79,30.79,30.79,15.41484372
Kraken:SOLUSD,2022-09-19T02:58:00Z,30.78,30.78,30.78,30.78,0.1
Kraken:SOLUSD,2022-09-19T03:01:00Z,30.81,30.81,30.79,30.79,24.47116072
Kraken:SOLUSD,2022-09-19T03:02:00Z,30.78,30.78,30.77,30.78,23.166
Kraken:SOLUSD,2022-09-19T03:03:00Z,30.77,30.78,30.76,30.78,223.05545
Kraken:SOLUSD,2022-09-19T03:04:00Z,30.76,30.76,30.74,30.74,34.86917
Kraken:SOLUSD,2022-09-19T03:05:00Z,30.8,30.8,30.76,30.76,5.06398
Kraken:SOLUSD,2022-09-19T03:09:00Z,30.75,30.77,30.74,30.75,486.11387746
Kraken:SOLUSD,2022-09-19T03:10:00Z,30.76,30.79,30.76,30.79,39.56411
Kraken:SOLUSD,2022-09-19T03:14:00Z,30.81,30.81,30.81,30.81,0.42548238
Kraken:SOLUSD,2022-09-19T03:15:00Z,30.85,30.89,30.85,30.89,17.358759
Kraken:SOLUSD,2022-09-19T03:16:00Z,30.92,30.94,30.89,30.89,32.42835418
Kraken:SOLUSD,2022-09-19T03:17:00Z,30.91,30.92,30.91,30.92,9.34479
Kraken:SOLUSD,2022-09-19T03:18:00Z,30.91,30.91,30.91,30.91,0.10731983
Kraken:SOLUSD,2022-09-19T03:20:00Z,30.91,30.91,30.87,30.87,356.59588768
Kraken:SOLUSD,2022-09-19T03:21:00Z,30.85,30.85,30.85,30.85,53.76000916
Kraken:SOLUSD,2022-09-19T03:22:00Z,30.84,30.84,30.84,30.84,0.5
Kraken:SOLUSD,2022-09-19T03:23:00Z,30.8,30.8,30.79,30.79,0.81109168
Kraken:SOLUSD,2022-09-19T03:24:00Z,30.74,30.74,30.74,30.74,3.24675324
Kraken:SOLUSD,2022-09-19T03:25:00Z,30.74,30.76,30.74,30.75,2139.47158888
Kraken:SOLUSD,2022-09-19T03:26:00Z,30.75,30.8,30.75,30.8,64.43701234
Kraken:SOLUSD,2022-09-19T03:27:00Z,30.79,30.79,30.79,30.79,0.49766769
Kraken:SOLUSD,2022-09-19T03:28:00Z,30.81,30.81,30.81,30.81,0.03198
Kraken:SOLUSD,2022-09-19T03:29:00Z,30.8,30.8,30.8,30.8,0.15523505
Kraken:SOLUSD,2022-09-19T03:30:00Z,30.79,30.79,30.79,30.79,67.89799999
Kraken:SOLUSD,2022-09-19T03:31:00Z,30.79,30.79,30.79,30.79,0.1
Kraken:SOLUSD,2022-09-19T03:32:00Z,30.77,30.78,30.77,30.78,51.53339254
Kraken:SOLUSD,2022-09-19T03:33:00Z,30.77,30.77,30.76,30.77,64.20447197
Kraken:SOLUSD,2022-09-19T03:37:00Z,30.78,30.79,30.78,30.79,2.69696838
Kraken:SOLUSD,2022-09-19T03:38:00Z,30.8,30.8,30.79,30.79,2.65064113
Kraken:SOLUSD,2022-09-19T03:39:00Z,30.8,30.8,30.8,30.8,62.12122411
Kraken:SOLUSD,2022-09-19T03:40:00Z,30.8,30.8,30.8,30.8,1.4
Kraken:SOLUSD,2022-09-19T03:41:00Z,30.81,30.83,30.81,30.81,302.12035791
Kraken:SOLUSD,2022-09-19T03:42:00Z,30.82,30.83,30.82,30.83,0.58669695
Kraken:SOLUSD,2022-09-19T03:43:00Z,30.83,30.85,30.83,30.85,1.1133
Kraken:SOLUSD,2022-09-19T03:44:00Z,30.81,30.81,30.65,30.65,4211.2231094
Kraken:SOLUSD,2022-09-19T03:45:00Z,30.73,30.78,30.73,30.78,1.30185976
Kraken:SOLUSD,2022-09-19T03:46:00Z,30.79,30.81,30.79,30.81,1.04973557
Kraken:SOLUSD,2022-09-19T03:47:00Z,30.84,30.92,30.84,30.92,31.61473199
Kraken:SOLUSD,2022-09-19T03:48:00Z,30.92,30.95,30.92,30.95,22.41487348
Kraken:SOLUSD,2022-09-19T03:49:00Z,30.96,31.0,30.96,31.0,35.1360042
Kraken:SOLUSD,2022-09-19T03:50:00Z,31.01,31.03,31.01,31.01,4.05255797
Kraken:SOLUSD,2022-09-19T03:51:00Z,31.0,31.0,31.0,31.0,11.51795648
Kraken:SOLUSD,2022-09-19T03:52:00Z,30.95,30.95,30.94,30.94,21.90282735
Kraken:SOLUSD,2022-09-19T03:53:00Z,30.92,30.92,30.92,30.92,0.1
Kraken:SOLUSD,2022-09-19T03:54:00Z,30.92,30.93,30.91,30.91,16.16104577
Kraken:SOLUSD,2022-09-19T03:55:00Z,30.9,30.91,30.9,30.91,7
Kraken:SOLUSD,2022-09-19T03:57:00Z,30.91,30.91,30.91,30.91,1
Kraken:SOLUSD,2022-09-19T03:58:00Z,30.9,30.9,30.9,30.9,18.27707727
Kraken:SOLUSD,2022-09-19T04:02:00Z,30.95,30.97,30.95,30.97,5.4
Kraken:SOLUSD,2022-09-19T04:03:00Z,31.0,31.0,31.0,31.0,0.46975293
Kraken:SOLUSD,2022-09-19T04:04:00Z,31.03,31.11,31.03,31.11,41.15304996
Kraken:SOLUSD,2022-09-19T04:05:00Z,31.09,31.09,31.06,31.07,14.89584351
Kraken:SOLUSD,2022-09-19T04:06:00Z,31.11,31.13,31.11,31.13,41.10582119
Kraken:SOLUSD,2022-09-19T04:08:00Z,31.12,31.12,31.12,31.12,2.40511834
Kraken:SOLUSD,2022-09-19T04:09:00Z,31.13,31.14,31.13,31.14,3E+1
Kraken:SOLUSD,2022-09-19T04:11:00Z,31.11,31.11,31.1,31.1,56
Kraken:SOLUSD,2022-09-19T04:12:00Z,31.13,31.13,31.13,31.13,0.9739019
Kraken:SOLUSD,2022-09-19T04:13:00Z,31.12,31.12,31.12,31.12,18.972
Kraken:SOLUSD,2022-09-19T04:14:00Z,31.12,31.12,31.12,31.12,3E+1
Kraken:SOLUSD,2022-09-19T04:15:00Z,31.11,31.11,31.11,31.11,123.00729951
Kraken:SOLUSD,2022-09-19T04:16:00Z,31.15,31.15,31.15,31.15,0.1
Kraken:SOLUSD,2022-09-19T04:18:00Z,31.15,31.15,31.14,31.14,32.60045361
Kraken:SOLUSD,2022-09-19T04:19:00Z,31.16,31.27,31.16,31.27,3272.8169689
Kraken:SOLUSD,2022-09-19T04:20:00Z,31.25,31.25,31.23,31.23,24.00512164
Kraken:SOLUSD,2022-09-19T04:21:00Z,31.25,31.32,31.25,31.32,821.61114194
Kraken:SOLUSD,2022-09-19T04:22:00Z,31.31,31.34,31.31,31.34,631.80388
Kraken:SOLUSD,2022-09-19T04:23:00Z,31.29,31.29,31.29,31.29,2.733761
Kraken:SOLUSD,2022-09-19T04:24:00Z,31.32,31.33,31.32,31.33,224.71723589
Kraken:SOLUSD,2022-09-19T04:25:00Z,31.26,31.26,31.24,31.24,114.81356429
Kraken:SOLUSD,2022-09-19T04:26:00Z,31.21,31.29,31.21,31.26,3203.38348155
Kraken:SOLUSD,2022-09-19T04:27:00Z,31.23,31.23,31.23,31.23,0.1
Kraken:SOLUSD,2022-09-19T04:28:00Z,31.19,31.19,31.19,31.19,56.68305396
Kraken:SOLUSD,2022-09-19T04:29:00Z,31.21,31.21,31.21,31.21,2.5
Kraken:SOLUSD,2022-09-19T04:30:00Z,31.21,31.22,31.21,31.22,6.15817
Kraken:SOLUSD,2022-09-19T04:33:00Z,31.23,31.23,31.23,31.23,174.8348515
Kraken:SOLUSD,2022-09-19T04:35:00Z,31.22,31.26,31.22,31.26,216.5598975
Kraken:SOLUSD,2022-09-19T04:36:00Z,31.25,31.25,31.25,31.25,32.24497
Kraken:SOLUSD,2022-09-19T04:38:00Z,31.27,31.27,31.25,31.25,147.1
Kraken:SOLUSD,2022-09-19T04:39:00Z,31.26,31.26,31.26,31.26,3
Kraken:SOLUSD,2022-09-19T04:40:00Z,31.21,31.21,31.21,31.21,0.63027553
Kraken:SOLUSD,2022-09-19T04:42:00Z,31.26,31.26,31.26,31.26,0.53148224
Kraken:SOLUSD,2022-09-19T04:43:00Z,31.31,31.31,31.31,31.31,156.59955257
Kraken:SOLUSD,2022-09-19T04:44:00Z,31.29,31.29,31.29,31.29,5E+1
Kraken:SOLUSD,2022-09-19T04:45:00Z,31.3,31.3,31.3,31.3,0.54053882
Kraken:SOLUSD,2022-09-19T04:46:00Z,31.3,31.3,31.3,31.3,2
Kraken:SOLUSD,2022-09-19T04:49:00Z,31.31,31.33,31.31,31.33,5.03868
Kraken:SOLUSD,2022-09-19T04:50:00Z,31.33,31.33,31.33,31.33,1.97877433
Kraken:SOLUSD,2022-09-19T04:51:00Z,31.33,31.33,31.33,31.33,137.29246487
Kraken:SOLUSD,2022-09-19T04:52:00Z,31.33,31.35,31.33,31.35,357.5661322
Kraken:SOLUSD,2022-09-19T04:53:00Z,31.34,31.34,31.34,31.34,0.54922498
Kraken:SOLUSD,2022-09-19T04:54:00Z,31.37,31.42,31.37,31.42,37.84095941
Kraken:SOLUSD,2022-09-19T04:55:00Z,31.43,31.45,31.43,31.45,7.38684349
Kraken:SOLUSD,2022-09-19T04:56:00Z,31.46,31.47,31.46,31.47,13.27562885
Kraken:SOLUSD,2022-09-19T04:57:00Z,31.4,31.4,31.4,31.4,5.63142309
Kraken:SOLUSD,2022-09-19T05:00:00Z,31.4,31.4,31.4,31.4,3.18471338
Kraken:SOLUSD,2022-09-19T05:01:00Z,31.4,31.4,31.39,31.39,0.60971647
Kraken:SOLUSD,2022-09-19T05:03:00Z,31.39,31.39,31.39,31.39,1.60931
Kraken:SOLUSD,2022-09-19T05:04:00Z,31.4,31.4,31.4,31.4,0.58266964
Kraken:SOLUSD,2022-09-19T05:05:00Z,31.39,31.39,31.39,31.39,10.4
Kraken:SOLUSD,2022-09-19T05:06:00Z,31.42,31.49,31.42,31.49,45.56093359
Kraken:SOLUSD,2022-09-19T05:07:00Z,31.49,31.51,31.49,31.51,11.75904044
Kraken:SOLUSD,2022-09-19T05:08:00Z,31.52,31.52,31.52,31.52,1.00273
Kraken:SOLUSD,2022-09-19T05:09:00Z,31.52,31.52,31.52,31.52,4.34665157
Kraken:SOLUSD,2022-09-19T05:10:00Z,31.53,31.55,31.53,31.55,65.42655974
Kraken:SOLUSD,2022-09-19T05:11:00Z,31.55,31.59,31.55,31.59,456.10497478
Kraken:SOLUSD,2022-09-19T05:12:00Z,31.58,31.61,31.58,31.61,6.83856335
Kraken:SOLUSD,2022-09-19T05:14:00Z,31.52,31.52,31.52,31.52,163.71612753
Kraken:SOLUSD,2022-09-19T05:15:00Z,31.51,31.51,31.51,31.51,0.476
Kraken:SOLUSD,2022-09-19T05:16:00Z,31.51,31.51,31.51,31.51,12.81938273
Kraken:SOLUSD,2022-09-19T05:17:00Z,31.48,31.48,31.48,31.48,0.63468869
Kraken:SOLUSD,2022-09-19T05:18:00Z,31.5,31.5,31.5,31.5,0.98616
Kraken:SOLUSD,2022-09-19T05:19:00Z,31.54,31.54,31.54,31.54,14.55636479
Kraken:SOLUSD,2022-09-19T05:20:00Z,31.51,31.51,31.51,31.51,0.96692336
Kraken:SOLUSD,2022-09-19T05:21:00Z,31.54,31.55,31.54,31.55,137.5
Kraken:SOLUSD,2022-09-19T05:22:00Z,31.56,31.56,31.56,31.56,0.63468869
Kraken:SOLUSD,2022-09-19T05:23:00Z,31.52,31.53,31.52,31.53,20.29482062
Kraken:SOLUSD,2022-09-19T05:25:00Z,31.5,31.5,31.5,31.5,0.125
Kraken:SOLUSD,2022-09-19T05:26:00Z,31.48,31.49,31.47,31.48,434.08479599
Kraken:SOLUSD,2022-09-19T05:30:00Z,31.48,31.48,31.47,31.47,1.48218809
Kraken:SOLUSD,2022-09-19T05:32:00Z,31.46,31.46,31.46,31.46,39.037
Kraken:SOLUSD,2022-09-19T05:33:00Z,31.44,31.44,31.41,31.41,35.95648844
Kraken:SOLUSD,2022-09-19T05:35:00Z,31.42,31.42,31.41,31.41,2.71600481
Kraken:SOLUSD,2022-09-19T05:36:00Z,31.41,31.41,31.41,31.41,13.77302783
Kraken:SOLUSD,2022-09-19T05:38:00Z,31.42,31.42,31.42,31.42,0.52882072
Kraken:SOLUSD,2022-09-19T05:40:00Z,31.42,31.42,31.42,31.42,0.1188561
Kraken:SOLUSD,2022-09-19T05:42:00Z,31.39,31.39,31.39,31.39,67.435
Kraken:SOLUSD,2022-09-19T05:43:00Z,31.4,31.4,31.4,31.4,52.89838317
Kraken:SOLUSD,2022-09-19T05:45:00Z,31.45,31.45,31.45,31.45,159.01258125
Kraken:SOLUSD,2022-09-19T05:46:00Z,31.44,31.45,31.43,31.43,262.57678225
Kraken:SOLUSD,2022-09-19T05:48:00Z,31.37,31.37,31.36,31.36,160.847963
Kraken:SOLUSD,2022-09-19T05:49:00Z,31.36,31.36,31.36,31.36,116.113
Kraken:SOLUSD,2022-09-19T05:50:00Z,31.37,31.37,31.36,31.36,2E+2
Kraken:SOLUSD,2022-09-19T05:52:00Z,31.35,31.35,31.35,31.35,31.189
Kraken:SOLUSD,2022-09-19T05:53:00Z,31.34,31.34,31.24,31.24,3148.69243408
Kraken:SOLUSD,2022-09-19T05:54:00Z,31.25,31.25,31.22,31.22,9E+2
Kraken:SOLUSD,2022-09-19T05:55:00Z,31.27,31.29,31.27,31.29,1910.78445751
Kraken:SOLUSD,2022-09-19T05:56:00Z,31.29,31.29,31.29,31.29,474.22048354
Kraken:SOLUSD,2022-09-19T05:57:00Z,31.23,31.23,31.23,31.23,301.20469507
Kraken:SOLUSD,2022-09-19T05:58:00Z,31.22,31.23,31.0,31.03,3154.60444438
Kraken:SOLUSD,2022-09-19T05:59:00Z,31.01,31.12,31.0,31.09,817.90485825
Kraken:SOLUSD,2022-09-19T06:00:00Z,31.02,31.02,31.0,31.0,219.22980147
Kraken:SOLUSD,2022-09-19T06:01:00Z,31.11,31.19,31.11,31.19,1.28613023
Kraken:SOLUSD,2022-09-19T06:02:00Z,31.2,31.2,31.2,31.2,0.48
Kraken:SOLUSD,2022-09-19T06:03:00Z,31.22,31.25,31.22,31.25,251.85906621
Kraken:SOLUSD,2022-09-19T06:04:00Z,31.26,31.34,31.26,31.34,1070.01137566
Kraken:SOLUSD,2022-09-19T06:05:00Z,31.29,31.29,31.29,31.29,0.59
Kraken:SOLUSD,2022-09-19T06:06:00Z,31.26,31.26,31.22,31.22,17.63718547
Kraken:SOLUSD,2022-09-19T06:08:00Z,31.18,31.18,31.16,31.16,83.41979538
Kraken:SOLUSD,2022-09-19T06:09:00Z,31.15,31.15,31.11,31.11,24.74394719
Kraken:SOLUSD,2022-09-19T06:10:00Z,31.09,31.09,31.08,31.09,901.9388871
Kraken:SOLUSD,2022-09-19T06:11:00Z,31.1,31.12,31.1,31.12,91.4765625
Kraken:SOLUSD,2022-09-19T06:12:00Z,31.18,31.18,31.18,31.18,0.69038461
Kraken:SOLUSD,2022-09-19T06:13:00Z,31.18,31.18,31.09,31.09,188.23579994
Kraken:SOLUSD,2022-09-19T06:14:00Z,31.07,31.07,31.07,31.07,6.30833601
Kraken:SOLUSD,2022-09-19T06:15:00Z,31.06,31.11,31.02,31.11,901.54479391
Kraken:SOLUSD,2022-09-19T06:16:00Z,31.16,31.16,31.16,31.16,263.71322269
Kraken:SOLUSD,2022-09-19T06:18:00Z,31.19,31.23,31.19,31.22,24.52133206
Kraken:SOLUSD,2022-09-19T06:20:00Z,31.22,31.22,31.21,31.21,20.1
Kraken:SOLUSD,2022-09-19T06:22:00Z,31.26,31.26,31.26,31.26,78.45455302
Kraken:SOLUSD,2022-09-19T06:23:00Z,31.23,31.23,31.23,31.23,159.181
Kraken:SOLUSD,2022-09-19T06:25:00Z,31.2,31.23,31.2,31.23,8.79704883
Kraken:SOLUSD,2022-09-19T06:27:00Z,31.18,31.18,31.18,31.18,0.64079538
Kraken:SOLUSD,2022-09-19T06:28:00Z,31.2,31.2,31.17,31.17,66.31250288
Kraken:SOLUSD,2022-09-19T06:29:00Z,31.13,31.13,31.11,31.11,161.22654192
Kraken:SOLUSD,2022-09-19T06:31:00Z,31.17,31.17,31.17,31.17,0.1
Kraken:SOLUSD,2022-09-19T06:33:00Z,31.12,31.12,31.12,31.12,1E+3
Kraken:SOLUSD,2022-09-19T06:34:00Z,31.15,31.15,31.15,31.15,6
Kraken:SOLUSD,2022-09-19T06:37:00Z,31.14,31.14,31.14,31.14,0.4
Kraken:SOLUSD,2022-09-19T06:38:00Z,31.05,31.05,31.04,31.05,155.94050229
Kraken:SOLUSD,2022-09-19T06:39:00Z,31.13,31.13,31.13,31.13,31.84206336
Kraken:SOLUSD,2022-09-19T06:41:00Z,31.03,31.03,31.03,31.03,11.61161
Kraken:SOLUSD,2022-09-19T06:42:00Z,31.03,31.03,31.03,31.03,0.1
Kraken:SOLUSD,2022-09-19T06:43:00Z,31.02,31.02,30.99,30.99,70.60202627
Kraken:SOLUSD,2022-09-19T06:44:00Z,31.01,31.01,30.87,30.87,559.85863933
Kraken:SOLUSD,2022-09-19T06:45:00Z,30.95,31.05,30.95,31.05,294.71735173
Kraken:SOLUSD,2022-09-19T06:46:00Z,31.06,31.06,31.04,31.04,1.78096354
Kraken:SOLUSD,2022-09-19T06:47:00Z,31.02,31.02,31.02,31.02,8
Kraken:SOLUSD,2022-09-19T06:48:00Z,31.1,31.1,31.09,31.1,254.5944027
Kraken:SOLUSD,2022-09-19T06:49:00Z,31.1,31.12,31.1,31.12,600.74452913
Kraken:SOLUSD,2022-09-19T06:50:00Z,31.14,31.19,31.14,31.19,20.69987165
Kraken:SOLUSD,2022-09-19T06:51:00Z,31.2,31.21,31.2,31.21,2.26932264
Kraken:SOLUSD,2022-09-19T06:53:00Z,31.18,31.18,31.18,31.18,111.126
Kraken:SOLUSD,2022-09-19T06:54:00Z,31.14,31.14,31.14,31.14,0.1
Kraken:SOLUSD,2022-09-19T06:56:00Z,31.11,31.11,31.11,31.11,0.64223722
Kraken:SOLUSD,2022-09-19T06:57:00Z,31.19,31.19,31.17,31.17,50.17623722
Kraken:SOLUSD,2022-09-19T06:58:00Z,31.16,31.16,31.14,31.14,19.403
Kraken:SOLUSD,2022-09-19T06:59:00Z,31.12,31.12,31.12,31.12,6.43060339
Kraken:SOLUSD,2022-09-19T07:02:00Z,31.11,31.11,31.03,31.03,19.6708147
Kraken:SOLUSD,2022-09-19T07:03:00Z,31.03,31.03,31.03,31.03,62.505
Kraken:SOLUSD,2022-09-19T07:04:00Z,30.99,30.99,30.99,30.99,14
Kraken:SOLUSD,2022-09-19T07:05:00Z,31.0,31.0,30.98,30.99,2.31396
Kraken:SOLUSD,2022-09-19T07:06:00Z,30.95,30.95,30.93,30.93,21.7564495
Kraken:SOLUSD,2022-09-19T07:07:00Z,30.92,30.92,30.89,30.9,74.43028033
Kraken:SOLUSD,2022-09-19T07:11:00Z,30.97,30.99,30.97,30.99,3.0909
Kraken:SOLUSD,2022-09-19T07:12:00Z,31.0,31.0,31.0,31.0,9.16892
Kraken:SOLUSD,2022-09-19T07:13:00Z,30.96,30.98,30.96,30.97,71.49912515
Kraken:SOLUSD,2022-09-19T07:14:00Z,30.99,31.0,30.97,31.0,251
Kraken:SOLUSD,2022-09-19T07:15:00Z,30.99,31.02,30.99,31.02,16.62383102
Kraken:SOLUSD,2022-09-19T07:16:00Z,31.03,31.11,31.03,31.1,4.01759735
Kraken:SOLUSD,2022-09-19T07:18:00Z,31.08,31.08,31.06,31.06,224.727
Kraken:SOLUSD,2022-09-19T07:19:00Z,31.08,31.08,31.08,31.08,1.71000223
Kraken:SOLUSD,2022-09-19T07:20:00Z,31.09,31.09,31.09,31.09,1
Kraken:SOLUSD,2022-09-19T07:21:00Z,31.09,31.09,31.09,31.09,25
Kraken:SOLUSD,2022-09-19T07:25:00Z,31.03,31.03,30.9,30.9,453.74083476
Kraken:SOLUSD,2022-09-19T07:26:00Z,30.88,30.9,30.88,30.9,8.73501814
Kraken:SOLUSD,2022-09-19T07:27:00Z,30.93,30.94,30.93,30.94,57.01519735
Kraken:SOLUSD,2022-09-19T07:28:00Z,30.94,30.94,30.94,30.94,15
Kraken:SOLUSD,2022-09-19T07:29:00Z,30.96,30.96,30.96,30.96,0.64702073
Kraken:SOLUSD,2022-09-19T07:30:00Z,30.92,30.92,30.92,30.92,0.87552
Kraken:SOLUSD,2022-09-19T07:31:00Z,30.98,30.98,30.98,30.98,9.05977986
Kraken:SOLUSD,2022-09-19T07:32:00Z,30.96,31.0,30.95,31.0,336.09097645
Kraken:SOLUSD,2022-09-19T07:33:00Z,31.0,31.0,31.0,31.0,10.00546
Kraken:SOLUSD,2022-09-19T07:34:00Z,31.0,31.0,30.99,30.99,131.78
Kraken:SOLUSD,2022-09-19T07:35:00Z,31.02,31.02,31.02,31.02,0.9489
Kraken:SOLUSD,2022-09-19T07:36:00Z,31.03,31.03,31.03,31.03,1E+1
Kraken:SOLUSD,2022-09-19T07:38:00Z,31.04,31.08,31.04,31.08,0.7824
Kraken:SOLUSD,2022-09-19T07:39:00Z,31.04,31.04,31.03,31.03,11.912
Kraken:SOLUSD,2022-09-19T07:42:00Z,31.11,31.12,31.11,31.12,0.77791822
Kraken:SOLUSD,2022-09-19T07:43:00Z,31.14,31.15,31.14,31.15,7.6099026
Kraken:SOLUSD,2022-09-19T07:45:00Z,31.16,31.16,31.16,31.16,5.50718221
Kraken:SOLUSD,2022-09-19T07:46:00Z,31.17,31.21,31.17,31.21,50.47413948
Kraken:SOLUSD,2022-09-19T07:47:00Z,31.22,31.22,31.22,31.22,2.07899087
Kraken:SOLUSD,2022-09-19T07:48:00Z,31.16,31.2,31.16,31.2,121.23831
Kraken:SOLUSD,2022-09-19T07:49:00Z,31.19,31.19,31.19,31.19,25.45
Kraken:SOLUSD,2022-09-19T07:50:00Z,31.2,31.2,31.19,31.19,30.1
Kraken:SOLUSD,2022-09-19T07:51:00Z,31.15,31.18,31.15,31.15,1001
Kraken:SOLUSD,2022-09-19T07:52:00Z,31.23,31.23,31.23,31.23,3.36552749
Kraken:SOLUSD,2022-09-19T07:53:00Z,31.23,31.24,31.23,31.24,33.90201912
Kraken:SOLUSD,2022-09-19T07:55:00Z,31.23,31.23,31.23,31.23,19.388
Kraken:SOLUSD,2022-09-19T07:56:00Z,31.21,31.21,31.21,31.21,20.45907618
Kraken:SOLUSD,2022-09-19T07:57:00Z,31.11,31.11,31.11,31.11,0.64223722
Kraken:SOLUSD,2022-09-19T08:01:00Z,31.12,31.12,31.07,31.07,74.82217347
Kraken:SOLUSD,2022-09-19T08:02:00Z,31.06,31.06,31.06,31.06,29.52
Kraken:SOLUSD,2022-09-19T08:03:00Z,31.04,31.04,31.02,31.02,2.88096426
Kraken:SOLUSD,2022-09-19T08:04:00Z,31.01,31.01,31.01,31.01,10.51857
Kraken:SOLUSD,2022-09-19T08:05:00Z,31.05,31.05,31.05,31.05,0.31504017
Kraken:SOLUSD,2022-09-19T08:06:00Z,31.01,31.01,31.01,31.01,3.22061191
Kraken:SOLUSD,2022-09-19T08:07:00Z,31.03,31.03,31.03,31.03,3.35139
Kraken:SOLUSD,2022-09-19T08:09:00Z,31.08,31.08,31.08,31.08,14.26531
Kraken:SOLUSD,2022-09-19T08:10:00Z,31.06,31.06,31.05,31.06,30.52976
Kraken:SOLUSD,2022-09-19T08:11:00Z,31.07,31.07,31.07,31.07,194.87171266
Kraken:SOLUSD,2022-09-19T08:12:00Z,31.07,31.07,31.05,31.06,314.61040742
Kraken:SOLUSD,2022-09-19T08:13:00Z,31.06,31.07,31.06,31.07,47.9235102
Kraken:SOLUSD,2022-09-19T08:14:00Z,31.07,31.07,31.07,31.07,1.60926939
Kraken:SOLUSD,2022-09-19T08:16:00Z,31.09,31.09,31.09,31.09,6.33787
Kraken:SOLUSD,2022-09-19T08:17:00Z,31.11,31.11,31.07,31.07,0.91236651
Kraken:SOLUSD,2022-09-19T08:19:00Z,31.04,31.04,31.04,31.04,4.76650563
Kraken:SOLUSD,2022-09-19T08:20:00Z,31.03,31.03,30.99,30.99,109.69443903
Kraken:SOLUSD,2022-09-19T08:23:00Z,31.0,31.0,31.0,31.0,0.1
Kraken:SOLUSD,2022-09-19T08:24:00Z,30.99,30.99,30.99,30.99,8.06263
Kraken:SOLUSD,2022-09-19T08:25:00Z,31.0,31.0,31.0,31.0,161.51487334
Kraken:SOLUSD,2022-09-19T08:27:00Z,30.99,30.99,30.98,30.98,2.26217064
Kraken:SOLUSD,2022-09-19T08:28:00Z,30.98,30.99,30.98,30.99,5.00057113
Kraken:SOLUSD,2022-09-19T08:29:00Z,30.98,30.98,30.98,30.98,14.38241866
Kraken:SOLUSD,2022-09-19T08:32:00Z,30.97,30.97,30.97,30.97,33.11742351
Kraken:SOLUSD,2022-09-19T08:33:00Z,30.96,30.97,30.96,30.97,12.45278742
Kraken:SOLUSD,2022-09-19T08:34:00Z,30.97,30.97,30.97,30.97,0.1
Kraken:SOLUSD,2022-09-19T08:35:00Z,30.97,30.97,30.97,30.97,5E+1
Kraken:SOLUSD,2022-09-19T08:37:00Z,30.96,31.02,30.96,31.02,186.96213505
Kraken:SOLUSD,2022-09-19T08:39:00Z,31.02,31.02,31.01,31.01,31.568
Kraken:SOLUSD,2022-09-19T08:43:00Z,31.0,31.0,31.0,31.0,7.63928
Kraken:SOLUSD,2022-09-19T08:46:00Z,30.98,30.98,30.93,30.93,17.80303121
Kraken:SOLUSD,2022-09-19T08:48:00Z,30.93,30.93,30.92,30.92,287.31649298
Kraken:SOLUSD,2022-09-19T08:49:00Z,30.92,30.95,30.91,30.95,187.16486837
Kraken:SOLUSD,2022-09-19T08:54:00Z,30.91,30.91,30.9,30.9,102.05225262
Kraken:SOLUSD,2022-09-19T08:55:00Z,30.92,30.92,30.89,30.89,875
Kraken:SOLUSD,2022-09-19T08:56:00Z,30.88,30.88,30.86,30.86,7.11088194
Kraken:SOLUSD,2022-09-19T08:57:00Z,30.86,30.86,30.86,30.86,0.1
Kraken:SOLUSD,2022-09-19T08:59:00Z,30.88,30.88,30.86,30.86,117.02187119
Kraken:SOLUSD,2022-09-19T09:00:00Z,30.86,30.87,30.86,30.87,315
Kraken:SOLUSD,2022-09-19T09:02:00Z,30.85,30.85,30.72,30.72,60.76277768
Kraken:SOLUSD,2022-09-19T09:03:00Z,30.72,30.72,30.72,30.72,0.70914
Kraken:SOLUSD,2022-09-19T09:04:00Z,30.77,30.77,30.76,30.76,10.85538
Kraken:SOLUSD,2022-09-19T09:05:00Z,30.74,30.74,30.74,30.74,48.42496402
Kraken:SOLUSD,2022-09-19T09:06:00Z,30.74,30.74,30.74,30.74,1
Kraken:SOLUSD,2022-09-19T09:07:00Z,30.73,30.73,30.73,30.73,57.79846128
Kraken:SOLUSD,2022-09-19T09:08:00Z,30.72,30.72,30.71,30.71,206.53111674
Kraken:SOLUSD,2022-09-19T09:10:00Z,30.7,30.7,30.7,30.7,7.18044589
Kraken:SOLUSD,2022-09-19T09:12:00Z,30.7,30.7,30.7,30.7,201.98273961
Kraken:SOLUSD,2022-09-19T09:14:00Z,30.7,30.7,30.7,30.7,169.45798411
Kraken:SOLUSD,2022-09-19T09:16:00Z,30.74,30.74,30.74,30.74,6.17832
Kraken:SOLUSD,2022-09-19T09:17:00Z,30.73,30.73,30.66,30.66,60.78832123
Kraken:SOLUSD,2022-09-19T09:18:00Z,30.69,30.69,30.69,30.69,58.39927924
Kraken:SOLUSD,2022-09-19T09:19:00Z,30.7,30.7,30.7,30.7,0.1
Kraken:SOLUSD,2022-09-19T09:21:00Z,30.79,30.81,30.79,30.81,2.03904898
Kraken:SOLUSD,2022-09-19T09:22:00Z,30.78,30.78,30.78,30.78,5E+1
Kraken:SOLUSD,2022-09-19T09:23:00Z,30.76,30.76,30.73,30.73,0.99929318
Kraken:SOLUSD,2022-09-19T09:24:00Z,30.74,30.82,30.74,30.82,5268.78900757
Kraken:SOLUSD,2022-09-19T09:25:00Z,30.8,30.8,30.8,30.8,1.1
Kraken:SOLUSD,2022-09-19T09:27:00Z,30.75,30.75,30.75,30.75,0.5
Kraken:SOLUSD,2022-09-19T09:28:00Z,30.76,30.76,30.76,30.76,132.686
Kraken:SOLUSD,2022-09-19T09:30:00Z,30.78,30.78,30.78,30.78,0.1
Kraken:SOLUSD,2022-09-19T09:31:00Z,30.78,30.78,30.78,30.78,0.3
Kraken:SOLUSD,2022-09-19T09:32:00Z,30.77,30.77,30.74,30.74,19.04063664
Kraken:SOLUSD,2022-09-19T09:33:00Z,30.74,30.74,30.7,30.7,93.56356898
Kraken:SOLUSD,2022-09-19T09:34:00Z,30.7,30.7,30.7,30.7,0.29148631
Kraken:SOLUSD,2022-09-19T09:35:00Z,30.66,30.66,30.66,30.66,228.4020984
Kraken:SOLUSD,2022-09-19T09:36:00Z,30.65,30.65,30.65,30.65,11.19
Kraken:SOLUSD,2022-09-19T09:37:00Z,30.73,30.73,30.72,30.72,42.91988
Kraken:SOLUSD,2022-09-19T09:39:00Z,30.73,30.73,30.73,30.73,0.65187602
Kraken:SOLUSD,2022-09-19T09:41:00Z,30.81,30.84,30.81,30.84,0.75017898
Kraken:SOLUSD,2022-09-19T09:43:00Z,30.81,30.81,30.81,30.81,169.665
Kraken:SOLUSD,2022-09-19T09:46:00Z,30.84,30.84,30.84,30.84,8
Kraken:SOLUSD,2022-09-19T09:50:00Z,30.84,30.84,30.84,30.84,65
Kraken:SOLUSD,2022-09-19T09:51:00Z,30.84,30.84,30.84,30.84,0.19874
Kraken:SOLUSD,2022-09-19T09:52:00Z,30.86,30.92,30.86,30.92,34.91075028
Kraken:SOLUSD,2022-09-19T09:53:00Z,30.92,30.93,30.92,30.93,17.43774256
Kraken:SOLUSD,2022-09-19T09:54:00Z,30.95,30.95,30.93,30.93,74.05255285
Kraken:SOLUSD,2022-09-19T09:55:00Z,30.94,30.94,30.94,30.94,4.86000038
Kraken:SOLUSD,2022-09-19T09:57:00Z,30.96,30.96,30.96,30.96,15
Kraken:SOLUSD,2022-09-19T09:58:00Z,30.99,30.99,30.99,30.99,1.01224
Kraken:SOLUSD,2022-09-19T10:01:00Z,30.98,30.98,30.94,30.94,105.16173
Kraken:SOLUSD,2022-09-19T10:03:00Z,30.97,30.97,30.96,30.96,3.32788896
Kraken:SOLUSD,2022-09-19T10:04:00Z,30.94,30.95,30.94,30.94,142.91631663
Kraken:SOLUSD,2022-09-19T10:05:00Z,30.92,30.92,30.92,30.92,3.29496
Kraken:SOLUSD,2022-09-19T10:06:00Z,30.92,30.92,30.92,30.92,1
Kraken:SOLUSD,2022-09-19T10:07:00Z,30.95,30.95,30.95,30.95,0.1
Kraken:SOLUSD,2022-09-19T10:08:00Z,30.93,30.93,30.93,30.93,48.49660523
Kraken:SOLUSD,2022-09-19T10:11:00Z,30.95,30.95,30.95,30.95,0.3255
Kraken:SOLUSD,2022-09-19T10:12:00Z,30.98,30.98,30.98,30.98,0.07333
Kraken:SOLUSD,2022-09-19T10:14:00Z,30.96,30.96,30.94,30.94,113.633
Kraken:SOLUSD,2022-09-19T10:16:00Z,30.94,30.94,30.93,30.93,4.8515
Kraken:SOLUSD,2022-09-19T10:17:00Z,30.92,30.95,30.92,30.95,37.92977
Kraken:SOLUSD,2022-09-19T10:18:00Z,30.9,30.9,30.9,30.9,1.37518
Kraken:SOLUSD,2022-09-19T10:19:00Z,30.9,30.9,30.9,30.9,1.37636
Kraken:SOLUSD,2022-09-19T10:20:00Z,30.94,30.94,30.94,30.94,1.08053
Kraken:SOLUSD,2022-09-19T10:21:00Z,30.98,30.98,30.98,30.98,3.16531
Kraken:SOLUSD,2022-09-19T10:22:00Z,30.98,30.98,30.98,30.98,2.28252289
Kraken:SOLUSD,2022-09-19T10:23:00Z,30.99,31.03,30.99,31.03,120.23160767
Kraken:SOLUSD,2022-09-19T10:24:00Z,31.04,31.08,31.04,31.08,263.66331038
Kraken:SOLUSD,2022-09-19T10:25:00Z,31.04,31.04,31.04,31.04,17.43774256
Kraken:SOLUSD,2022-09-19T10:26:00Z,31.04,31.05,31.04,31.05,9.60899
Kraken:SOLUSD,2022-09-19T10:27:00Z,31.09,31.11,31.09,31.09,62.16706286
Kraken:SOLUSD,2022-09-19T10:28:00Z,31.12,31.12,31.12,31.12,0.44370272
Kraken:SOLUSD,2022-09-19T10:29:00Z,31.12,31.12,31.12,31.12,28.514
Kraken:SOLUSD,2022-09-19T10:30:00Z,31.11,31.11,31.11,31.11,3.2
Kraken:SOLUSD,2022-09-19T10:31:00Z,31.09,31.09,31.06,31.08,114.45622985
Kraken:SOLUSD,2022-09-19T10:32:00Z,31.13,31.15,31.13,31.15,4.872
Kraken:SOLUSD,2022-09-19T10:33:00Z,31.15,31.19,31.15,31.19,26.4576005
Kraken:SOLUSD,2022-09-19T10:34:00Z,31.2,31.2,31.2,31.2,0.69065413
Kraken:SOLUSD,2022-09-19T10:35:00Z,31.19,31.19,31.19,31.19,47.3379424
Kraken:SOLUSD,2022-09-19T10:36:00Z,31.21,31.23,31.21,31.23,6.42321686
Kraken:SOLUSD,2022-09-19T10:37:00Z,31.24,31.29,31.24,31.27,24.09971578
Kraken:SOLUSD,2022-09-19T10:39:00Z,31.29,31.29,31.29,31.29,9.40005
Kraken:SOLUSD,2022-09-19T10:40:00Z,31.3,31.3,31.3,31.3,2.73387583
Kraken:SOLUSD,2022-09-19T10:41:00Z,31.3,31.3,31.3,31.3,6.38977635
Kraken:SOLUSD,2022-09-19T10:42:00Z,31.31,31.31,31.31,31.31,3E+2
Kraken:SOLUSD,2022-09-19T10:43:00Z,31.32,31.33,31.32,31.33,3.12993
Kraken:SOLUSD,2022-09-19T10:44:00Z,31.33,31.41,31.33,31.41,32.36848105
Kraken:SOLUSD,2022-09-19T10:45:00Z,31.36,31.37,31.36,31.37,505
Kraken:SOLUSD,2022-09-19T10:46:00Z,31.34,31.34,31.34,31.34,0.478
Kraken:SOLUSD,2022-09-19T10:48:00Z,31.38,31.44,31.37,31.44,347.02304289
Kraken:SOLUSD,2022-09-19T10:49:00Z,31.41,31.41,31.35,31.35,130.09
Kraken:SOLUSD,2022-09-19T10:50:00Z,31.41,31.41,31.37,31.37,107.7402928
Kraken:SOLUSD,2022-09-19T10:55:00Z,31.35,31.39,31.35,31.39,246.98824929
Kraken:SOLUSD,2022-09-19T10:56:00Z,31.41,31.41,31.38,31.38,2.1E+2
Kraken:SOLUSD,2022-09-19T10:57:00Z,31.39,31.4,31.38,31.38,1E+1
Kraken:SOLUSD,2022-09-19T10:58:00Z,31.36,31.36,31.36,31.36,0.25205557
Kraken:SOLUSD,2022-09-19T10:59:00Z,31.38,31.38,31.38,31.38,3.11598
Kraken:SOLUSD,2022-09-19T11:00:00Z,31.38,31.39,31.38,31.39,9.90827484
Kraken:SOLUSD,2022-09-19T11:01:00Z,31.35,31.35,31.31,31.31,111.31624
Kraken:SOLUSD,2022-09-19T11:02:00Z,31.3,31.3,31.27,31.28,19.6319953
Kraken:SOLUSD,2022-09-19T11:03:00Z,31.3,31.36,31.3,31.36,2.34855
Kraken:SOLUSD,2022-09-19T11:04:00Z,31.32,31.32,31.32,31.32,1.89429047
Kraken:SOLUSD,2022-09-19T11:08:00Z,31.33,31.33,31.33,31.33,110.081
Kraken:SOLUSD,2022-09-19T11:09:00Z,31.29,31.29,31.29,31.29,0.16608
Kraken:SOLUSD,2022-09-19T11:10:00Z,31.28,31.28,31.25,31.25,836.58228974
Kraken:SOLUSD,2022-09-19T11:11:00Z,31.23,31.23,31.2,31.2,3.0913132
Kraken:SOLUSD,2022-09-19T11:15:00Z,31.25,31.25,31.25,31.25,0.1
Kraken:SOLUSD,2022-09-19T11:17:00Z,31.18,31.18,31.16,31.16,58.33814583
Kraken:SOLUSD,2022-09-19T11:18:00Z,31.15,31.17,31.15,31.17,62.4184424
Kraken:SOLUSD,2022-09-19T11:20:00Z,31.18,31.2,31.18,31.2,14.51666667
Kraken:SOLUSD,2022-09-19T11:21:00Z,31.21,31.21,31.21,31.21,1.00208374
Kraken:SOLUSD,2022-09-19T11:22:00Z,31.21,31.21,31.21,31.21,0.1
Kraken:SOLUSD,2022-09-19T11:25:00Z,31.21,31.21,31.21,31.21,148.078
Kraken:SOLUSD,2022-09-19T11:26:00Z,31.17,31.17,31.13,31.13,16.49579317
Kraken:SOLUSD,2022-09-19T11:28:00Z,31.12,31.12,31.11,31.11,3.28459213
Kraken:SOLUSD,2022-09-19T11:29:00Z,31.1,31.1,31.09,31.09,23.81331565
Kraken:SOLUSD,2022-09-19T11:31:00Z,31.13,31.13,31.13,31.13,1.60616768
Kraken:SOLUSD,2022-09-19T11:33:00Z,31.11,31.14,31.11,31.14,339.79083023
Kraken:SOLUSD,2022-09-19T11:34:00Z,31.15,31.15,31.15,31.15,0.1
Kraken:SOLUSD,2022-09-19T11:35:00Z,31.15,31.17,31.15,31.17,48.1663
Kraken:SOLUSD,2022-09-19T11:37:00Z,31.19,31.19,31.19,31.19,0.64223722
Kraken:SOLUSD,2022-09-19T11:39:00Z,31.22,31.22,31.22,31.22,45.663
Kraken:SOLUSD,2022-09-19T11:41:00Z,31.22,31.22,31.17,31.17,1307.14835222
Kraken:SOLUSD,2022-09-19T11:42:00Z,31.17,31.17,31.17,31.17,2
Kraken:SOLUSD,2022-09-19T11:43:00Z,31.16,31.16,31.16,31.16,2
Kraken:SOLUSD,2022-09-19T11:44:00Z,31.18,31.18,31.18,31.18,0.1
Kraken:SOLUSD,2022-09-19T11:45:00Z,31.2,31.2,31.2,31.2,1
Kraken:SOLUSD,2022-09-19T11:46:00Z,31.22,31.22,31.22,31.22,160.15374759
Kraken:SOLUSD,2022-09-19T11:48:00Z,31.26,31.26,31.26,31.26,0.64079538
Kraken:SOLUSD,2022-09-19T11:50:00Z,31.32,31.32,31.32,31.32,5.68381
Kraken:SOLUSD,2022-09-19T11:53:00Z,31.29,31.29,31.29,31.29,97.064
Kraken:SOLUSD,2022-09-19T11:56:00Z,31.3,31.3,31.26,31.26,124.71645347
Kraken:SOLUSD,2022-09-19T11:57:00Z,31.19,31.19,31.19,31.19,9
Kraken:SOLUSD,2022-09-19T12:01:00Z,31.27,31.27,31.27,31.27,0.32685176
Kraken:SOLUSD,2022-09-19T12:02:00Z,31.26,31.26,31.26,31.26,5E+2
Kraken:SOLUSD,2022-09-19T12:03:00Z,31.21,31.23,31.21,31.22,42.30605521
Kraken:SOLUSD,2022-09-19T12:04:00Z,31.22,31.22,31.22,31.22,128.77099999
Kraken:SOLUSD,2022-09-19T12:05:00Z,31.21,31.21,31.21,31.21,1.57837
Kraken:SOLUSD,2022-09-19T12:06:00Z,31.24,31.24,31.24,31.24,489.82268412
Kraken:SOLUSD,2022-09-19T12:07:00Z,31.24,31.24,31.21,31.21,588.58491439
Kraken:SOLUSD,2022-09-19T12:11:00Z,31.34,31.35,31.34,31.35,2.09352341
Kraken:SOLUSD,2022-09-19T12:13:00Z,31.34,31.34,31.34,31.34,10.54
Kraken:SOLUSD,2022-09-19T12:14:00Z,31.37,31.37,31.37,31.37,4.07182929
Kraken:SOLUSD,2022-09-19T12:16:00Z,31.34,31.34,31.34,31.34,98.536
Kraken:SOLUSD,2022-09-19T12:17:00Z,31.26,31.26,31.26,31.26,0.63915547
Kraken:SOLUSD,2022-09-19T12:18:00Z,31.24,31.24,31.22,31.22,20.1
Kraken:SOLUSD,2022-09-19T12:20:00Z,31.23,31.28,31.23,31.28,1076.13671
Kraken:SOLUSD,2022-09-19T12:21:00Z,31.26,31.26,31.26,31.26,0.2
Kraken:SOLUSD,2022-09-19T12:22:00Z,31.29,31.29,31.29,31.29,0.1
Kraken:SOLUSD,2022-09-19T12:23:00Z,31.29,31.29,31.29,31.29,161.32388081
Kraken:SOLUSD,2022-09-19T12:24:00Z,31.29,31.29,31.29,31.29,3
Kraken:SOLUSD,2022-09-19T12:27:00Z,31.29,31.29,31.29,31.29,4
Kraken:SOLUSD,2022-09-19T12:29:00Z,31.3,31.3,31.24,31.24,197.064
Kraken:SOLUSD,2022-09-19T12:31:00Z,31.26,31.26,31.26,31.26,3
Kraken:SOLUSD,2022-09-19T12:33:00Z,31.27,31.27,31.27,31.27,61.907
Kraken:SOLUSD,2022-09-19T12:34:00Z,31.3,31.3,31.3,31.3,1E+1
Kraken:SOLUSD,2022-09-19T12:35:00Z,31.32,31.32,31.32,31.32,1E+1
Kraken:SOLUSD,2022-09-19T12:36:00Z,31.31,31.31,31.31,31.31,16
Kraken:SOLUSD,2022-09-19T12:37:00Z,31.29,31.29,31.29,31.29,2.07546
Kraken:SOLUSD,2022-09-19T12:38:00Z,31.32,31.34,31.32,31.34,6.26496588
Kraken:SOLUSD,2022-09-19T12:39:00Z,31.38,31.39,31.38,31.39,3.41583515
Kraken:SOLUSD,2022-09-19T12:40:00Z,31.4,31.45,31.4,31.45,307.06092062
Kraken:SOLUSD,2022-09-19T12:41:00Z,31.42,31.42,31.42,31.42,0.1
Kraken:SOLUSD,2022-09-19T12:42:00Z,31.39,31.41,31.39,31.4,904.9337885
Kraken:SOLUSD,2022-09-19T12:43:00Z,31.4,31.46,31.4,31.46,396.5662115
Kraken:SOLUSD,2022-09-19T12:44:00Z,31.46,31.5,31.46,31.5,689.23968179
Kraken:SOLUSD,2022-09-19T12:45:00Z,31.5,31.5,31.48,31.49,57.81922
Kraken:SOLUSD,2022-09-19T12:48:00Z,31.5,31.5,31.5,31.5,297.59943792
Kraken:SOLUSD,2022-09-19T12:49:00Z,31.51,31.54,31.51,31.54,130.23208522
Kraken:SOLUSD,2022-09-19T12:50:00Z,31.55,31.57,31.55,31.57,60.95032598
Kraken:SOLUSD,2022-09-19T12:51:00Z,31.58,31.61,31.58,31.61,82.02443913
Kraken:SOLUSD,2022-09-19T12:52:00Z,31.61,31.63,31.61,31.61,400.44098693
Kraken:SOLUSD,2022-09-19T12:54:00Z,31.55,31.55,31.52,31.52,286.59397276
Kraken:SOLUSD,2022-09-19T12:55:00Z,31.5,31.5,31.5,31.5,1
Kraken:SOLUSD,2022-09-19T12:56:00Z,31.48,31.48,31.47,31.47,1.63468869
Kraken:SOLUSD,2022-09-19T12:57:00Z,31.48,31.48,31.48,31.48,299
Kraken:SOLUSD,2022-09-19T12:58:00Z,31.46,31.46,31.46,31.46,2E+1
Kraken:SOLUSD,2022-09-19T13:00:00Z,31.49,31.49,31.48,31.49,87.77445317
Kraken:SOLUSD,2022-09-19T13:01:00Z,31.49,31.49,31.49,31.49,8
Kraken:SOLUSD,2022-09-19T13:02:00Z,31.52,31.52,31.52,31.52,0.309
Kraken:SOLUSD,2022-09-19T13:03:00Z,31.52,31.53,31.52,31.53,0.22133482
Kraken:SOLUSD,2022-09-19T13:04:00Z,31.53,31.53,31.53,31.53,35.151
Kraken:SOLUSD,2022-09-19T13:05:00Z,31.51,31.51,31.51,31.51,71.367
Kraken:SOLUSD,2022-09-19T13:06:00Z,31.48,31.48,31.48,31.48,0.95775556
Kraken:SOLUSD,2022-09-19T13:07:00Z,31.51,31.51,31.51,31.51,0.55706018
Kraken:SOLUSD,2022-09-19T13:10:00Z,31.45,31.45,31.44,31.44,5.26230337
Kraken:SOLUSD,2022-09-19T13:12:00Z,31.42,31.42,31.42,31.42,70.855
Kraken:SOLUSD,2022-09-19T13:13:00Z,31.41,31.42,31.41,31.42,8.65920638
Kraken:SOLUSD,2022-09-19T13:14:00Z,31.42,31.43,31.42,31.43,11.68948497
Kraken:SOLUSD,2022-09-19T13:15:00Z,31.43,31.43,31.41,31.41,19.1
Kraken:SOLUSD,2022-09-19T13:16:00Z,31.43,31.43,31.43,31.43,2.08512787
Kraken:SOLUSD,2022-09-19T13:17:00Z,31.43,31.43,31.43,31.43,1
Kraken:SOLUSD,2022-09-19T13:19:00Z,31.38,31.38,31.37,31.37,94.48011211
Kraken:SOLUSD,2022-09-19T13:23:00Z,31.4,31.42,31.4,31.42,31.42489759
Kraken:SOLUSD,2022-09-19T13:26:00Z,31.47,31.47,31.47,31.47,0.1
Kraken:SOLUSD,2022-09-19T13:28:00Z,31.41,31.41,31.41,31.41,7.25744597
Kraken:SOLUSD,2022-09-19T13:29:00Z,31.41,31.41,31.35,31.35,91.92248266
Kraken:SOLUSD,2022-09-19T13:31:00Z,31.42,31.48,31.42,31.48,19.47052351
Kraken:SOLUSD,2022-09-19T13:32:00Z,31.49,31.5,31.49,31.5,998.03116907
Kraken:SOLUSD,2022-09-19T13:34:00Z,31.53,31.53,31.52,31.52,1.43133524
Kraken:SOLUSD,2022-09-19T13:35:00Z,31.54,31.54,31.54,31.54,4.91631663
Kraken:SOLUSD,2022-09-19T13:36:00Z,31.56,31.56,31.56,31.56,0.6346
Kraken:SOLUSD,2022-09-19T13:38:00Z,31.52,31.52,31.49,31.49,39.62657047
Kraken:SOLUSD,2022-09-19T13:39:00Z,31.48,31.48,31.48,31.48,84.88599999
Kraken:SOLUSD,2022-09-19T13:40:00Z,31.56,31.65,31.56,31.65,114.58569904
Kraken:SOLUSD,2022-09-19T13:41:00Z,31.66,31.71,31.66,31.71,113.10842688
Kraken:SOLUSD,2022-09-19T13:42:00Z,31.72,31.75,31.72,31.74,52.50171
Kraken:SOLUSD,2022-09-19T13:43:00Z,31.75,31.75,31.74,31.74,73
Kraken:SOLUSD,2022-09-19T13:44:00Z,31.73,31.73,31.67,31.67,115.83021377
Kraken:SOLUSD,2022-09-19T13:45:00Z,31.76,31.82,31.76,31.82,850.35492194
Kraken:SOLUSD,2022-09-19T13:46:00Z,31.81,31.81,31.8,31.8,9.95787492
Kraken:SOLUSD,2022-09-19T13:48:00Z,31.72,31.72,31.68,31.7,2843.71340384
Kraken:SOLUSD,2022-09-19T13:49:00Z,31.76,31.81,31.76,31.81,3.82762515
Kraken:SOLUSD,2022-09-19T13:50:00Z,31.81,31.81,31.81,31.81,5.84359407
Kraken:SOLUSD,2022-09-19T13:51:00Z,31.81,31.85,31.78,31.79,67.58769354
Kraken:SOLUSD,2022-09-19T13:52:00Z,31.86,31.89,31.86,31.89,53.2869049
Kraken:SOLUSD,2022-09-19T13:53:00Z,31.89,31.89,31.89,31.89,30.93634759
Kraken:SOLUSD,2022-09-19T13:55:00Z,31.83,31.83,31.83,31.83,3.05596017
Kraken:SOLUSD,2022-09-19T13:57:00Z,31.9,31.9,31.88,31.88,10.54765295
Kraken:SOLUSD,2022-09-19T13:58:00Z,31.84,31.89,31.84,31.89,900.42190495
Kraken:SOLUSD,2022-09-19T13:59:00Z,31.88,31.91,31.88,31.9,72.96719086
Kraken:SOLUSD,2022-09-19T14:00:00Z,31.89,31.89,31.85,31.85,3.75775247
Kraken:SOLUSD,2022-09-19T14:01:00Z,31.78,31.78,31.75,31.78,260.65899533
Kraken:SOLUSD,2022-09-19T14:02:00Z,31.79,31.79,31.79,31.79,897.84846823
Kraken:SOLUSD,2022-09-19T14:03:00Z,31.79,31.86,31.79,31.86,0.63534779
Kraken:SOLUSD,2022-09-19T14:04:00Z,31.86,31.91,31.86,31.91,33.7068898
Kraken:SOLUSD,2022-09-19T14:05:00Z,31.92,31.96,31.92,31.96,18.4995922
Kraken:SOLUSD,2022-09-19T14:06:00Z,31.96,32.04,31.96,32.04,49.82145356
Kraken:SOLUSD,2022-09-19T14:08:00Z,31.98,31.98,31.9,31.9,78.90253369
Kraken:SOLUSD,2022-09-19T14:10:00Z,31.96,32.01,31.96,32.01,5.5857438
Kraken:SOLUSD,2022-09-19T14:11:00Z,32.04,32.09,32.04,32.09,39.47122896
Kraken:SOLUSD,2022-09-19T14:12:00Z,32.08,32.17,32.08,32.17,263.80726856
Kraken:SOLUSD,2022-09-19T14:13:00Z,32.17,32.22,32.17,32.22,83.98686135
Kraken:SOLUSD,2022-09-19T14:14:00Z,32.17,32.17,32.17,32.17,3.05596017
Kraken:SOLUSD,2022-09-19T14:15:00Z,32.09,32.17,32.09,32.17,2.44524773
Kraken:SOLUSD,2022-09-19T14:16:00Z,32.23,32.23,32.16,32.16,0.79259999
Kraken:SOLUSD,2022-09-19T14:17:00Z,32.23,32.24,32.23,32.24,13.00925467
Kraken:SOLUSD,2022-09-19T14:18:00Z,32.19,32.24,32.12,32.12,2682.19482634
Kraken:SOLUSD,2022-09-19T14:19:00Z,32.13,32.13,32.12,32.12,5E+2
Kraken:SOLUSD,2022-09-19T14:20:00Z,32.09,32.09,32.09,32.09,0.62262387
Kraken:SOLUSD,2022-09-19T14:21:00Z,32.01,32.02,32.01,32.02,69.4112
Kraken:SOLUSD,2022-09-19T14:22:00Z,32.06,32.08,32.06,32.08,61.3579653
Kraken:SOLUSD,2022-09-19T14:23:00Z,32.09,32.13,32.09,32.13,1.04530319
Kraken:SOLUSD,2022-09-19T14:24:00Z,32.17,32.19,32.17,32.19,1.21927
Kraken:SOLUSD,2022-09-19T14:27:00Z,32.21,32.21,32.2,32.2,149.55307994
Kraken:SOLUSD,2022-09-19T14:28:00Z,32.19,32.19,32.19,32.19,1.2E+2
Kraken:SOLUSD,2022-09-19T14:29:00Z,32.19,32.23,32.19,32.23,6.36662159
Kraken:SOLUSD,2022-09-19T14:30:00Z,32.22,32.27,32.21,32.23,812.44415491
Kraken:SOLUSD,2022-09-19T14:31:00Z,32.17,32.17,32.16,32.16,1.38221866
Kraken:SOLUSD,2022-09-19T14:34:00Z,32.24,32.24,32.24,32.24,38.16641143
Kraken:SOLUSD,2022-09-19T14:35:00Z,32.28,32.42,32.28,32.42,227.81914596
Kraken:SOLUSD,2022-09-19T14:36:00Z,32.43,32.46,32.43,32.45,37.79069747
Kraken:SOLUSD,2022-09-19T14:37:00Z,32.47,32.47,32.47,32.47,23.71880262
Kraken:SOLUSD,2022-09-19T14:38:00Z,32.47,32.47,32.47,32.47,8
Kraken:SOLUSD,2022-09-19T14:39:00Z,32.48,32.48,32.48,32.48,49.995
Kraken:SOLUSD,2022-09-19T14:40:00Z,32.44,32.48,32.44,32.48,56.60203453
Kraken:SOLUSD,2022-09-19T14:41:00Z,32.49,32.51,32.49,32.51,9.99657048
Kraken:SOLUSD,2022-09-19T14:42:00Z,32.48,32.56,32.48,32.56,3001.6905
Kraken:SOLUSD,2022-09-19T14:44:00Z,32.46,32.46,32.39,32.39,296.94638635
Kraken:SOLUSD,2022-09-19T14:45:00Z,32.37,32.42,32.37,32.4,1106.64914742
Kraken:SOLUSD,2022-09-19T14:46:00Z,32.38,32.38,32.27,32.27,64.77085131
Kraken:SOLUSD,2022-09-19T14:47:00Z,32.27,32.27,32.22,32.27,139.23529924
Kraken:SOLUSD,2022-09-19T14:48:00Z,32.24,32.24,32.22,32.24,727.61028549
Kraken:SOLUSD,2022-09-19T14:49:00Z,32.28,32.28,32.23,32.23,749.61910678
Kraken:SOLUSD,2022-09-19T14:51:00Z,32.22,32.22,32.22,32.22,200.82802171
Kraken:SOLUSD,2022-09-19T14:52:00Z,32.22,32.22,32.22,32.22,102.02143291
Kraken:SOLUSD,2022-09-19T14:53:00Z,32.19,32.19,32.13,32.13,3920.85824916
Kraken:SOLUSD,2022-09-19T14:54:00Z,32.14,32.14,32.14,32.14,41.82377345
Kraken:SOLUSD,2022-09-19T14:55:00Z,32.12,32.13,32.12,32.13,5.46998754
Kraken:SOLUSD,2022-09-19T14:57:00Z,32.11,32.11,32.06,32.06,117.49941407
Kraken:SOLUSD,2022-09-19T14:58:00Z,32.07,32.1,32.06,32.1,15.24353878
Kraken:SOLUSD,2022-09-19T14:59:00Z,32.08,32.09,32.08,32.09,11.38538147
Kraken:SOLUSD,2022-09-19T15:00:00Z,32.09,32.09,32.09,32.09,5E+1
Kraken:SOLUSD,2022-09-19T15:01:00Z,32.08,32.08,32.08,32.08,16.898
Kraken:SOLUSD,2022-09-19T15:02:00Z,32.1,32.1,32.1,32.1,57.51815987
Kraken:SOLUSD,2022-09-19T15:04:00Z,32.11,32.12,32.08,32.08,424.04971457
Kraken:SOLUSD,2022-09-19T15:05:00Z,32.09,32.09,31.97,32.09,16849.15334994
Kraken:SOLUSD,2022-09-19T15:06:00Z,32.15,32.18,32.15,32.18,2488.42671635
Kraken:SOLUSD,2022-09-19T15:07:00Z,32.18,32.18,32.18,32.18,0.00244955
Kraken:SOLUSD,2022-09-19T15:08:00Z,32.24,32.25,32.24,32.25,7.56
Kraken:SOLUSD,2022-09-19T15:09:00Z,32.25,32.26,32.25,32.25,20.653
Kraken:SOLUSD,2022-09-19T15:10:00Z,32.25,32.28,32.25,32.28,23.9227381
Kraken:SOLUSD,2022-09-19T15:11:00Z,32.25,32.27,32.25,32.27,62.46919253
Kraken:SOLUSD,2022-09-19T15:13:00Z,32.24,32.24,32.24,32.24,6.20347394
Kraken:SOLUSD,2022-09-19T15:14:00Z,32.18,32.18,32.17,32.17,69.56
Kraken:SOLUSD,2022-09-19T15:15:00Z,32.16,32.16,32.16,32.16,15.11126866
Kraken:SOLUSD,2022-09-19T15:17:00Z,32.16,32.16,32.16,32.16,1
Kraken:SOLUSD,2022-09-19T15:18:00Z,32.21,32.23,32.21,32.23,12.22935
Kraken:SOLUSD,2022-09-19T15:19:00Z,32.15,32.15,32.15,32.15,871.81323822
Kraken:SOLUSD,2022-09-19T15:20:00Z,32.15,32.15,32.15,32.15,14.49704
Kraken:SOLUSD,2022-09-19T15:21:00Z,32.15,32.15,32.08,32.08,16064.41234565
Kraken:SOLUSD,2022-09-19T15:22:00Z,32.09,32.09,32.03,32.03,19.28905345
Kraken:SOLUSD,2022-09-19T15:24:00Z,32.04,32.04,32.01,32.01,151.91677839
Kraken:SOLUSD,2022-09-19T15:25:00Z,32.02,32.02,31.97,31.97,162.05289105
Kraken:SOLUSD,2022-09-19T15:27:00Z,32.05,32.07,32.05,32.07,58.24671889
Kraken:SOLUSD,2022-09-19T15:32:00Z,32.04,32.04,32.04,32.04,0.51561622
Kraken:SOLUSD,2022-09-19T15:33:00Z,32.04,32.04,32.04,32.04,2.51587498
Kraken:SOLUSD,2022-09-19T15:35:00Z,32.03,32.03,32.02,32.02,13.52821433
Kraken:SOLUSD,2022-09-19T15:36:00Z,32.02,32.02,32.02,32.02,107.804
Kraken:SOLUSD,2022-09-19T15:37:00Z,31.99,31.99,31.83,31.85,3743.04900646
Kraken:SOLUSD,2022-09-19T15:38:00Z,31.86,31.86,31.86,31.86,0.57920025
Kraken:SOLUSD,2022-09-19T15:39:00Z,31.9,31.9,31.9,31.9,54.36115309
Kraken:SOLUSD,2022-09-19T15:40:00Z,31.9,31.9,31.9,31.9,0.29242835
Kraken:SOLUSD,2022-09-19T15:41:00Z,31.9,31.94,31.9,31.94,54.82757245
Kraken:SOLUSD,2022-09-19T15:42:00Z,31.93,31.93,31.93,31.93,5
Kraken:SOLUSD,2022-09-19T15:46:00Z,31.96,31.98,31.96,31.98,534.69882872
Kraken:SOLUSD,2022-09-19T15:47:00Z,31.98,32.0,31.98,32.0,405.26962061
Kraken:SOLUSD,2022-09-19T15:49:00Z,31.95,31.95,31.95,31.95,18.1836
Kraken:SOLUSD,2022-09-19T15:50:00Z,31.99,31.99,31.99,31.99,3.06534
Kraken:SOLUSD,2022-09-19T15:53:00Z,32.01,32.04,32.01,32.03,2.02958372
Kraken:SOLUSD,2022-09-19T15:54:00Z,31.99,31.99,31.97,31.97,9.98289591
Kraken:SOLUSD,2022-09-19T15:55:00Z,31.98,31.98,31.98,31.98,78.224
Kraken:SOLUSD,2022-09-19T15:56:00Z,31.97,31.98,31.93,31.93,163.4457438
Kraken:SOLUSD,2022-09-19T15:57:00Z,31.88,31.88,31.88,31.88,136.98630136
Kraken:SOLUSD,2022-09-19T16:00:00Z,31.94,31.94,31.92,31.92,90.109
Kraken:SOLUSD,2022-09-19T16:03:00Z,31.94,31.95,31.94,31.95,28.1371496
Kraken:SOLUSD,2022-09-19T16:06:00Z,31.92,31.92,31.92,31.92,45.667
Kraken:SOLUSD,2022-09-19T16:07:00Z,31.86,31.97,31.86,31.97,60.62551728
Kraken:SOLUSD,2022-09-19T16:08:00Z,32.01,32.09,32.01,32.09,1007.05160003
Kraken:SOLUSD,2022-09-19T16:09:00Z,32.1,32.1,32.1,32.1,18.6916
Kraken:SOLUSD,2022-09-19T16:10:00Z,32.09,32.14,32.09,32.14,147.30763828
Kraken:SOLUSD,2022-09-19T16:14:00Z,32.07,32.07,32.06,32.06,50.11406
Kraken:SOLUSD,2022-09-19T16:15:00Z,32.06,32.07,32.06,32.07,30.84512592
Kraken:SOLUSD,2022-09-19T16:16:00Z,32.09,32.09,32.07,32.08,54.55674
Kraken:SOLUSD,2022-09-19T16:17:00Z,32.09,32.09,32.09,32.09,1E+2
Kraken:SOLUSD,2022-09-19T16:18:00Z,32.1,32.1,32.1,32.1,0.19844
Kraken:SOLUSD,2022-09-19T16:19:00Z,32.09,32.09,32.09,32.09,85.69647865
Kraken:SOLUSD,2022-09-19T16:20:00Z,32.04,32.04,32.01,32.01,31.05489155
Kraken:SOLUSD,2022-09-19T16:22:00Z,31.99,31.99,31.99,31.99,3.34028
Kraken:SOLUSD,2022-09-19T16:23:00Z,32.01,32.01,32.0,32.0,76.80945347
Kraken:SOLUSD,2022-09-19T16:24:00Z,32.01,32.01,32.01,32.01,114.368
Kraken:SOLUSD,2022-09-19T16:26:00Z,31.95,31.95,31.94,31.94,30.78135783
Kraken:SOLUSD,2022-09-19T16:27:00Z,31.93,31.93,31.87,31.87,112.7965011
Kraken:SOLUSD,2022-09-19T16:29:00Z,31.86,31.86,31.85,31.85,1
Kraken:SOLUSD,2022-09-19T16:30:00Z,31.88,31.88,31.88,31.88,6E+1
Kraken:SOLUSD,2022-09-19T16:31:00Z,31.9,31.94,31.9,31.94,113.0679209
Kraken:SOLUSD,2022-09-19T16:32:00Z,31.96,31.96,31.96,31.96,1.53363
Kraken:SOLUSD,2022-09-19T16:33:00Z,31.94,31.95,31.94,31.95,320.10571275
Kraken:SOLUSD,2022-09-19T16:35:00Z,32.01,32.03,32.01,32.03,1
Kraken:SOLUSD,2022-09-19T16:40:00Z,32.03,32.03,32.03,32.03,31.242
Kraken:SOLUSD,2022-09-19T16:41:00Z,32.03,32.03,32.03,32.03,11.55324
Kraken:SOLUSD,2022-09-19T16:46:00Z,32.07,32.07,32.07,32.07,55.69257169
Kraken:SOLUSD,2022-09-19T16:50:00Z,32.07,32.07,32.06,32.06,1.1E+2
Kraken:SOLUSD,2022-09-19T16:51:00Z,32.08,32.09,32.08,32.09,2.57272059
Kraken:SOLUSD,2022-09-19T16:54:00Z,32.13,32.13,32.13,32.13,0.79216794
Kraken:SOLUSD,2022-09-19T16:55:00Z,32.15,32.16,32.15,32.16,3.30561991
Kraken:SOLUSD,2022-09-19T16:56:00Z,32.14,32.14,32.14,32.14,127.828
Kraken:SOLUSD,2022-09-19T16:59:00Z,32.13,32.13,32.13,32.13,0.125
Kraken:SOLUSD,2022-09-19T17:00:00Z,32.15,32.15,32.15,32.15,1775.77022238
Kraken:SOLUSD,2022-09-19T17:01:00Z,32.14,32.14,32.12,32.12,1556.464
Kraken:SOLUSD,2022-09-19T17:03:00Z,32.14,32.14,32.09,32.09,2174.35728657
Kraken:SOLUSD,2022-09-19T17:05:00Z,32.13,32.13,32.13,32.13,14.14125
Kraken:SOLUSD,2022-09-19T17:06:00Z,32.16,32.18,32.16,32.18,7.07330857
Kraken:SOLUSD,2022-09-19T17:07:00Z,32.18,32.18,32.18,32.18,5
Kraken:SOLUSD,2022-09-19T17:08:00Z,32.19,32.19,32.19,32.19,7.19010119
Kraken:SOLUSD,2022-09-19T17:09:00Z,32.18,32.19,32.18,32.18,16.8079088
Kraken:SOLUSD,2022-09-19T17:10:00Z,32.17,32.18,32.17,32.18,464.46677183
Kraken:SOLUSD,2022-09-19T17:13:00Z,32.09,32.09,32.09,32.09,32.15064387
Kraken:SOLUSD,2022-09-19T17:17:00Z,32.03,32.03,32.01,32.01,81.32395029
Kraken:SOLUSD,2022-09-19T17:18:00Z,32.02,32.02,31.93,31.93,3.6320699
Kraken:SOLUSD,2022-09-19T17:19:00Z,31.92,31.95,31.91,31.95,9.26684
Kraken:SOLUSD,2022-09-19T17:20:00Z,31.95,31.95,31.95,31.95,9.01224
Kraken:SOLUSD,2022-09-19T17:21:00Z,31.95,31.95,31.95,31.95,0.98776
Kraken:SOLUSD,2022-09-19T17:24:00Z,31.91,31.91,31.89,31.89,250.30102624
Kraken:SOLUSD,2022-09-19T17:28:00Z,31.91,31.91,31.9,31.91,4
Kraken:SOLUSD,2022-09-19T17:29:00Z,31.92,31.92,31.92,31.92,3.39710344
Kraken:SOLUSD,2022-09-19T17:31:00Z,31.95,31.95,31.95,31.95,3.06726
Kraken:SOLUSD,2022-09-19T17:32:00Z,31.95,31.95,31.95,31.95,0.23266
Kraken:SOLUSD,2022-09-19T17:33:00Z,31.88,31.88,31.81,31.81,22.66728814
Kraken:SOLUSD,2022-09-19T17:34:00Z,31.8,31.81,31.77,31.78,1663.01197402
Kraken:SOLUSD,2022-09-19T17:35:00Z,31.79,31.79,31.79,31.79,2.13063
Kraken:SOLUSD,2022-09-19T17:37:00Z,31.76,31.76,31.72,31.72,16.75655597
Kraken:SOLUSD,2022-09-19T17:38:00Z,31.72,31.72,31.71,31.71,2.27926682
Kraken:SOLUSD,2022-09-19T17:39:00Z,31.73,31.73,31.73,31.73,122.159
Kraken:SOLUSD,2022-09-19T17:40:00Z,31.79,31.81,31.79,31.81,0.85007257
Kraken:SOLUSD,2022-09-19T17:41:00Z,31.82,31.82,31.82,31.82,0.66444444
Kraken:SOLUSD,2022-09-19T17:45:00Z,31.8,31.8,31.8,31.8,173.98081
Kraken:SOLUSD,2022-09-19T17:47:00Z,31.86,31.86,31.86,31.86,0.62869728
Kraken:SOLUSD,2022-09-19T17:51:00Z,31.9,31.9,31.9,31.9,18.7911
Kraken:SOLUSD,2022-09-19T17:54:00Z,31.88,31.9,31.88,31.9,311.90424
Kraken:SOLUSD,2022-09-19T17:55:00Z,31.91,31.91,31.91,31.91,65
Kraken:SOLUSD,2022-09-19T17:56:00Z,31.92,31.94,31.92,31.94,1.52479742
Kraken:SOLUSD,2022-09-19T17:58:00Z,31.87,31.87,31.87,31.87,29.71879
Kraken:SOLUSD,2022-09-19T17:59:00Z,31.86,31.87,31.86,31.87,3.46064
Kraken:SOLUSD,2022-09-19T18:00:00Z,31.87,31.87,31.87,31.87,3.05702661
Kraken:SOLUSD,2022-09-19T18:01:00Z,31.86,31.86,31.86,31.86,56.73957378
Kraken:SOLUSD,2022-09-19T18:08:00Z,31.84,31.86,31.84,31.86,9.46617593
Kraken:SOLUSD,2022-09-19T18:10:00Z,31.9,31.9,31.88,31.88,102.30389
Kraken:SOLUSD,2022-09-19T18:11:00Z,31.89,31.89,31.89,31.89,0.66641975
Kraken:SOLUSD,2022-09-19T18:13:00Z,31.94,31.94,31.94,31.94,0.62711864
Kraken:SOLUSD,2022-09-19T18:15:00Z,31.96,31.96,31.96,31.96,62.57822278
Kraken:SOLUSD,2022-09-19T18:16:00Z,31.97,31.98,31.97,31.98,25.77430507
Kraken:SOLUSD,2022-09-19T18:17:00Z,31.99,32.01,31.99,32.01,3.7923404
Kraken:SOLUSD,2022-09-19T18:18:00Z,32.02,32.02,32.02,32.02,6.1719937
Kraken:SOLUSD,2022-09-19T18:19:00Z,31.95,31.95,31.95,31.95,4
Kraken:SOLUSD,2022-09-19T18:23:00Z,31.93,31.93,31.91,31.91,2.23395381
Kraken:SOLUSD,2022-09-19T18:24:00Z,31.9,31.9,31.89,31.89,84.8711
Kraken:SOLUSD,2022-09-19T18:25:00Z,31.88,31.88,31.87,31.87,1.3E+2
Kraken:SOLUSD,2022-09-19T18:26:00Z,31.91,31.91,31.91,31.91,10.75234
Kraken:SOLUSD,2022-09-19T18:27:00Z,31.91,31.91,31.91,31.91,0.93415
Kraken:SOLUSD,2022-09-19T18:28:00Z,31.92,31.92,31.92,31.92,2.51666329
Kraken:SOLUSD,2022-09-19T18:29:00Z,31.91,31.91,31.91,31.91,199
Kraken:SOLUSD,2022-09-19T18:30:00Z,32.01,32.02,31.99,32.02,1202.55148179
Kraken:SOLUSD,2022-09-19T18:31:00Z,32.01,32.03,32.01,32.03,97.77558676
Kraken:SOLUSD,2022-09-19T18:32:00Z,32.04,32.1,32.04,32.1,14.8324307
Kraken:SOLUSD,2022-09-19T18:33:00Z,32.1,32.1,32.06,32.06,17.52481295
Kraken:SOLUSD,2022-09-19T18:34:00Z,32.06,32.08,32.04,32.04,2300.78587329
Kraken:SOLUSD,2022-09-19T18:35:00Z,32.07,32.07,32.05,32.05,13.849
Kraken:SOLUSD,2022-09-19T18:37:00Z,32.05,32.05,32.05,32.05,1.12808497
Kraken:SOLUSD,2022-09-19T18:38:00Z,32.1,32.13,32.1,32.13,9.77703224
Kraken:SOLUSD,2022-09-19T18:39:00Z,32.12,32.12,32.12,32.12,2E+1
Kraken:SOLUSD,2022-09-19T18:40:00Z,32.12,32.12,32.12,32.12,2E+1
Kraken:SOLUSD,2022-09-19T18:41:00Z,32.11,32.11,32.11,32.11,8.18055902
Kraken:SOLUSD,2022-09-19T18:42:00Z,32.14,32.16,32.14,32.16,68.16888881
Kraken:SOLUSD,2022-09-19T18:43:00Z,32.17,32.23,32.17,32.23,69.82610816
Kraken:SOLUSD,2022-09-19T18:44:00Z,32.19,32.19,32.19,32.19,3.05702661
Kraken:SOLUSD,2022-09-19T18:46:00Z,32.2,32.25,32.2,32.25,251
Kraken:SOLUSD,2022-09-19T18:47:00Z,32.24,32.24,32.24,32.24,4.25987476
Kraken:SOLUSD,2022-09-19T18:48:00Z,32.23,32.23,32.22,32.22,1.18478
Kraken:SOLUSD,2022-09-19T18:49:00Z,32.23,32.23,32.23,32.23,2.51305
Kraken:SOLUSD,2022-09-19T18:50:00Z,32.21,32.24,32.2,32.24,132.39524022
Kraken:SOLUSD,2022-09-19T18:51:00Z,32.25,32.27,32.25,32.27,62.46498318
Kraken:SOLUSD,2022-09-19T18:52:00Z,32.28,32.28,32.28,32.28,1
Kraken:SOLUSD,2022-09-19T18:53:00Z,32.27,32.28,32.27,32.28,3.40401707
Kraken:SOLUSD,2022-09-19T18:54:00Z,32.29,32.35,32.29,32.32,1117.15961356
Kraken:SOLUSD,2022-09-19T18:55:00Z,32.32,32.32,32.32,32.32,0.75086922
Kraken:SOLUSD,2022-09-19T18:56:00Z,32.33,32.33,32.33,32.33,53.62639435
Kraken:SOLUSD,2022-09-19T18:57:00Z,32.34,32.42,32.34,32.42,79.456118
Kraken:SOLUSD,2022-09-19T18:58:00Z,32.43,32.43,32.43,32.43,4.00905926
Kraken:SOLUSD,2022-09-19T18:59:00Z,32.39,32.39,32.37,32.37,1.28E+3
Kraken:SOLUSD,2022-09-19T19:00:00Z,32.4,32.41,32.4,32.41,169.8313103
Kraken:SOLUSD,2022-09-19T19:01:00Z,32.41,32.45,32.41,32.45,94.88887409
Kraken:SOLUSD,2022-09-19T19:02:00Z,32.46,32.5,32.46,32.5,291.89135059
Kraken:SOLUSD,2022-09-19T19:03:00Z,32.5,32.56,32.5,32.56,1101.49810401
Kraken:SOLUSD,2022-09-19T19:04:00Z,32.56,32.59,32.55,32.57,1299.53410449
Kraken:SOLUSD,2022-09-19T19:05:00Z,32.57,32.61,32.57,32.61,1604.35023104
Kraken:SOLUSD,2022-09-19T19:06:00Z,32.55,32.55,32.46,32.46,1540.28258249
Kraken:SOLUSD,2022-09-19T19:07:00Z,32.48,32.48,32.41,32.41,3.961
Kraken:SOLUSD,2022-09-19T19:08:00Z,32.4,32.42,32.4,32.41,180.04069754
Kraken:SOLUSD,2022-09-19T19:09:00Z,32.43,32.45,32.43,32.45,1.13532
Kraken:SOLUSD,2022-09-19T19:10:00Z,32.44,32.5,32.44,32.5,59.67489109
Kraken:SOLUSD,2022-09-19T19:11:00Z,32.54,32.64,32.54,32.64,623.56574157
Kraken:SOLUSD,2022-09-19T19:12:00Z,32.65,32.73,32.65,32.71,954.63175489
Kraken:SOLUSD,2022-09-19T19:13:00Z,32.72,32.72,32.72,32.72,0.15281174
Kraken:SOLUSD,2022-09-19T19:14:00Z,32.72,32.72,32.66,32.66,300.125
Kraken:SOLUSD,2022-09-19T19:15:00Z,32.61,32.61,32.61,32.61,2.5
Kraken:SOLUSD,2022-09-19T19:16:00Z,32.58,32.59,32.58,32.59,1E+2
Kraken:SOLUSD,2022-09-19T19:17:00Z,32.64,32.64,32.64,32.64,47.964
Kraken:SOLUSD,2022-09-19T19:19:00Z,32.56,32.56,32.55,32.55,78.29084
Kraken:SOLUSD,2022-09-19T19:20:00Z,32.55,32.55,32.53,32.53,60.51558248
Kraken:SOLUSD,2022-09-19T19:21:00Z,32.52,32.52,32.52,32.52,69.44854365
Kraken:SOLUSD,2022-09-19T19:22:00Z,32.56,32.66,32.56,32.66,528.73765376
Kraken:SOLUSD,2022-09-19T19:23:00Z,32.67,32.7,32.64,32.64,966.68837886
Kraken:SOLUSD,2022-09-19T19:25:00Z,32.64,32.64,32.64,32.64,0.11912269
Kraken:SOLUSD,2022-09-19T19:26:00Z,32.64,32.64,32.64,32.64,0.18584
Kraken:SOLUSD,2022-09-19T19:28:00Z,32.65,32.7,32.65,32.7,78.74032839
Kraken:SOLUSD,2022-09-19T19:32:00Z,32.69,32.74,32.69,32.74,21.9209581
Kraken:SOLUSD,2022-09-19T19:33:00Z,32.75,32.77,32.75,32.77,12.19012134
Kraken:SOLUSD,2022-09-19T19:34:00Z,32.78,32.86,32.78,32.85,1429.83189025
Kraken:SOLUSD,2022-09-19T19:35:00Z,32.83,32.84,32.83,32.83,474.44181558
Kraken:SOLUSD,2022-09-19T19:36:00Z,32.84,32.84,32.84,32.84,20.0052
Kraken:SOLUSD,2022-09-19T19:37:00Z,32.81,32.89,32.79,32.86,607.71496826
Kraken:SOLUSD,2022-09-19T19:38:00Z,32.88,32.92,32.88,32.92,31.70051081
Kraken:SOLUSD,2022-09-19T19:39:00Z,32.92,32.92,32.92,32.92,95.85298452
Kraken:SOLUSD,2022-09-19T19:40:00Z,32.92,32.96,32.92,32.96,20.86865496
Kraken:SOLUSD,2022-09-19T19:42:00Z,32.85,32.85,32.83,32.84,751.70560949
Kraken:SOLUSD,2022-09-19T19:44:00Z,32.86,32.87,32.86,32.87,2.47595
Kraken:SOLUSD,2022-09-19T19:45:00Z,32.83,32.83,32.8,32.8,42.00066
Kraken:SOLUSD,2022-09-19T19:46:00Z,32.76,32.76,32.7,32.7,51.94227141
Kraken:SOLUSD,2022-09-19T19:47:00Z,32.69,32.69,32.66,32.66,259.51911521
Kraken:SOLUSD,2022-09-19T19:48:00Z,32.66,32.69,32.66,32.69,30.1
Kraken:SOLUSD,2022-09-19T19:49:00Z,32.7,32.71,32.7,32.71,0.23905266
Kraken:SOLUSD,2022-09-19T19:51:00Z,32.69,32.72,32.69,32.72,147.51013877
Kraken:SOLUSD,2022-09-19T19:52:00Z,32.75,32.75,32.75,32.75,1.73398
Kraken:SOLUSD,2022-09-19T19:53:00Z,32.75,32.75,32.75,32.75,0.16336221
Kraken:SOLUSD,2022-09-19T19:54:00Z,32.76,32.79,32.76,32.79,6.07103
Kraken:SOLUSD,2022-09-19T19:55:00Z,32.79,32.79,32.79,32.79,3.26967063
Kraken:SOLUSD,2022-09-19T19:56:00Z,32.78,32.78,32.77,32.77,1.99206779
Kraken:SOLUSD,2022-09-19T19:57:00Z,32.78,32.78,32.76,32.76,39.95265
Kraken:SOLUSD,2022-09-19T19:58:00Z,32.78,32.85,32.78,32.81,10302.08240333
Kraken:SOLUSD,2022-09-19T19:59:00Z,32.82,32.82,32.82,32.82,1.9540006
Kraken:SOLUSD,2022-09-19T20:00:00Z,32.83,32.89,32.83,32.89,53.43248789
Kraken:SOLUSD,2022-09-19T20:01:00Z,32.9,32.94,32.9,32.94,8.95106029
Kraken:SOLUSD,2022-09-19T20:02:00Z,32.96,32.96,32.96,32.96,3.38907067
Kraken:SOLUSD,2022-09-19T20:03:00Z,32.83,32.83,32.77,32.79,340.07966316
Kraken:SOLUSD,2022-09-19T20:04:00Z,32.78,32.78,32.78,32.78,1.2056775
Kraken:SOLUSD,2022-09-19T20:05:00Z,32.77,32.77,32.77,32.77,1
Kraken:SOLUSD,2022-09-19T20:06:00Z,32.76,32.76,32.74,32.74,30.67787141
Kraken:SOLUSD,2022-09-19T20:09:00Z,32.78,32.79,32.78,32.79,2E+2
Kraken:SOLUSD,2022-09-19T20:11:00Z,32.76,32.76,32.76,32.76,5E+1
Kraken:SOLUSD,2022-09-19T20:14:00Z,32.73,32.73,32.73,32.73,0.125
Kraken:SOLUSD,2022-09-19T20:15:00Z,32.75,32.75,32.75,32.75,1.83224427
Kraken:SOLUSD,2022-09-19T20:16:00Z,32.72,32.72,32.72,32.72,65
Kraken:SOLUSD,2022-09-19T20:18:00Z,32.73,32.76,32.73,32.76,15.89232
Kraken:SOLUSD,2022-09-19T20:22:00Z,32.76,32.76,32.75,32.76,33.01221425
Kraken:SOLUSD,2022-09-19T20:23:00Z,32.77,32.77,32.76,32.77,141.95056797
Kraken:SOLUSD,2022-09-19T20:24:00Z,32.78,32.78,32.78,32.78,54.94585462
Kraken:SOLUSD,2022-09-19T20:25:00Z,32.78,32.84,32.78,32.83,101.77177783
Kraken:SOLUSD,2022-09-19T20:26:00Z,32.84,32.84,32.84,32.84,51.69334919
Kraken:SOLUSD,2022-09-19T20:28:00Z,32.86,32.86,32.86,32.86,152.16068167
Kraken:SOLUSD,2022-09-19T20:30:00Z,32.84,32.84,32.84,32.84,5E+1
Kraken:SOLUSD,2022-09-19T20:32:00Z,32.8,32.8,32.8,32.8,1E+2
Kraken:SOLUSD,2022-09-19T20:33:00Z,32.76,32.76,32.74,32.74,91.95388141
Kraken:SOLUSD,2022-09-19T20:34:00Z,32.75,32.75,32.75,32.75,2.04867
Kraken:SOLUSD,2022-09-19T20:35:00Z,32.77,32.77,32.77,32.77,0.1
Kraken:SOLUSD,2022-09-19T20:36:00Z,32.8,32.8,32.8,32.8,30.1
Kraken:SOLUSD,2022-09-19T20:38:00Z,32.81,32.83,32.81,32.83,200.37337879
Kraken:SOLUSD,2022-09-19T20:41:00Z,32.82,32.82,32.76,32.76,165.03037
Kraken:SOLUSD,2022-09-19T20:45:00Z,32.77,32.77,32.77,32.77,94.373
Kraken:SOLUSD,2022-09-19T20:50:00Z,32.79,32.79,32.79,32.79,2.7017
Kraken:SOLUSD,2022-09-19T20:53:00Z,32.82,32.82,32.81,32.81,1E+2
Kraken:SOLUSD,2022-09-19T20:54:00Z,32.78,32.79,32.78,32.79,9.51913083
Kraken:SOLUSD,2022-09-19T20:55:00Z,32.79,32.79,32.79,32.79,5
Kraken:SOLUSD,2022-09-19T20:56:00Z,32.78,32.79,32.78,32.79,156.23294387
Kraken:SOLUSD,2022-09-19T20:58:00Z,32.75,32.75,32.75,32.75,142.66381679
Kraken:SOLUSD,2022-09-19T20:59:00Z,32.74,32.74,32.74,32.74,5
Kraken:SOLUSD,2022-09-19T21:00:00Z,32.73,32.73,32.73,32.73,1059.255595
Kraken:SOLUSD,2022-09-19T21:01:00Z,32.74,32.74,32.74,32.74,1.72778558
Kraken:SOLUSD,2022-09-19T21:02:00Z,32.74,32.75,32.74,32.75,74.09821442
Kraken:SOLUSD,2022-09-19T21:03:00Z,32.81,32.85,32.81,32.85,3202.04931155
Kraken:SOLUSD,2022-09-19T21:04:00Z,32.82,32.82,32.82,32.82,154.3461304
Kraken:SOLUSD,2022-09-19T21:08:00Z,32.82,32.82,32.82,32.82,271.46384522
Kraken:SOLUSD,2022-09-19T21:11:00Z,32.85,32.85,32.85,32.85,0.1
Kraken:SOLUSD,2022-09-19T21:13:00Z,32.9,32.9,32.9,32.9,1.31580547
Kraken:SOLUSD,2022-09-19T21:14:00Z,32.9,32.9,32.9,32.9,2.37235
Kraken:SOLUSD,2022-09-19T21:15:00Z,32.9,32.91,32.9,32.9,1187.93255817
Kraken:SOLUSD,2022-09-19T21:16:00Z,32.89,32.91,32.89,32.91,101
Kraken:SOLUSD,2022-09-19T21:17:00Z,32.93,32.96,32.93,32.96,1479.76975575
Kraken:SOLUSD,2022-09-19T21:18:00Z,32.97,32.99,32.97,32.97,525
Kraken:SOLUSD,2022-09-19T21:19:00Z,32.96,32.98,32.96,32.98,259.27389447
Kraken:SOLUSD,2022-09-19T21:20:00Z,32.97,33.05,32.97,33.05,526.76623674
Kraken:SOLUSD,2022-09-19T21:21:00Z,33.0,33.0,33.0,33.0,68
Kraken:SOLUSD,2022-09-19T21:22:00Z,33.06,33.06,33.05,33.05,79.93094279
Kraken:SOLUSD,2022-09-19T21:24:00Z,33.0,33.01,33.0,33.01,5E+2
Kraken:SOLUSD,2022-09-19T21:26:00Z,32.92,32.92,32.91,32.91,30.99156665
Kraken:SOLUSD,2022-09-19T21:27:00Z,32.83,32.83,32.79,32.79,7.55511714
Kraken:SOLUSD,2022-09-19T21:28:00Z,32.8,32.8,32.72,32.72,89.11442456
Kraken:SOLUSD,2022-09-19T21:29:00Z,32.74,32.74,32.74,32.74,3.57
Kraken:SOLUSD,2022-09-19T21:30:00Z,32.76,32.76,32.75,32.76,12.64613741
Kraken:SOLUSD,2022-09-19T21:32:00Z,32.76,32.76,32.76,32.76,95.62086259
Kraken:SOLUSD,2022-09-19T21:33:00Z,32.77,32.77,32.77,32.77,6.64281795
Kraken:SOLUSD,2022-09-19T21:35:00Z,32.71,32.71,32.66,32.66,14.04442139
Kraken:SOLUSD,2022-09-19T21:36:00Z,32.69,32.69,32.69,32.69,7E+1
Kraken:SOLUSD,2022-09-19T21:38:00Z,32.72,32.76,32.72,32.76,33.08643451
Kraken:SOLUSD,2022-09-19T21:40:00Z,32.82,32.84,32.82,32.84,272.14171141
Kraken:SOLUSD,2022-09-19T21:41:00Z,32.89,32.92,32.87,32.87,44.12227314
Kraken:SOLUSD,2022-09-19T21:42:00Z,32.88,32.94,32.88,32.94,117.23278524
Kraken:SOLUSD,2022-09-19T21:43:00Z,32.91,32.91,32.91,32.91,15.35220261
Kraken:SOLUSD,2022-09-19T21:45:00Z,32.94,33.01,32.94,33.0,104.20764456
Kraken:SOLUSD,2022-09-19T21:46:00Z,32.95,32.95,32.87,32.87,41.67476665
Kraken:SOLUSD,2022-09-19T21:50:00Z,32.83,32.83,32.73,32.73,5.22425408
Kraken:SOLUSD,2022-09-19T21:55:00Z,32.77,32.77,32.77,32.77,1.50201834
Kraken:SOLUSD,2022-09-19T21:57:00Z,32.79,32.8,32.79,32.8,216.5
Kraken:SOLUSD,2022-09-19T21:59:00Z,32.74,32.75,32.74,32.75,1.42940337
Kraken:SOLUSD,2022-09-19T22:00:00Z,32.77,32.78,32.77,32.78,43.78142048
Kraken:SOLUSD,2022-09-19T22:02:00Z,32.78,32.78,32.78,32.78,1E+1
Kraken:SOLUSD,2022-09-19T22:04:00Z,32.72,32.72,32.7,32.7,12.43732702
Kraken:SOLUSD,2022-09-19T22:05:00Z,32.7,32.7,32.7,32.7,50.64
Kraken:SOLUSD,2022-09-19T22:06:00Z,32.75,32.75,32.75,32.75,14.05773768
Kraken:SOLUSD,2022-09-19T22:09:00Z,32.72,32.74,32.72,32.74,440.79673157
Kraken:SOLUSD,2022-09-19T22:10:00Z,32.83,32.83,32.83,32.83,0.31338
Kraken:SOLUSD,2022-09-19T22:11:00Z,32.84,32.88,32.84,32.88,47.35387628
Kraken:SOLUSD,2022-09-19T22:13:00Z,32.79,32.79,32.79,32.79,121.69151201
Kraken:SOLUSD,2022-09-19T22:14:00Z,32.83,32.83,32.83,32.83,3.02437
Kraken:SOLUSD,2022-09-19T22:15:00Z,32.82,32.82,32.82,32.82,0.125
Kraken:SOLUSD,2022-09-19T22:16:00Z,32.78,32.78,32.78,32.78,1
Kraken:SOLUSD,2022-09-19T22:17:00Z,32.78,32.78,32.78,32.78,3.00556
Kraken:SOLUSD,2022-09-19T22:19:00Z,32.83,32.83,32.83,32.83,60.05487804
Kraken:SOLUSD,2022-09-19T22:20:00Z,32.85,32.85,32.78,32.78,32.8
Kraken:SOLUSD,2022-09-19T22:21:00Z,32.77,32.77,32.77,32.77,0.30515716
Kraken:SOLUSD,2022-09-19T22:22:00Z,32.82,32.82,32.81,32.81,240.29588992
Kraken:SOLUSD,2022-09-19T22:25:00Z,32.76,32.76,32.71,32.74,31.77970141
Kraken:SOLUSD,2022-09-19T22:26:00Z,32.69,32.69,32.69,32.69,2.55697492
Kraken:SOLUSD,2022-09-19T22:27:00Z,32.68,32.68,32.65,32.65,8.88442258
Kraken:SOLUSD,2022-09-19T22:28:00Z,32.67,32.67,32.67,32.67,10.84507
Kraken:SOLUSD,2022-09-19T22:29:00Z,32.66,32.66,32.65,32.65,1.56507
Kraken:SOLUSD,2022-09-19T22:30:00Z,32.65,32.65,32.65,32.65,0.00000522
Kraken:SOLUSD,2022-09-19T22:32:00Z,32.69,32.69,32.69,32.69,1.5
Kraken:SOLUSD,2022-09-19T22:34:00Z,32.67,32.67,32.67,32.67,2.5
Kraken:SOLUSD,2022-09-19T22:35:00Z,32.71,32.71,32.71,32.71,0.1529
Kraken:SOLUSD,2022-09-19T22:37:00Z,32.71,32.71,32.71,32.71,0.1529
Kraken:SOLUSD,2022-09-19T22:38:00Z,32.71,32.71,32.71,32.71,463.34648435
Kraken:SOLUSD,2022-09-19T22:40:00Z,32.71,32.76,32.71,32.76,190.35114529
Kraken:SOLUSD,2022-09-19T22:41:00Z,32.82,32.82,32.82,32.82,5.79005
Kraken:SOLUSD,2022-09-19T22:46:00Z,32.8,32.8,32.8,32.8,2.0125
Kraken:SOLUSD,2022-09-19T22:48:00Z,32.84,32.84,32.84,32.84,0.67787141
Kraken:SOLUSD,2022-09-19T22:49:00Z,32.85,32.85,32.85,32.85,3.4859
Kraken:SOLUSD,2022-09-19T22:50:00Z,32.85,32.87,32.85,32.87,31
Kraken:SOLUSD,2022-09-19T22:52:00Z,32.89,32.92,32.89,32.92,7.19927323
Kraken:SOLUSD,2022-09-19T22:53:00Z,32.92,32.92,32.92,32.92,0.8118268
Kraken:SOLUSD,2022-09-19T22:54:00Z,32.91,32.91,32.91,32.91,5
Kraken:SOLUSD,2022-09-19T22:56:00Z,32.93,32.94,32.93,32.94,99.2055
Kraken:SOLUSD,2022-09-19T22:57:00Z,32.93,32.95,32.93,32.95,71.69253631
Kraken:SOLUSD,2022-09-19T22:59:00Z,32.91,32.91,32.88,32.88,15.1
Kraken:SOLUSD,2022-09-19T23:00:00Z,32.89,32.89,32.87,32.87,84.1785
Kraken:SOLUSD,2022-09-19T23:01:00Z,32.84,32.84,32.84,32.84,5.03898
Kraken:SOLUSD,2022-09-19T23:02:00Z,32.83,32.83,32.83,32.83,0.89848818
Kraken:SOLUSD,2022-09-19T23:04:00Z,32.79,32.79,32.79,32.79,3.785
Kraken:SOLUSD,2022-09-19T23:06:00Z,32.78,32.78,32.78,32.78,0.26521967
Kraken:SOLUSD,2022-09-19T23:07:00Z,32.76,32.76,32.7,32.7,68.56481576
Kraken:SOLUSD,2022-09-19T23:08:00Z,32.71,32.71,32.71,32.71,12.22548
Kraken:SOLUSD,2022-09-19T23:10:00Z,32.7,32.7,32.7,32.7,3.57993
Kraken:SOLUSD,2022-09-19T23:14:00Z,32.69,32.69,32.69,32.69,1.90237722
Kraken:SOLUSD,2022-09-19T23:15:00Z,32.68,32.68,32.67,32.67,1.67374049
Kraken:SOLUSD,2022-09-19T23:16:00Z,32.68,32.68,32.68,32.68,15.6586
Kraken:SOLUSD,2022-09-19T23:17:00Z,32.7,32.71,32.7,32.71,24.22904226
Kraken:SOLUSD,2022-09-19T23:20:00Z,32.72,32.72,32.72,32.72,50.31502102
Kraken:SOLUSD,2022-09-19T23:22:00Z,32.75,32.75,32.75,32.75,11.48126
Kraken:SOLUSD,2022-09-19T23:23:00Z,32.76,32.76,32.76,32.76,0.67943452
Kraken:SOLUSD,2022-09-19T23:25:00Z,32.77,32.77,32.77,32.77,55.0459
Kraken:SOLUSD,2022-09-19T23:29:00Z,32.84,32.84,32.84,32.84,0.67787141
Kraken:SOLUSD,2022-09-19T23:30:00Z,32.89,32.89,32.85,32.85,19.54127314
Kraken:SOLUSD,2022-09-19T23:31:00Z,32.86,32.86,32.86,32.86,49.579
Kraken:SOLUSD,2022-09-19T23:33:00Z,32.81,32.82,32.81,32.82,2.59279897
Kraken:SOLUSD,2022-09-19T23:35:00Z,32.82,32.82,32.82,32.82,13.826
Kraken:SOLUSD,2022-09-19T23:38:00Z,32.84,32.84,32.8,32.8,0.93972498
Kraken:SOLUSD,2022-09-19T23:39:00Z,32.77,32.77,32.77,32.77,0.1
Kraken:SOLUSD,2022-09-19T23:43:00Z,32.79,32.79,32.79,32.79,5.18707915
Kraken:SOLUSD,2022-09-19T23:46:00Z,32.8,32.8,32.78,32.78,188.11963626
Kraken:SOLUSD,2022-09-19T23:47:00Z,32.8,32.8,32.8,32.8,0.20742381
Kraken:SOLUSD,2022-09-19T23:48:00Z,32.76,32.76,32.76,32.76,1.07479547
Kraken:SOLUSD,2022-09-19T23:51:00Z,32.73,32.73,32.73,32.73,0.1
Kraken:SOLUSD,2022-09-19T23:53:00Z,32.75,32.75,32.74,32.74,330.31274763
Kraken:SOLUSD,2022-09-19T23:54:00Z,32.72,32.72,32.72,32.72,0.53818355
Kraken:SOLUSD,2022-09-19T23:56:00Z,32.69,32.69,32.69,32.69,2.50845955
Kraken:SOLUSD,2022-09-19T23:57:00Z,32.69,32.69,32.64,32.64,10.4371763
Kraken:SOLUSD,2022-09-19T23:58:00Z,32.64,32.64,32.58,32.58,137.41243651
