Kraken:ETHUSDT,2023-06-07T00:09:00Z,1886.18,1886.18,1886.08,1886.08,5.29930344
Kraken:ETHUSDT,2023-06-07T00:22:00Z,1884.43,1884.43,1884.43,1884.43,1E+1
Kraken:ETHUSDT,2023-06-07T00:25:00Z,1886.0,1886.0,1886.0,1886.0,19.78552656
Kraken:ETHUSDT,2023-06-07T00:27:00Z,1885.78,1886.06,1885.78,1886.06,1.51391228
Kraken:ETHUSDT,2023-06-07T00:37:00Z,1888.06,1891.07,1888.06,1891.07,0.19419442
Kraken:ETHUSDT,2023-06-07T00:38:00Z,1889.84,1889.84,1889.64,1889.64,0.06104979
Kraken:ETHUSDT,2023-06-07T00:45:00Z,1891.56,1895.06,1891.56,1895.06,0.26007253
Kraken:ETHUSDT,2023-06-07T00:46:00Z,1894.22,1894.22,1894.22,1894.22,0.10078333
Kraken:ETHUSDT,2023-06-07T00:49:00Z,1887.78,1887.78,1887.78,1887.78,0.06301688
Kraken:ETHUSDT,2023-06-07T00:53:00Z,1886.24,1886.24,1886.21,1886.21,0.27619937
Kraken:ETHUSDT,2023-06-07T00:56:00Z,1887.07,1887.07,1887.07,1887.07,0.01205423
Kraken:ETHUSDT,2023-06-07T00:57:00Z,1886.7,1886.7,1886.7,1886.7,0.04794798
Kraken:ETHUSDT,2023-06-07T01:03:00Z,1886.2,1886.2,1885.56,1885.56,0.07853755
Kraken:ETHUSDT,2023-06-07T01:05:00Z,1883.39,1883.39,1883.39,1883.39,0.07
Kraken:ETHUSDT,2023-06-07T01:09:00Z,1882.31,1882.31,1882.31,1882.31,0.01
Kraken:ETHUSDT,2023-06-07T01:16:00Z,1883.58,1883.58,1883.58,1883.58,0.08082405
Kraken:ETHUSDT,2023-06-07T01:18:00Z,1883.63,1883.63,1883.63,1883.63,0.01334324
Kraken:ETHUSDT,2023-06-07T01:20:00Z,1883.09,1883.09,1883.09,1883.09,0.03143147
Kraken:ETHUSDT,2023-06-07T01:24:00Z,1880.53,1880.53,1880.53,1880.53,0.04967695
Kraken:ETHUSDT,2023-06-07T01:26:00Z,1880.13,1880.18,1880.13,1880.18,3.12217401
Kraken:ETHUSDT,2023-06-07T01:32:00Z,1880.89,1880.89,1880.89,1880.89,0.01261209
Kraken:ETHUSDT,2023-06-07T01:33:00Z,1880.81,1880.81,1880.81,1880.81,0.01272419
Kraken:ETHUSDT,2023-06-07T01:36:00Z,1880.86,1880.86,1880.86,1880.86,0.01285205
Kraken:ETHUSDT,2023-06-07T01:37:00Z,1879.24,1879.24,1879.24,1879.24,0.01310202
Kraken:ETHUSDT,2023-06-07T01:39:00Z,1879.86,1879.86,1879.86,1879.86,0.03865198
Kraken:ETHUSDT,2023-06-07T01:40:00Z,1879.94,1879.94,1879.75,1879.75,0.06831192
Kraken:ETHUSDT,2023-06-07T01:50:00Z,1879.51,1879.51,1879.51,1879.51,0.01323889
Kraken:ETHUSDT,2023-06-07T01:51:00Z,1879.98,1879.98,1879.98,1879.98,0.01259593
Kraken:ETHUSDT,2023-06-07T01:52:00Z,1879.6,1879.6,1879.6,1879.6,0.00055
Kraken:ETHUSDT,2023-06-07T01:54:00Z,1879.55,1879.55,1879.55,1879.55,0.40646133
Kraken:ETHUSDT,2023-06-07T02:00:00Z,1879.23,1879.23,1879.23,1879.23,0.00431
Kraken:ETHUSDT,2023-06-07T02:02:00Z,1879.23,1879.23,1877.97,1877.97,0.04995752
Kraken:ETHUSDT,2023-06-07T02:06:00Z,1879.38,1879.38,1879.38,1879.38,0.0127264
Kraken:ETHUSDT,2023-06-07T02:08:00Z,1880.29,1880.29,1880.29,1880.29,0.0321
Kraken:ETHUSDT,2023-06-07T02:21:00Z,1877.97,1877.97,1877.97,1877.97,0.1110566
Kraken:ETHUSDT,2023-06-07T02:23:00Z,1876.47,1876.47,1876.41,1876.41,3.44926073
Kraken:ETHUSDT,2023-06-07T02:29:00Z,1876.57,1876.57,1876.57,1876.57,0.0313
Kraken:ETHUSDT,2023-06-07T02:30:00Z,1876.4,1876.4,1875.68,1875.68,68.21611635
Kraken:ETHUSDT,2023-06-07T02:34:00Z,1875.93,1875.93,1875.5,1875.5,67.56865841
Kraken:ETHUSDT,2023-06-07T02:36:00Z,1875.5,1875.5,1875.5,1875.5,2.07411356
Kraken:ETHUSDT,2023-06-07T02:37:00Z,1875.5,1875.5,1875.5,1875.5,25.34800056
Kraken:ETHUSDT,2023-06-07T02:57:00Z,1876.78,1876.78,1876.78,1876.78,0.05328275
Kraken:ETHUSDT,2023-06-07T03:00:00Z,1877.15,1877.15,1877.15,1877.15,0.18645286
Kraken:ETHUSDT,2023-06-07T03:12:00Z,1877.72,1877.72,1877.71,1877.71,1.32
Kraken:ETHUSDT,2023-06-07T03:14:00Z,1876.73,1876.73,1876.73,1876.73,0.01248499
Kraken:ETHUSDT,2023-06-07T03:16:00Z,1877.68,1877.68,1877.68,1877.68,0.24661637
Kraken:ETHUSDT,2023-06-07T03:17:00Z,1878.22,1878.22,1878.22,1878.22,0.01248168
Kraken:ETHUSDT,2023-06-07T03:20:00Z,1877.28,1877.28,1877.28,1877.28,0.01223046
Kraken:ETHUSDT,2023-06-07T03:23:00Z,1876.8,1876.8,1876.8,1876.8,0.43399
Kraken:ETHUSDT,2023-06-07T03:26:00Z,1875.25,1875.25,1875.25,1875.25,0.01
Kraken:ETHUSDT,2023-06-07T03:31:00Z,1873.59,1873.59,1873.59,1873.59,0.01206019
Kraken:ETHUSDT,2023-06-07T03:34:00Z,1873.58,1873.58,1873.33,1873.33,0.05745342
Kraken:ETHUSDT,2023-06-07T03:35:00Z,1872.5,1872.5,1872.5,1872.5,0.34848479
Kraken:ETHUSDT,2023-06-07T03:36:00Z,1872.06,1872.06,1872.06,1872.06,0.04248507
Kraken:ETHUSDT,2023-06-07T03:38:00Z,1873.39,1873.39,1873.39,1873.39,0.01265079
Kraken:ETHUSDT,2023-06-07T03:48:00Z,1876.91,1876.91,1876.91,1876.91,0.01211669
Kraken:ETHUSDT,2023-06-07T04:00:00Z,1877.74,1877.74,1877.74,1877.74,0.03484075
Kraken:ETHUSDT,2023-06-07T04:03:00Z,1876.83,1876.83,1876.83,1876.83,0.00209
Kraken:ETHUSDT,2023-06-07T04:09:00Z,1877.95,1877.95,1877.95,1877.95,0.0859934
Kraken:ETHUSDT,2023-06-07T04:10:00Z,1877.78,1877.78,1877.78,1877.78,0.05576535
Kraken:ETHUSDT,2023-06-07T04:32:00Z,1877.67,1877.83,1877.67,1877.83,0.21870134
Kraken:ETHUSDT,2023-06-07T04:37:00Z,1877.97,1877.97,1877.97,1877.97,0.11501597
Kraken:ETHUSDT,2023-06-07T04:54:00Z,1879.44,1879.44,1878.95,1878.95,43.6088
Kraken:ETHUSDT,2023-06-07T04:56:00Z,1879.63,1879.63,1879.63,1879.63,0.20625876
Kraken:ETHUSDT,2023-06-07T05:01:00Z,1879.06,1879.06,1879.06,1879.06,0.0528043
Kraken:ETHUSDT,2023-06-07T05:02:00Z,1879.43,1879.43,1879.43,1879.43,0.00104844
Kraken:ETHUSDT,2023-06-07T05:17:00Z,1879.36,1879.36,1879.36,1879.36,0.24672192
Kraken:ETHUSDT,2023-06-07T05:48:00Z,1878.16,1878.16,1878.16,1878.16,0.56486594
Kraken:ETHUSDT,2023-06-07T05:50:00Z,1878.3,1878.3,1878.3,1878.3,0.34510013
Kraken:ETHUSDT,2023-06-07T05:55:00Z,1879.45,1879.45,1879.45,1879.45,0.70971605
Kraken:ETHUSDT,2023-06-07T05:56:00Z,1879.62,1879.82,1879.62,1879.82,14.21207909
Kraken:ETHUSDT,2023-06-07T05:58:00Z,1880.57,1880.57,1880.57,1880.57,0.00314412
Kraken:ETHUSDT,2023-06-07T06:02:00Z,1880.87,1880.9,1880.87,1880.9,7.5
Kraken:ETHUSDT,2023-06-07T06:19:00Z,1882.0,1882.0,1882.0,1882.0,0.2199715
Kraken:ETHUSDT,2023-06-07T06:20:00Z,1882.0,1882.0,1882.0,1882.0,0.01134426
Kraken:ETHUSDT,2023-06-07T06:21:00Z,1882.0,1882.0,1882.0,1882.0,0.95685604
Kraken:ETHUSDT,2023-06-07T06:23:00Z,1882.0,1882.0,1882.0,1882.0,0.04378775
Kraken:ETHUSDT,2023-06-07T06:24:00Z,1882.0,1882.0,1882.0,1882.0,0.02761346
Kraken:ETHUSDT,2023-06-07T06:25:00Z,1882.0,1882.0,1882.0,1882.0,4.98106363
Kraken:ETHUSDT,2023-06-07T06:26:00Z,1882.0,1882.0,1882.0,1882.0,0.04350335
Kraken:ETHUSDT,2023-06-07T06:27:00Z,1882.0,1882.0,1882.0,1882.0,1E+1
Kraken:ETHUSDT,2023-06-07T06:30:00Z,1882.0,1882.0,1882.0,1882.0,0.27006006
Kraken:ETHUSDT,2023-06-07T06:36:00Z,1881.99,1881.99,1881.99,1881.99,3.4011719
Kraken:ETHUSDT,2023-06-07T06:44:00Z,1877.7,1877.7,1877.7,1877.7,0.01787749
Kraken:ETHUSDT,2023-06-07T06:46:00Z,1878.9,1878.9,1878.9,1878.9,0.01781454
Kraken:ETHUSDT,2023-06-07T06:51:00Z,1876.55,1876.55,1876.55,1876.55,0.02947589
Kraken:ETHUSDT,2023-06-07T06:53:00Z,1876.46,1876.46,1876.46,1876.46,0.26
Kraken:ETHUSDT,2023-06-07T06:56:00Z,1877.66,1877.83,1877.66,1877.83,15
Kraken:ETHUSDT,2023-06-07T06:58:00Z,1877.59,1877.7,1877.59,1877.7,26.061203
Kraken:ETHUSDT,2023-06-07T07:03:00Z,1876.13,1876.13,1876.13,1876.13,1.2
Kraken:ETHUSDT,2023-06-07T07:04:00Z,1877.44,1877.44,1877.44,1877.44,0.2895
Kraken:ETHUSDT,2023-06-07T07:07:00Z,1877.79,1877.9,1877.79,1877.9,5.55716694
Kraken:ETHUSDT,2023-06-07T07:12:00Z,1875.88,1875.88,1875.88,1875.88,0.03030332
Kraken:ETHUSDT,2023-06-07T07:17:00Z,1875.56,1875.56,1875.56,1875.56,0.01
Kraken:ETHUSDT,2023-06-07T07:18:00Z,1875.56,1875.56,1875.56,1875.56,0.49055307
Kraken:ETHUSDT,2023-06-07T07:22:00Z,1875.34,1875.39,1875.34,1875.39,0.52801405
Kraken:ETHUSDT,2023-06-07T07:31:00Z,1878.14,1878.14,1878.04,1878.04,0.1065664
Kraken:ETHUSDT,2023-06-07T07:32:00Z,1878.05,1878.05,1878.05,1878.05,0.053247
Kraken:ETHUSDT,2023-06-07T07:34:00Z,1879.63,1879.63,1879.63,1879.63,0.01064934
Kraken:ETHUSDT,2023-06-07T07:40:00Z,1877.79,1877.85,1877.79,1877.85,0.27159137
Kraken:ETHUSDT,2023-06-07T07:42:00Z,1877.98,1878.36,1877.98,1878.36,28.259
Kraken:ETHUSDT,2023-06-07T07:44:00Z,1877.84,1877.84,1877.84,1877.84,0.20254123
Kraken:ETHUSDT,2023-06-07T07:45:00Z,1878.09,1878.09,1878.09,1878.09,0.01065053
Kraken:ETHUSDT,2023-06-07T07:46:00Z,1878.27,1878.27,1878.27,1878.27,0.01064911
Kraken:ETHUSDT,2023-06-07T07:53:00Z,1877.26,1877.26,1877.26,1877.26,0.01300513
Kraken:ETHUSDT,2023-06-07T07:54:00Z,1877.39,1877.39,1877.39,1877.39,0.01597963
Kraken:ETHUSDT,2023-06-07T07:56:00Z,1876.71,1876.71,1876.71,1876.71,0.03150458
Kraken:ETHUSDT,2023-06-07T07:58:00Z,1875.55,1875.55,1875.55,1875.55,1.00000374
Kraken:ETHUSDT,2023-06-07T08:00:00Z,1875.25,1875.27,1875.25,1875.26,1.2714756
Kraken:ETHUSDT,2023-06-07T08:01:00Z,1876.32,1876.32,1876.32,1876.32,0.11964361
Kraken:ETHUSDT,2023-06-07T08:10:00Z,1875.0,1875.0,1875.0,1875.0,1E+1
Kraken:ETHUSDT,2023-06-07T08:15:00Z,1874.04,1874.05,1873.91,1873.92,1.44087411
Kraken:ETHUSDT,2023-06-07T08:16:00Z,1874.26,1874.26,1874.23,1874.23,1.30017267
Kraken:ETHUSDT,2023-06-07T08:20:00Z,1874.45,1874.45,1874.45,1874.45,0.14522139
Kraken:ETHUSDT,2023-06-07T08:21:00Z,1874.98,1874.98,1874.98,1874.98,1.06318
Kraken:ETHUSDT,2023-06-07T08:22:00Z,1875.21,1875.24,1875.21,1875.24,0.27592
Kraken:ETHUSDT,2023-06-07T08:32:00Z,1874.67,1874.67,1874.67,1874.67,0.99000564
Kraken:ETHUSDT,2023-06-07T08:35:00Z,1874.68,1874.68,1874.68,1874.68,0.0214
Kraken:ETHUSDT,2023-06-07T08:40:00Z,1875.88,1875.88,1875.88,1875.88,0.04069207
Kraken:ETHUSDT,2023-06-07T08:49:00Z,1876.11,1876.15,1876.11,1876.15,4.96596575
Kraken:ETHUSDT,2023-06-07T08:58:00Z,1875.11,1875.11,1875.11,1875.11,0.17812193
Kraken:ETHUSDT,2023-06-07T09:00:00Z,1874.68,1874.68,1874.67,1874.67,0.37704697
Kraken:ETHUSDT,2023-06-07T09:01:00Z,1872.9,1872.9,1872.9,1872.9,2.601847
Kraken:ETHUSDT,2023-06-07T09:07:00Z,1872.06,1872.06,1869.51,1869.51,0.1530469
Kraken:ETHUSDT,2023-06-07T09:10:00Z,1871.95,1871.95,1871.95,1871.95,7.822229
Kraken:ETHUSDT,2023-06-07T09:11:00Z,1871.06,1871.06,1871.06,1871.06,0.18985826
Kraken:ETHUSDT,2023-06-07T09:12:00Z,1872.35,1872.35,1872.35,1872.35,0.13351776
Kraken:ETHUSDT,2023-06-07T09:15:00Z,1870.67,1870.67,1869.5,1869.5,0.16122492
Kraken:ETHUSDT,2023-06-07T09:16:00Z,1870.57,1870.57,1870.57,1870.57,0.0398389
Kraken:ETHUSDT,2023-06-07T09:18:00Z,1869.5,1869.5,1868.6,1868.6,0.21199047
Kraken:ETHUSDT,2023-06-07T09:19:00Z,1867.95,1867.95,1867.95,1867.95,0.01435369
Kraken:ETHUSDT,2023-06-07T09:21:00Z,1868.59,1868.59,1868.59,1868.59,0.106269
Kraken:ETHUSDT,2023-06-07T09:30:00Z,1868.21,1868.21,1867.76,1867.76,0.6380439
Kraken:ETHUSDT,2023-06-07T09:31:00Z,1868.64,1868.64,1868.64,1868.64,0.01
Kraken:ETHUSDT,2023-06-07T09:33:00Z,1867.38,1867.38,1866.8,1866.8,0.44656416
Kraken:ETHUSDT,2023-06-07T09:35:00Z,1866.8,1866.8,1866.43,1866.43,0.20345952
Kraken:ETHUSDT,2023-06-07T09:36:00Z,1865.21,1865.21,1865.21,1865.21,0.268
Kraken:ETHUSDT,2023-06-07T09:37:00Z,1865.14,1865.14,1864.89,1864.89,0.05170728
Kraken:ETHUSDT,2023-06-07T09:47:00Z,1863.62,1863.62,1863.62,1863.62,0.0501277
Kraken:ETHUSDT,2023-06-07T09:48:00Z,1862.72,1862.77,1862.72,1862.77,3.71750537
Kraken:ETHUSDT,2023-06-07T09:49:00Z,1862.46,1862.46,1861.61,1861.61,0.53354954
Kraken:ETHUSDT,2023-06-07T09:50:00Z,1862.64,1862.64,1862.08,1862.08,0.28192149
Kraken:ETHUSDT,2023-06-07T09:51:00Z,1860.82,1860.82,1860.5,1860.5,0.08010688
Kraken:ETHUSDT,2023-06-07T09:53:00Z,1862.13,1862.13,1862.13,1862.13,0.21167079
Kraken:ETHUSDT,2023-06-07T09:54:00Z,1860.84,1860.84,1860.0,1860.0,0.26228286
Kraken:ETHUSDT,2023-06-07T09:55:00Z,1859.28,1859.28,1859.26,1859.26,0.19221269
Kraken:ETHUSDT,2023-06-07T09:56:00Z,1858.02,1858.02,1856.73,1856.73,5.3782005
Kraken:ETHUSDT,2023-06-07T09:57:00Z,1856.0,1856.0,1850.55,1854.26,32.76490098
Kraken:ETHUSDT,2023-06-07T09:58:00Z,1853.8,1853.96,1853.8,1853.96,1E+1
Kraken:ETHUSDT,2023-06-07T10:00:00Z,1850.0,1850.0,1848.36,1848.36,0.44523025
Kraken:ETHUSDT,2023-06-07T10:01:00Z,1848.17,1848.17,1846.67,1847.17,0.31577925
Kraken:ETHUSDT,2023-06-07T10:02:00Z,1846.0,1846.0,1845.58,1845.58,4.49313041
Kraken:ETHUSDT,2023-06-07T10:04:00Z,1845.24,1845.24,1845.24,1845.24,0.70964
Kraken:ETHUSDT,2023-06-07T10:07:00Z,1853.35,1854.7,1853.35,1854.21,67.65637537
Kraken:ETHUSDT,2023-06-07T10:09:00Z,1853.5,1854.78,1853.5,1854.78,0.68220801
Kraken:ETHUSDT,2023-06-07T10:16:00Z,1851.56,1851.56,1851.48,1851.48,0.51
Kraken:ETHUSDT,2023-06-07T10:18:00Z,1853.67,1853.68,1853.54,1853.54,3.05026598
Kraken:ETHUSDT,2023-06-07T10:23:00Z,1854.61,1854.61,1854.61,1854.61,0.05391969
Kraken:ETHUSDT,2023-06-07T10:24:00Z,1853.54,1853.54,1853.54,1853.54,0.47213
Kraken:ETHUSDT,2023-06-07T10:27:00Z,1854.72,1854.72,1854.72,1854.72,0.4
Kraken:ETHUSDT,2023-06-07T10:28:00Z,1856.3,1856.3,1856.3,1856.3,2.03355732
Kraken:ETHUSDT,2023-06-07T10:31:00Z,1856.3,1856.3,1856.3,1856.3,0.03983747
Kraken:ETHUSDT,2023-06-07T10:37:00Z,1855.39,1855.39,1855.39,1855.39,0.24227637
Kraken:ETHUSDT,2023-06-07T10:44:00Z,1857.04,1858.34,1857.04,1858.34,0.0649182
Kraken:ETHUSDT,2023-06-07T11:02:00Z,1857.78,1858.09,1857.78,1858.09,1.8447833
Kraken:ETHUSDT,2023-06-07T11:04:00Z,1857.81,1858.06,1857.81,1858.06,22
Kraken:ETHUSDT,2023-06-07T11:13:00Z,1859.85,1862.77,1859.85,1862.77,22.05760364
Kraken:ETHUSDT,2023-06-07T11:14:00Z,1862.3,1862.3,1862.3,1862.3,0.13691463
Kraken:ETHUSDT,2023-06-07T11:15:00Z,1860.34,1860.36,1860.34,1860.36,0.08459675
Kraken:ETHUSDT,2023-06-07T11:18:00Z,1859.31,1859.31,1859.31,1859.31,0.0205225
Kraken:ETHUSDT,2023-06-07T11:22:00Z,1862.02,1862.73,1862.02,1862.73,0.30081054
Kraken:ETHUSDT,2023-06-07T11:23:00Z,1863.32,1863.93,1863.32,1863.93,0.22666258
Kraken:ETHUSDT,2023-06-07T11:28:00Z,1863.87,1863.87,1863.87,1863.87,8.70210791
Kraken:ETHUSDT,2023-06-07T11:31:00Z,1865.17,1866.75,1865.17,1866.75,0.22285685
Kraken:ETHUSDT,2023-06-07T11:32:00Z,1869.56,1874.52,1869.56,1874.52,0.44428409
Kraken:ETHUSDT,2023-06-07T11:33:00Z,1874.52,1875.2,1874.52,1874.55,16.16163865
Kraken:ETHUSDT,2023-06-07T11:34:00Z,1874.06,1874.25,1873.85,1874.25,1.80703746
Kraken:ETHUSDT,2023-06-07T11:35:00Z,1873.53,1873.53,1873.53,1873.53,0.6
Kraken:ETHUSDT,2023-06-07T11:37:00Z,1871.23,1871.23,1871.23,1871.23,0.22476214
Kraken:ETHUSDT,2023-06-07T11:42:00Z,1870.46,1870.46,1870.46,1870.46,1.17703
Kraken:ETHUSDT,2023-06-07T11:43:00Z,1869.52,1869.52,1869.52,1869.52,0.01406967
Kraken:ETHUSDT,2023-06-07T11:44:00Z,1869.1,1869.1,1869.1,1869.1,0.66279
Kraken:ETHUSDT,2023-06-07T11:46:00Z,1868.83,1868.83,1868.83,1868.83,0.05
Kraken:ETHUSDT,2023-06-07T11:48:00Z,1867.86,1868.57,1867.86,1868.57,0.68474517
Kraken:ETHUSDT,2023-06-07T11:50:00Z,1867.96,1867.97,1867.96,1867.97,6.24950049
Kraken:ETHUSDT,2023-06-07T11:51:00Z,1867.65,1867.65,1867.5,1867.5,12
Kraken:ETHUSDT,2023-06-07T11:57:00Z,1868.96,1868.96,1868.96,1868.96,0.31097102
Kraken:ETHUSDT,2023-06-07T12:00:00Z,1869.73,1869.73,1869.73,1869.73,0.2583266
Kraken:ETHUSDT,2023-06-07T12:01:00Z,1868.27,1868.27,1868.27,1868.27,0.02872466
Kraken:ETHUSDT,2023-06-07T12:02:00Z,1867.81,1867.81,1867.24,1867.24,1.31675421
Kraken:ETHUSDT,2023-06-07T12:04:00Z,1866.44,1866.44,1866.44,1866.44,0.41384391
Kraken:ETHUSDT,2023-06-07T12:06:00Z,1866.43,1866.43,1863.62,1863.62,0.11455524
Kraken:ETHUSDT,2023-06-07T12:07:00Z,1864.07,1864.07,1864.07,1864.07,0.31076325
Kraken:ETHUSDT,2023-06-07T12:08:00Z,1863.4,1863.4,1863.17,1863.17,1.26329
Kraken:ETHUSDT,2023-06-07T12:10:00Z,1863.34,1863.34,1863.24,1863.24,0.57307742
Kraken:ETHUSDT,2023-06-07T12:28:00Z,1865.57,1865.57,1865.57,1865.57,0.26373307
Kraken:ETHUSDT,2023-06-07T12:29:00Z,1865.73,1865.97,1865.73,1865.97,1.07197221
Kraken:ETHUSDT,2023-06-07T12:30:00Z,1865.13,1865.13,1865.13,1865.13,0.31084303
Kraken:ETHUSDT,2023-06-07T12:32:00Z,1866.89,1866.89,1866.88,1866.88,2.52256
Kraken:ETHUSDT,2023-06-07T12:35:00Z,1866.32,1866.32,1866.32,1866.32,0.01
Kraken:ETHUSDT,2023-06-07T12:36:00Z,1865.08,1865.08,1865.08,1865.08,0.01
Kraken:ETHUSDT,2023-06-07T12:39:00Z,1865.73,1865.73,1865.45,1865.45,0.02
Kraken:ETHUSDT,2023-06-07T12:40:00Z,1866.85,1867.22,1866.77,1867.22,0.07337009
Kraken:ETHUSDT,2023-06-07T12:41:00Z,1867.25,1867.25,1867.25,1867.25,0.02065683
Kraken:ETHUSDT,2023-06-07T12:43:00Z,1868.21,1868.31,1867.87,1867.87,0.09736
Kraken:ETHUSDT,2023-06-07T12:44:00Z,1868.17,1868.17,1867.97,1867.97,0.02
Kraken:ETHUSDT,2023-06-07T12:47:00Z,1868.69,1868.86,1868.69,1868.86,7.887992
Kraken:ETHUSDT,2023-06-07T12:51:00Z,1866.36,1866.52,1866.36,1866.52,1.36719236
Kraken:ETHUSDT,2023-06-07T12:52:00Z,1865.51,1865.51,1865.51,1865.51,0.6216924
Kraken:ETHUSDT,2023-06-07T12:53:00Z,1865.18,1865.18,1865.02,1865.02,2.0705833
Kraken:ETHUSDT,2023-06-07T12:56:00Z,1864.96,1864.96,1864.96,1864.96,0.17972589
Kraken:ETHUSDT,2023-06-07T12:59:00Z,1865.08,1865.08,1865.08,1865.08,0.15102296
Kraken:ETHUSDT,2023-06-07T13:00:00Z,1864.73,1864.73,1864.73,1864.73,0.03535244
Kraken:ETHUSDT,2023-06-07T13:02:00Z,1863.96,1864.01,1863.74,1863.78,7.87448123
Kraken:ETHUSDT,2023-06-07T13:03:00Z,1864.91,1864.91,1864.9,1864.9,4.71199883
Kraken:ETHUSDT,2023-06-07T13:07:00Z,1863.11,1863.11,1863.11,1863.11,0.25689901
Kraken:ETHUSDT,2023-06-07T13:08:00Z,1862.75,1862.75,1862.75,1862.75,0.012355
Kraken:ETHUSDT,2023-06-07T13:12:00Z,1861.96,1861.96,1861.96,1861.96,0.0185198
Kraken:ETHUSDT,2023-06-07T13:13:00Z,1863.58,1863.58,1863.58,1863.58,0.01360596
Kraken:ETHUSDT,2023-06-07T13:17:00Z,1863.08,1863.08,1863.08,1863.08,0.05367167
Kraken:ETHUSDT,2023-06-07T13:24:00Z,1863.49,1863.49,1863.49,1863.49,0.9692257
Kraken:ETHUSDT,2023-06-07T13:28:00Z,1863.03,1863.03,1863.03,1863.03,0.05288361
Kraken:ETHUSDT,2023-06-07T13:29:00Z,1862.5,1862.5,1862.5,1862.5,0.01588681
Kraken:ETHUSDT,2023-06-07T13:33:00Z,1865.25,1865.26,1865.25,1865.26,0.93634135
Kraken:ETHUSDT,2023-06-07T13:40:00Z,1861.67,1861.67,1861.67,1861.67,0.03313805
Kraken:ETHUSDT,2023-06-07T13:42:00Z,1861.66,1861.66,1860.0,1860.0,0.7642499
Kraken:ETHUSDT,2023-06-07T13:43:00Z,1859.49,1859.49,1859.49,1859.49,0.01096876
Kraken:ETHUSDT,2023-06-07T13:44:00Z,1859.28,1859.28,1859.28,1859.28,0.13842785
Kraken:ETHUSDT,2023-06-07T13:49:00Z,1863.73,1863.73,1863.73,1863.73,0.01
Kraken:ETHUSDT,2023-06-07T13:51:00Z,1863.22,1864.72,1863.22,1864.72,0.24323
Kraken:ETHUSDT,2023-06-07T13:53:00Z,1865.55,1865.82,1865.55,1865.82,5
Kraken:ETHUSDT,2023-06-07T13:55:00Z,1865.85,1865.85,1865.85,1865.85,5
Kraken:ETHUSDT,2023-06-07T13:56:00Z,1867.73,1867.73,1867.73,1867.73,0.07141568
Kraken:ETHUSDT,2023-06-07T13:59:00Z,1865.44,1865.44,1865.44,1865.44,0.0568
Kraken:ETHUSDT,2023-06-07T14:00:00Z,1863.34,1863.34,1863.34,1863.34,0.03484075
Kraken:ETHUSDT,2023-06-07T14:06:00Z,1862.23,1862.23,1862.23,1862.23,0.78825775
Kraken:ETHUSDT,2023-06-07T14:09:00Z,1860.45,1860.45,1860.45,1860.45,0.01914218
Kraken:ETHUSDT,2023-06-07T14:12:00Z,1860.91,1860.91,1860.9,1860.9,4.65654
Kraken:ETHUSDT,2023-06-07T14:13:00Z,1861.0,1861.0,1861.0,1861.0,11
Kraken:ETHUSDT,2023-06-07T14:15:00Z,1858.02,1858.02,1854.86,1854.86,0.38698968
Kraken:ETHUSDT,2023-06-07T14:16:00Z,1856.69,1856.69,1856.3,1856.3,22
Kraken:ETHUSDT,2023-06-07T14:17:00Z,1858.6,1858.6,1858.6,1858.6,0.01
Kraken:ETHUSDT,2023-06-07T14:22:00Z,1853.94,1853.94,1853.94,1853.94,0.01446216
Kraken:ETHUSDT,2023-06-07T14:23:00Z,1853.0,1853.0,1853.0,1853.0,0.52575283
Kraken:ETHUSDT,2023-06-07T14:24:00Z,1851.15,1851.15,1847.98,1848.87,1.72383072
Kraken:ETHUSDT,2023-06-07T14:27:00Z,1853.91,1854.08,1853.91,1854.07,6.5
Kraken:ETHUSDT,2023-06-07T14:28:00Z,1854.92,1855.29,1854.92,1855.29,1.54030786
Kraken:ETHUSDT,2023-06-07T14:30:00Z,1856.69,1856.69,1854.49,1854.49,0.08080282
Kraken:ETHUSDT,2023-06-07T14:32:00Z,1850.6,1850.6,1850.6,1850.6,0.0905095
Kraken:ETHUSDT,2023-06-07T14:37:00Z,1846.67,1846.67,1843.13,1843.13,0.66191688
Kraken:ETHUSDT,2023-06-07T14:38:00Z,1842.75,1842.75,1841.13,1841.13,0.26089536
Kraken:ETHUSDT,2023-06-07T14:39:00Z,1841.1,1841.1,1840.03,1840.03,0.29771454
Kraken:ETHUSDT,2023-06-07T14:41:00Z,1843.81,1844.0,1843.81,1844.0,0.15748354
Kraken:ETHUSDT,2023-06-07T14:43:00Z,1846.43,1846.43,1845.36,1845.36,0.12828813
Kraken:ETHUSDT,2023-06-07T14:45:00Z,1845.61,1845.61,1845.61,1845.61,0.5
Kraken:ETHUSDT,2023-06-07T14:47:00Z,1841.8,1841.8,1841.8,1841.8,0.05
Kraken:ETHUSDT,2023-06-07T14:48:00Z,1841.94,1841.94,1841.94,1841.94,0.05975341
Kraken:ETHUSDT,2023-06-07T14:49:00Z,1842.06,1842.06,1842.06,1842.06,0.04043135
Kraken:ETHUSDT,2023-06-07T14:50:00Z,1840.73,1840.74,1840.41,1840.41,5.027
Kraken:ETHUSDT,2023-06-07T14:51:00Z,1841.65,1843.68,1841.65,1843.65,7.4767247
Kraken:ETHUSDT,2023-06-07T14:55:00Z,1841.13,1841.14,1841.13,1841.14,5.11595073
Kraken:ETHUSDT,2023-06-07T14:56:00Z,1842.0,1842.0,1842.0,1842.0,1.18867
Kraken:ETHUSDT,2023-06-07T15:01:00Z,1839.36,1839.36,1837.92,1837.92,0.95855939
Kraken:ETHUSDT,2023-06-07T15:02:00Z,1837.27,1840.62,1836.85,1840.61,11.87333625
Kraken:ETHUSDT,2023-06-07T15:06:00Z,1845.0,1845.0,1844.86,1844.86,0.76235384
Kraken:ETHUSDT,2023-06-07T15:07:00Z,1843.72,1844.4,1843.52,1844.4,2.88908757
Kraken:ETHUSDT,2023-06-07T15:08:00Z,1844.4,1844.4,1844.4,1844.4,0.0169288
Kraken:ETHUSDT,2023-06-07T15:09:00Z,1845.0,1847.18,1845.0,1847.18,3.84500019
Kraken:ETHUSDT,2023-06-07T15:19:00Z,1847.63,1847.63,1847.63,1847.63,0.26599282
Kraken:ETHUSDT,2023-06-07T15:20:00Z,1847.67,1847.67,1846.72,1846.72,5.5021441
Kraken:ETHUSDT,2023-06-07T15:22:00Z,1847.47,1847.47,1847.47,1847.47,0.27064038
Kraken:ETHUSDT,2023-06-07T15:23:00Z,1847.45,1847.57,1847.45,1847.57,15
Kraken:ETHUSDT,2023-06-07T15:32:00Z,1848.67,1848.67,1848.67,1848.67,0.01454818
Kraken:ETHUSDT,2023-06-07T15:33:00Z,1850.79,1851.02,1850.79,1851.02,4.92659679
Kraken:ETHUSDT,2023-06-07T15:34:00Z,1851.03,1851.03,1851.03,1851.03,0.54576837
Kraken:ETHUSDT,2023-06-07T15:44:00Z,1841.12,1841.12,1841.02,1841.02,6
Kraken:ETHUSDT,2023-06-07T15:46:00Z,1841.68,1841.68,1841.64,1841.64,19.57156631
Kraken:ETHUSDT,2023-06-07T15:51:00Z,1840.03,1840.03,1838.54,1838.54,0.065383
Kraken:ETHUSDT,2023-06-07T15:54:00Z,1839.27,1839.27,1839.27,1839.27,0.05192781
Kraken:ETHUSDT,2023-06-07T15:59:00Z,1838.19,1838.25,1838.19,1838.25,1.08810968
Kraken:ETHUSDT,2023-06-07T16:00:00Z,1837.27,1837.27,1836.99,1837.08,1.2714756
Kraken:ETHUSDT,2023-06-07T16:01:00Z,1835.78,1835.78,1835.78,1835.78,0.06111862
Kraken:ETHUSDT,2023-06-07T16:02:00Z,1835.78,1835.78,1835.78,1835.78,0.0111753
Kraken:ETHUSDT,2023-06-07T16:05:00Z,1840.54,1840.54,1840.54,1840.54,0.25928822
Kraken:ETHUSDT,2023-06-07T16:06:00Z,1840.55,1840.55,1840.54,1840.54,6.24780628
Kraken:ETHUSDT,2023-06-07T16:09:00Z,1840.55,1840.55,1840.55,1840.55,0.37380131
Kraken:ETHUSDT,2023-06-07T16:10:00Z,1840.54,1840.54,1840.54,1840.54,2.54363874
Kraken:ETHUSDT,2023-06-07T16:13:00Z,1836.13,1836.13,1835.0,1835.0,0.39250089
Kraken:ETHUSDT,2023-06-07T16:14:00Z,1835.0,1835.24,1834.5,1834.5,24.85182818
Kraken:ETHUSDT,2023-06-07T16:15:00Z,1836.43,1836.96,1836.43,1836.96,0.38738756
Kraken:ETHUSDT,2023-06-07T16:16:00Z,1837.11,1837.11,1837.11,1837.11,0.03942747
Kraken:ETHUSDT,2023-06-07T16:20:00Z,1840.31,1841.34,1840.31,1841.34,0.26737287
Kraken:ETHUSDT,2023-06-07T16:21:00Z,1839.95,1839.95,1839.95,1839.95,0.01
Kraken:ETHUSDT,2023-06-07T16:27:00Z,1836.63,1836.63,1836.63,1836.63,0.01
Kraken:ETHUSDT,2023-06-07T16:29:00Z,1835.48,1837.01,1835.48,1836.94,35.75432
Kraken:ETHUSDT,2023-06-07T16:30:00Z,1836.59,1836.59,1836.59,1836.59,5
Kraken:ETHUSDT,2023-06-07T16:31:00Z,1836.27,1840.33,1836.27,1840.33,35.09999999
Kraken:ETHUSDT,2023-06-07T16:34:00Z,1842.68,1842.68,1842.68,1842.68,0.13774067
Kraken:ETHUSDT,2023-06-07T16:35:00Z,1842.06,1842.06,1842.06,1842.06,0.01169361
Kraken:ETHUSDT,2023-06-07T16:36:00Z,1840.16,1840.16,1840.16,1840.16,1.1908
Kraken:ETHUSDT,2023-06-07T16:42:00Z,1840.87,1840.87,1840.87,1840.87,1
Kraken:ETHUSDT,2023-06-07T16:43:00Z,1840.54,1840.54,1840.21,1840.21,7.96
Kraken:ETHUSDT,2023-06-07T16:44:00Z,1841.83,1841.83,1841.83,1841.83,0.01081665
Kraken:ETHUSDT,2023-06-07T16:46:00Z,1843.12,1843.12,1843.12,1843.12,0.01459171
Kraken:ETHUSDT,2023-06-07T16:50:00Z,1842.6,1842.6,1842.6,1842.6,1.2264
Kraken:ETHUSDT,2023-06-07T16:51:00Z,1842.0,1842.0,1842.0,1842.0,0.16090536
Kraken:ETHUSDT,2023-06-07T16:55:00Z,1840.48,1840.48,1840.48,1840.48,0.08595
Kraken:ETHUSDT,2023-06-07T16:57:00Z,1841.03,1841.03,1841.02,1841.02,2.88
Kraken:ETHUSDT,2023-06-07T17:04:00Z,1840.01,1840.01,1840.0,1840.0,0.73662494
Kraken:ETHUSDT,2023-06-07T17:06:00Z,1839.17,1839.17,1839.17,1839.17,0.205
Kraken:ETHUSDT,2023-06-07T17:07:00Z,1841.04,1841.04,1841.01,1841.01,2
Kraken:ETHUSDT,2023-06-07T17:09:00Z,1842.86,1843.02,1842.8,1842.8,15.5
Kraken:ETHUSDT,2023-06-07T17:11:00Z,1841.08,1841.08,1841.08,1841.08,0.53490294
Kraken:ETHUSDT,2023-06-07T17:14:00Z,1838.86,1838.86,1838.86,1838.86,0.02679199
Kraken:ETHUSDT,2023-06-07T17:16:00Z,1840.68,1840.68,1840.62,1840.62,18.57915673
Kraken:ETHUSDT,2023-06-07T17:24:00Z,1840.83,1840.96,1840.83,1840.96,1.62452587
Kraken:ETHUSDT,2023-06-07T17:26:00Z,1840.66,1840.66,1840.66,1840.66,0.1
Kraken:ETHUSDT,2023-06-07T17:30:00Z,1841.8,1841.8,1841.8,1841.8,0.21396001
Kraken:ETHUSDT,2023-06-07T17:33:00Z,1843.12,1844.4,1843.12,1844.4,0.05081696
Kraken:ETHUSDT,2023-06-07T17:34:00Z,1845.9,1845.9,1845.9,1845.9,0.01457004
Kraken:ETHUSDT,2023-06-07T17:38:00Z,1846.65,1846.65,1846.36,1846.36,0.03490307
Kraken:ETHUSDT,2023-06-07T17:41:00Z,1846.51,1846.51,1846.51,1846.51,0.1079479
Kraken:ETHUSDT,2023-06-07T17:42:00Z,1846.44,1846.44,1846.44,1846.44,2.59983
Kraken:ETHUSDT,2023-06-07T17:43:00Z,1847.18,1847.18,1847.18,1847.18,0.01
Kraken:ETHUSDT,2023-06-07T17:44:00Z,1847.18,1848.26,1847.18,1848.26,0.08713315
Kraken:ETHUSDT,2023-06-07T17:53:00Z,1848.66,1848.66,1848.66,1848.66,5.11595073
Kraken:ETHUSDT,2023-06-07T17:54:00Z,1848.67,1848.67,1848.67,1848.67,0.01454817
Kraken:ETHUSDT,2023-06-07T17:56:00Z,1849.81,1849.81,1849.58,1849.58,1.10208776
Kraken:ETHUSDT,2023-06-07T17:57:00Z,1850.17,1850.17,1850.17,1850.17,0.0562664
Kraken:ETHUSDT,2023-06-07T17:58:00Z,1849.78,1849.78,1849.78,1849.78,0.1
Kraken:ETHUSDT,2023-06-07T17:59:00Z,1850.07,1850.07,1850.07,1850.07,0.16162544
Kraken:ETHUSDT,2023-06-07T18:00:00Z,1848.74,1848.74,1848.74,1848.74,0.01135988
Kraken:ETHUSDT,2023-06-07T18:01:00Z,1850.16,1850.32,1850.16,1850.32,1.93980596
Kraken:ETHUSDT,2023-06-07T18:02:00Z,1850.27,1850.28,1850.27,1850.28,2.70177011
Kraken:ETHUSDT,2023-06-07T18:07:00Z,1850.61,1850.61,1850.61,1850.61,1.23470489
Kraken:ETHUSDT,2023-06-07T18:09:00Z,1850.19,1850.27,1850.19,1850.27,2.06092453
Kraken:ETHUSDT,2023-06-07T18:10:00Z,1849.98,1849.98,1849.98,1849.98,0.10147587
Kraken:ETHUSDT,2023-06-07T18:15:00Z,1850.98,1851.0,1850.98,1851.0,15
Kraken:ETHUSDT,2023-06-07T18:16:00Z,1850.37,1850.37,1850.37,1850.37,0.70913
Kraken:ETHUSDT,2023-06-07T18:23:00Z,1850.93,1850.93,1850.93,1850.93,0.20099882
Kraken:ETHUSDT,2023-06-07T18:25:00Z,1850.85,1850.85,1850.85,1850.85,0.01
Kraken:ETHUSDT,2023-06-07T18:26:00Z,1851.03,1851.03,1851.03,1851.03,0.04188742
Kraken:ETHUSDT,2023-06-07T18:35:00Z,1850.61,1850.62,1849.78,1849.78,1.47721189
Kraken:ETHUSDT,2023-06-07T18:37:00Z,1851.33,1852.46,1851.33,1852.46,0.12906424
Kraken:ETHUSDT,2023-06-07T18:39:00Z,1851.21,1851.21,1851.21,1851.21,0.03764553
Kraken:ETHUSDT,2023-06-07T18:51:00Z,1848.59,1848.59,1848.59,1848.59,0.055
Kraken:ETHUSDT,2023-06-07T18:56:00Z,1848.46,1848.47,1848.46,1848.47,0.31086293
Kraken:ETHUSDT,2023-06-07T19:05:00Z,1849.26,1849.38,1849.26,1849.38,0.29245484
Kraken:ETHUSDT,2023-06-07T19:15:00Z,1850.51,1850.51,1850.51,1850.51,0.0630548
Kraken:ETHUSDT,2023-06-07T19:16:00Z,1850.51,1850.51,1850.51,1850.51,0.01
Kraken:ETHUSDT,2023-06-07T19:18:00Z,1848.73,1848.73,1848.73,1848.73,0.11832
Kraken:ETHUSDT,2023-06-07T19:19:00Z,1847.84,1847.84,1847.84,1847.84,0.03548306
Kraken:ETHUSDT,2023-06-07T19:30:00Z,1851.06,1851.06,1850.61,1850.61,2.70455179
Kraken:ETHUSDT,2023-06-07T19:35:00Z,1849.15,1849.15,1849.15,1849.15,0.17164696
Kraken:ETHUSDT,2023-06-07T19:40:00Z,1849.65,1849.65,1849.65,1849.65,0.01509143
Kraken:ETHUSDT,2023-06-07T19:44:00Z,1851.39,1851.39,1851.37,1851.37,0.03649364
Kraken:ETHUSDT,2023-06-07T19:47:00Z,1849.2,1849.23,1849.2,1849.23,0.27748492
Kraken:ETHUSDT,2023-06-07T19:54:00Z,1850.6,1850.6,1850.6,1850.6,0.01064696
Kraken:ETHUSDT,2023-06-07T19:55:00Z,1850.22,1850.22,1850.22,1850.22,0.04205674
Kraken:ETHUSDT,2023-06-07T19:56:00Z,1850.24,1850.24,1850.24,1850.24,0.24351934
Kraken:ETHUSDT,2023-06-07T20:03:00Z,1848.71,1848.71,1848.71,1848.71,0.3516
Kraken:ETHUSDT,2023-06-07T20:08:00Z,1848.48,1848.58,1848.48,1848.58,0.06704778
Kraken:ETHUSDT,2023-06-07T20:09:00Z,1848.51,1848.55,1848.51,1848.55,1.09704087
Kraken:ETHUSDT,2023-06-07T20:10:00Z,1848.5,1848.5,1847.78,1847.87,30.27383573
Kraken:ETHUSDT,2023-06-07T20:11:00Z,1847.47,1847.47,1847.16,1847.16,0.04959613
Kraken:ETHUSDT,2023-06-07T20:13:00Z,1844.11,1844.11,1842.17,1842.17,0.43351
Kraken:ETHUSDT,2023-06-07T20:14:00Z,1841.38,1841.38,1841.37,1841.37,0.04169
Kraken:ETHUSDT,2023-06-07T20:18:00Z,1843.49,1843.49,1843.49,1843.49,5
Kraken:ETHUSDT,2023-06-07T20:20:00Z,1844.37,1844.37,1844.37,1844.37,1E-8
Kraken:ETHUSDT,2023-06-07T20:21:00Z,1845.37,1845.38,1845.37,1845.38,4.56401616
Kraken:ETHUSDT,2023-06-07T20:26:00Z,1840.04,1840.04,1839.98,1839.98,6.6816419
Kraken:ETHUSDT,2023-06-07T20:29:00Z,1841.31,1841.31,1841.31,1841.31,0.13733
Kraken:ETHUSDT,2023-06-07T20:30:00Z,1842.14,1842.55,1842.02,1842.55,15.27615359
Kraken:ETHUSDT,2023-06-07T20:31:00Z,1842.83,1842.83,1842.83,1842.83,0.1
Kraken:ETHUSDT,2023-06-07T20:37:00Z,1842.32,1842.32,1842.32,1842.32,0.03843343
Kraken:ETHUSDT,2023-06-07T20:40:00Z,1842.19,1842.19,1841.01,1841.01,0.33089141
Kraken:ETHUSDT,2023-06-07T20:41:00Z,1840.2,1840.2,1840.2,1840.2,0.01282802
Kraken:ETHUSDT,2023-06-07T20:42:00Z,1840.05,1840.05,1840.05,1840.05,0.33577872
Kraken:ETHUSDT,2023-06-07T20:43:00Z,1840.05,1840.05,1840.05,1840.05,0.06343309
Kraken:ETHUSDT,2023-06-07T20:44:00Z,1840.05,1840.05,1840.05,1840.05,0.25654066
Kraken:ETHUSDT,2023-06-07T20:45:00Z,1840.05,1840.05,1840.05,1840.05,9.28400623
Kraken:ETHUSDT,2023-06-07T20:49:00Z,1840.75,1840.75,1840.75,1840.75,0.01335036
Kraken:ETHUSDT,2023-06-07T20:52:00Z,1842.18,1842.18,1842.18,1842.18,0.09375856
Kraken:ETHUSDT,2023-06-07T20:56:00Z,1842.19,1842.19,1842.11,1842.11,1.01720496
Kraken:ETHUSDT,2023-06-07T20:58:00Z,1842.07,1842.07,1842.07,1842.07,0.01243545
Kraken:ETHUSDT,2023-06-07T20:59:00Z,1841.37,1841.37,1841.36,1841.36,0.55
Kraken:ETHUSDT,2023-06-07T21:02:00Z,1842.18,1842.18,1842.14,1842.14,9.25
Kraken:ETHUSDT,2023-06-07T21:04:00Z,1842.19,1842.61,1842.19,1842.42,10.07774298
Kraken:ETHUSDT,2023-06-07T21:05:00Z,1841.26,1841.26,1841.26,1841.26,0.48745321
Kraken:ETHUSDT,2023-06-07T21:08:00Z,1840.04,1840.04,1840.04,1840.04,0.01283874
Kraken:ETHUSDT,2023-06-07T21:09:00Z,1838.54,1838.54,1832.41,1834.24,6.74840456
Kraken:ETHUSDT,2023-06-07T21:10:00Z,1835.9,1837.27,1835.9,1837.27,1.7035
Kraken:ETHUSDT,2023-06-07T21:11:00Z,1837.27,1840.34,1837.27,1840.34,0.15391911
Kraken:ETHUSDT,2023-06-07T21:13:00Z,1841.62,1841.62,1841.62,1841.62,0.1
Kraken:ETHUSDT,2023-06-07T21:14:00Z,1841.63,1841.63,1841.63,1841.63,0.04272774
Kraken:ETHUSDT,2023-06-07T21:16:00Z,1841.63,1841.85,1841.63,1841.85,0.01007174
Kraken:ETHUSDT,2023-06-07T21:19:00Z,1842.73,1842.73,1842.73,1842.73,0.02813247
Kraken:ETHUSDT,2023-06-07T21:27:00Z,1843.02,1843.02,1843.02,1843.02,0.1288269
Kraken:ETHUSDT,2023-06-07T21:29:00Z,1843.12,1843.12,1843.12,1843.12,0.01308111
Kraken:ETHUSDT,2023-06-07T21:30:00Z,1843.12,1843.91,1843.12,1843.91,0.01360447
Kraken:ETHUSDT,2023-06-07T21:32:00Z,1842.99,1842.99,1842.99,1842.99,1.004
Kraken:ETHUSDT,2023-06-07T21:35:00Z,1842.65,1842.65,1842.65,1842.65,0.00076046
Kraken:ETHUSDT,2023-06-07T21:36:00Z,1839.52,1839.52,1838.32,1838.32,0.40482718
Kraken:ETHUSDT,2023-06-07T21:37:00Z,1838.54,1838.54,1838.54,1838.54,0.37980878
Kraken:ETHUSDT,2023-06-07T21:38:00Z,1838.58,1838.58,1838.49,1838.49,1.85
Kraken:ETHUSDT,2023-06-07T21:40:00Z,1835.61,1835.61,1834.51,1834.51,0.41773539
Kraken:ETHUSDT,2023-06-07T21:43:00Z,1834.51,1834.51,1834.51,1834.51,0.80673678
Kraken:ETHUSDT,2023-06-07T21:45:00Z,1837.26,1837.26,1837.26,1837.26,0.0676761
Kraken:ETHUSDT,2023-06-07T21:49:00Z,1837.3,1837.3,1837.29,1837.29,1
Kraken:ETHUSDT,2023-06-07T21:53:00Z,1836.81,1836.81,1836.81,1836.81,0.04025471
Kraken:ETHUSDT,2023-06-07T21:54:00Z,1834.5,1834.5,1826.0,1826.74,35.88099537
Kraken:ETHUSDT,2023-06-07T21:55:00Z,1829.1,1829.15,1829.1,1829.15,0.5123505
Kraken:ETHUSDT,2023-06-07T21:56:00Z,1824.45,1825.4,1822.48,1825.25,1.01237226
Kraken:ETHUSDT,2023-06-07T21:57:00Z,1827.54,1827.54,1824.92,1824.92,0.02801139
Kraken:ETHUSDT,2023-06-07T21:58:00Z,1823.42,1823.55,1822.78,1823.55,1.01890637
Kraken:ETHUSDT,2023-06-07T21:59:00Z,1822.46,1822.46,1822.11,1822.11,0.3838189
Kraken:ETHUSDT,2023-06-07T22:00:00Z,1824.89,1824.89,1824.78,1824.78,5
Kraken:ETHUSDT,2023-06-07T22:01:00Z,1828.27,1828.27,1826.38,1826.38,26.97907994
Kraken:ETHUSDT,2023-06-07T22:02:00Z,1827.66,1827.66,1827.04,1827.04,0.02046142
Kraken:ETHUSDT,2023-06-07T22:03:00Z,1827.0,1827.0,1825.68,1825.68,1.22168278
Kraken:ETHUSDT,2023-06-07T22:05:00Z,1825.32,1825.32,1825.1,1825.12,0.63988644
Kraken:ETHUSDT,2023-06-07T22:06:00Z,1825.37,1825.58,1825.04,1825.58,0.24321023
Kraken:ETHUSDT,2023-06-07T22:08:00Z,1825.69,1827.0,1825.69,1827.0,16.59347614
Kraken:ETHUSDT,2023-06-07T22:09:00Z,1828.81,1828.81,1828.63,1828.68,0.55372049
Kraken:ETHUSDT,2023-06-07T22:10:00Z,1829.03,1830.0,1829.03,1830.0,100.29592171
Kraken:ETHUSDT,2023-06-07T22:11:00Z,1830.0,1830.0,1830.0,1830.0,7.168
Kraken:ETHUSDT,2023-06-07T22:13:00Z,1830.0,1830.14,1830.0,1830.14,14.16
Kraken:ETHUSDT,2023-06-07T22:14:00Z,1830.99,1830.99,1830.99,1830.99,0.05841659
Kraken:ETHUSDT,2023-06-07T22:15:00Z,1830.99,1830.99,1830.99,1830.99,0.01303258
Kraken:ETHUSDT,2023-06-07T22:16:00Z,1830.99,1830.99,1830.99,1830.99,14.98879213
Kraken:ETHUSDT,2023-06-07T22:17:00Z,1832.06,1833.26,1832.06,1832.96,0.95698979
Kraken:ETHUSDT,2023-06-07T22:19:00Z,1832.6,1832.6,1832.6,1832.6,0.09202439
Kraken:ETHUSDT,2023-06-07T22:20:00Z,1832.52,1832.52,1832.52,1832.52,0.01263475
Kraken:ETHUSDT,2023-06-07T22:22:00Z,1830.33,1830.33,1830.33,1830.33,0.31075748
Kraken:ETHUSDT,2023-06-07T22:23:00Z,1830.0,1830.0,1830.0,1830.0,8.67525861
Kraken:ETHUSDT,2023-06-07T22:25:00Z,1829.28,1829.28,1829.28,1829.28,0.06307987
Kraken:ETHUSDT,2023-06-07T22:37:00Z,1828.17,1828.17,1828.17,1828.17,0.0546995
Kraken:ETHUSDT,2023-06-07T22:39:00Z,1829.7,1829.7,1829.7,1829.7,0.19833759
Kraken:ETHUSDT,2023-06-07T22:42:00Z,1827.82,1828.06,1827.82,1828.06,0.5214682
Kraken:ETHUSDT,2023-06-07T22:43:00Z,1827.91,1827.91,1827.91,1827.91,0.01266876
Kraken:ETHUSDT,2023-06-07T22:45:00Z,1828.86,1828.91,1828.86,1828.91,0.12219057
Kraken:ETHUSDT,2023-06-07T22:47:00Z,1829.88,1829.88,1829.03,1829.03,66.31245534
Kraken:ETHUSDT,2023-06-07T22:48:00Z,1829.04,1829.04,1829.04,1829.04,0.02868535
Kraken:ETHUSDT,2023-06-07T22:52:00Z,1829.04,1829.04,1829.04,1829.04,0.29469347
Kraken:ETHUSDT,2023-06-07T22:53:00Z,1829.04,1829.04,1829.04,1829.04,2.04895107
Kraken:ETHUSDT,2023-06-07T22:54:00Z,1830.07,1830.07,1830.07,1830.07,0.01366374
Kraken:ETHUSDT,2023-06-07T22:55:00Z,1828.7,1828.7,1828.7,1828.7,2.49889004
Kraken:ETHUSDT,2023-06-07T22:56:00Z,1828.68,1828.68,1828.68,1828.68,2.25182987
Kraken:ETHUSDT,2023-06-07T23:00:00Z,1829.62,1829.62,1829.62,1829.62,0.07739
Kraken:ETHUSDT,2023-06-07T23:06:00Z,1830.23,1830.23,1830.23,1830.23,0.01569381
Kraken:ETHUSDT,2023-06-07T23:07:00Z,1829.92,1829.92,1829.92,1829.92,0.12056571
Kraken:ETHUSDT,2023-06-07T23:13:00Z,1826.86,1827.32,1826.86,1827.32,0.0635988
Kraken:ETHUSDT,2023-06-07T23:16:00Z,1827.61,1827.61,1827.61,1827.61,0.08
Kraken:ETHUSDT,2023-06-07T23:21:00Z,1830.28,1830.34,1830.28,1830.34,1.822
Kraken:ETHUSDT,2023-06-07T23:23:00Z,1830.2,1830.2,1830.2,1830.2,0.02513476
Kraken:ETHUSDT,2023-06-07T23:24:00Z,1830.51,1830.51,1830.51,1830.51,0.01277882
Kraken:ETHUSDT,2023-06-07T23:30:00Z,1830.5,1830.57,1830.5,1830.57,0.04
Kraken:ETHUSDT,2023-06-07T23:32:00Z,1832.11,1832.11,1832.11,1832.11,0.01303404
Kraken:ETHUSDT,2023-06-07T23:36:00Z,1831.33,1831.33,1831.33,1831.33,0.01341686
Kraken:ETHUSDT,2023-06-07T23:38:00Z,1831.65,1831.65,1831.64,1831.64,1.08662945
Kraken:ETHUSDT,2023-06-07T23:39:00Z,1832.02,1832.02,1832.02,1832.02,0.13356599
Kraken:ETHUSDT,2023-06-07T23:52:00Z,1833.07,1833.07,1833.07,1833.07,0.11579334
Kraken:ETHUSDT,2023-06-07T23:55:00Z,1833.28,1833.28,1833.28,1833.28,0.01276201
Kraken:ETHUSDT,2023-06-07T23:57:00Z,1832.41,1832.41,1832.41,1832.41,0.01250662
Kraken:ETHUSDT,2023-06-07T23:59:00Z,1832.38,1832.38,1831.46,1831.46,81.02865979
