Kraken:ETHEUR,2021-11-16T00:00:00Z,4016.53,4016.53,4010.52,4010.52,4.72046846
Kraken:ETHEUR,2021-11-16T00:01:00Z,4010.11,4010.11,4000.7,4000.7,2.99528316
Kraken:ETHEUR,2021-11-16T00:02:00Z,4001.0,4001.0,3994.77,3995.18,25.3028048
Kraken:ETHEUR,2021-11-16T00:03:00Z,3997.87,4000.54,3992.0,3992.0,16.63927626
Kraken:ETHEUR,2021-11-16T00:04:00Z,3991.01,3991.01,3986.0,3986.02,41.69752563
Kraken:ETHEUR,2021-11-16T00:05:00Z,3986.65,3986.98,3981.0,3984.5,22.47874437
Kraken:ETHEUR,2021-11-16T00:06:00Z,3984.49,3990.2,3984.49,3985.01,3.02045429
Kraken:ETHEUR,2021-11-16T00:07:00Z,3985.01,3987.55,3985.01,3987.55,0.36688489
Kraken:ETHEUR,2021-11-16T00:08:00Z,3987.55,3987.55,3975.0,3975.0,31.81382582
Kraken:ETHEUR,2021-11-16T00:09:00Z,3974.73,3980.96,3970.42,3970.91,6.31904344
Kraken:ETHEUR,2021-11-16T00:10:00Z,3970.88,3970.88,3966.0,3966.85,48.00960162
Kraken:ETHEUR,2021-11-16T00:11:00Z,3966.86,3966.86,3961.42,3961.42,9.32427333
Kraken:ETHEUR,2021-11-16T00:12:00Z,3961.0,3967.55,3938.59,3940.0,286.44284005
Kraken:ETHEUR,2021-11-16T00:13:00Z,3940.0,3963.22,3940.0,3961.8,44.63203304
Kraken:ETHEUR,2021-11-16T00:14:00Z,3956.45,3962.35,3956.43,3958.36,8.24231283
Kraken:ETHEUR,2021-11-16T00:15:00Z,3956.63,3965.01,3956.63,3964.45,15.89179212
Kraken:ETHEUR,2021-11-16T00:16:00Z,3965.04,3966.84,3955.52,3956.22,15.00400527
Kraken:ETHEUR,2021-11-16T00:17:00Z,3956.11,3956.46,3945.71,3945.71,15.94596222
Kraken:ETHEUR,2021-11-16T00:18:00Z,3942.65,3942.89,3931.62,3934.55,31.50882436
Kraken:ETHEUR,2021-11-16T00:19:00Z,3937.06,3944.55,3937.06,3941.97,80.83271037
Kraken:ETHEUR,2021-11-16T00:20:00Z,3943.72,3945.85,3934.58,3935.88,15.24478549
Kraken:ETHEUR,2021-11-16T00:21:00Z,3934.82,3940.38,3934.82,3939.45,3.30702503
Kraken:ETHEUR,2021-11-16T00:22:00Z,3938.19,3941.95,3938.03,3938.41,3.83560615
Kraken:ETHEUR,2021-11-16T00:23:00Z,3942.21,3943.26,3941.9,3942.96,4.67512672
Kraken:ETHEUR,2021-11-16T00:24:00Z,3943.26,3948.06,3943.26,3947.16,7.51472787
Kraken:ETHEUR,2021-11-16T00:25:00Z,3947.16,3947.16,3944.12,3945.3,64.54113784
Kraken:ETHEUR,2021-11-16T00:26:00Z,3946.34,3948.53,3945.46,3945.56,6.13001739
Kraken:ETHEUR,2021-11-16T00:27:00Z,3944.0,3944.0,3940.0,3940.0,1.05390626
Kraken:ETHEUR,2021-11-16T00:28:00Z,3938.98,3938.98,3932.39,3933.45,4.23630162
Kraken:ETHEUR,2021-11-16T00:29:00Z,3936.82,3939.76,3935.7,3936.86,1.65729445
Kraken:ETHEUR,2021-11-16T00:30:00Z,3935.39,3936.33,3930.0,3935.54,38.39859444
Kraken:ETHEUR,2021-11-16T00:31:00Z,3934.44,3941.47,3931.3,3941.47,2.65328864
Kraken:ETHEUR,2021-11-16T00:32:00Z,3940.99,3944.01,3940.99,3943.11,11.86153153
Kraken:ETHEUR,2021-11-16T00:33:00Z,3944.73,3945.86,3943.28,3944.97,2.88138873
Kraken:ETHEUR,2021-11-16T00:34:00Z,3944.32,3944.33,3943.47,3943.69,3.09023445
Kraken:ETHEUR,2021-11-16T00:35:00Z,3945.69,3947.09,3944.18,3944.46,38.35677001
Kraken:ETHEUR,2021-11-16T00:36:00Z,3945.43,3945.72,3943.0,3943.0,0.34690292
Kraken:ETHEUR,2021-11-16T00:37:00Z,3941.72,3941.73,3939.69,3939.69,2.91567362
Kraken:ETHEUR,2021-11-16T00:38:00Z,3939.7,3944.16,3939.7,3943.82,3.0068346
Kraken:ETHEUR,2021-11-16T00:39:00Z,3943.98,3945.08,3943.98,3944.7,2.37649677
Kraken:ETHEUR,2021-11-16T00:40:00Z,3947.89,3948.57,3945.58,3946.19,1.7775488
Kraken:ETHEUR,2021-11-16T00:41:00Z,3947.55,3947.55,3945.16,3946.24,3.92793174
Kraken:ETHEUR,2021-11-16T00:42:00Z,3946.32,3946.32,3942.62,3942.62,8.00677994
Kraken:ETHEUR,2021-11-16T00:43:00Z,3941.2,3941.2,3939.42,3939.42,2.90170646
Kraken:ETHEUR,2021-11-16T00:44:00Z,3939.41,3947.0,3939.41,3944.32,8.87475477
Kraken:ETHEUR,2021-11-16T00:45:00Z,3942.76,3947.68,3942.76,3947.1,6.12159074
Kraken:ETHEUR,2021-11-16T00:46:00Z,3946.67,3948.13,3946.67,3948.03,5.5974048
Kraken:ETHEUR,2021-11-16T00:47:00Z,3947.95,3952.24,3947.03,3950.83,7.98768593
Kraken:ETHEUR,2021-11-16T00:48:00Z,3951.98,3952.29,3950.27,3950.27,2.68483727
Kraken:ETHEUR,2021-11-16T00:49:00Z,3950.27,3950.27,3945.01,3945.01,7.96399683
Kraken:ETHEUR,2021-11-16T00:50:00Z,3945.0,3945.0,3941.72,3942.8,0.77321706
Kraken:ETHEUR,2021-11-16T00:51:00Z,3938.65,3938.65,3937.06,3937.06,1.77137145
Kraken:ETHEUR,2021-11-16T00:52:00Z,3935.0,3935.0,3930.07,3930.09,7.44303936
Kraken:ETHEUR,2021-11-16T00:53:00Z,3931.46,3931.46,3928.76,3928.76,26.67044014
Kraken:ETHEUR,2021-11-16T00:54:00Z,3928.01,3929.37,3925.0,3925.0,19.51183504
Kraken:ETHEUR,2021-11-16T00:55:00Z,3929.63,3931.0,3926.34,3926.34,1.37793866
Kraken:ETHEUR,2021-11-16T00:56:00Z,3925.01,3925.01,3912.02,3917.65,100.72768049
Kraken:ETHEUR,2021-11-16T00:57:00Z,3917.64,3918.96,3917.12,3917.12,1.11886941
Kraken:ETHEUR,2021-11-16T00:58:00Z,3917.13,3917.13,3896.1,3899.81,534.90009056
Kraken:ETHEUR,2021-11-16T00:59:00Z,3897.86,3910.8,3897.86,3907.56,4.05638926
Kraken:ETHEUR,2021-11-16T01:00:00Z,3906.92,3911.78,3897.79,3897.79,7.77663137
Kraken:ETHEUR,2021-11-16T01:01:00Z,3896.0,3896.01,3882.0,3889.42,182.6733561
Kraken:ETHEUR,2021-11-16T01:02:00Z,3890.0,3897.1,3887.87,3889.7,21.57918203
Kraken:ETHEUR,2021-11-16T01:03:00Z,3888.7,3888.7,3834.0,3866.91,375.20091304
Kraken:ETHEUR,2021-11-16T01:04:00Z,3861.56,3883.35,3855.14,3858.0,190.05608298
Kraken:ETHEUR,2021-11-16T01:05:00Z,3857.27,3857.27,3784.75,3784.75,521.9889739
Kraken:ETHEUR,2021-11-16T01:06:00Z,3784.75,3830.23,3752.13,3818.39,605.57955596
Kraken:ETHEUR,2021-11-16T01:07:00Z,3819.65,3832.22,3792.8,3810.09,133.59894927
Kraken:ETHEUR,2021-11-16T01:08:00Z,3811.52,3832.22,3793.29,3832.22,164.24489772
Kraken:ETHEUR,2021-11-16T01:09:00Z,3835.58,3850.66,3832.19,3850.6,20.78247452
Kraken:ETHEUR,2021-11-16T01:10:00Z,3844.12,3862.15,3844.12,3861.98,46.78899622
Kraken:ETHEUR,2021-11-16T01:11:00Z,3860.92,3863.95,3853.44,3854.05,28.60185009
Kraken:ETHEUR,2021-11-16T01:12:00Z,3859.11,3863.95,3842.58,3842.58,65.94346436
Kraken:ETHEUR,2021-11-16T01:13:00Z,3850.99,3858.69,3844.21,3858.69,3.89503929
Kraken:ETHEUR,2021-11-16T01:14:00Z,3857.78,3863.37,3854.33,3862.02,56.16597274
Kraken:ETHEUR,2021-11-16T01:15:00Z,3863.76,3867.68,3860.0,3865.57,19.17719987
Kraken:ETHEUR,2021-11-16T01:16:00Z,3864.49,3879.74,3864.49,3876.52,81.10407913
Kraken:ETHEUR,2021-11-16T01:17:00Z,3875.48,3875.48,3864.28,3867.45,20.57550667
Kraken:ETHEUR,2021-11-16T01:18:00Z,3866.69,3869.96,3843.75,3847.53,59.95217003
Kraken:ETHEUR,2021-11-16T01:19:00Z,3847.6,3857.25,3842.29,3857.25,7.01435242
Kraken:ETHEUR,2021-11-16T01:20:00Z,3859.42,3859.42,3854.98,3856.01,2.08807333
Kraken:ETHEUR,2021-11-16T01:21:00Z,3853.45,3853.45,3846.88,3851.36,1.9144333
Kraken:ETHEUR,2021-11-16T01:22:00Z,3853.67,3858.46,3853.67,3855.83,0.40062456
Kraken:ETHEUR,2021-11-16T01:23:00Z,3864.23,3868.17,3859.14,3862.04,18.28716638
Kraken:ETHEUR,2021-11-16T01:24:00Z,3866.63,3867.6,3862.1,3862.1,3.72686036
Kraken:ETHEUR,2021-11-16T01:25:00Z,3857.45,3857.45,3851.19,3854.38,2.28790497
Kraken:ETHEUR,2021-11-16T01:26:00Z,3853.47,3853.72,3846.88,3848.7,11.36025592
Kraken:ETHEUR,2021-11-16T01:27:00Z,3845.91,3848.23,3838.2,3840.32,12.21809567
Kraken:ETHEUR,2021-11-16T01:28:00Z,3843.58,3845.24,3839.37,3839.37,3.67665391
Kraken:ETHEUR,2021-11-16T01:29:00Z,3840.11,3843.73,3836.52,3843.73,3.12254741
Kraken:ETHEUR,2021-11-16T01:30:00Z,3846.55,3846.55,3834.65,3834.65,1.24170327
Kraken:ETHEUR,2021-11-16T01:31:00Z,3836.41,3836.41,3826.37,3826.37,16.5941529
Kraken:ETHEUR,2021-11-16T01:32:00Z,3826.36,3830.77,3823.11,3829.32,42.66577454
Kraken:ETHEUR,2021-11-16T01:33:00Z,3835.71,3836.02,3829.59,3829.59,4.7163017
Kraken:ETHEUR,2021-11-16T01:34:00Z,3829.27,3830.04,3825.33,3826.49,4.78798522
Kraken:ETHEUR,2021-11-16T01:35:00Z,3827.39,3830.13,3820.0,3830.13,5.24235387
Kraken:ETHEUR,2021-11-16T01:36:00Z,3837.56,3837.56,3835.67,3836.65,0.09568427
Kraken:ETHEUR,2021-11-16T01:37:00Z,3840.58,3840.58,3837.41,3839.24,12.10896354
Kraken:ETHEUR,2021-11-16T01:38:00Z,3839.97,3844.06,3839.33,3843.02,4.69987671
Kraken:ETHEUR,2021-11-16T01:39:00Z,3844.77,3854.14,3844.77,3853.85,3.87685881
Kraken:ETHEUR,2021-11-16T01:40:00Z,3854.03,3854.93,3853.02,3854.93,0.50814087
Kraken:ETHEUR,2021-11-16T01:41:00Z,3855.87,3855.99,3852.02,3852.02,8.61880844
Kraken:ETHEUR,2021-11-16T01:42:00Z,3854.04,3857.79,3853.47,3856.51,0.31811915
Kraken:ETHEUR,2021-11-16T01:43:00Z,3855.47,3857.12,3855.46,3856.32,3.82091831
Kraken:ETHEUR,2021-11-16T01:44:00Z,3857.46,3865.0,3857.46,3865.0,4.71461402
Kraken:ETHEUR,2021-11-16T01:45:00Z,3864.82,3868.77,3862.71,3868.77,5.15702994
Kraken:ETHEUR,2021-11-16T01:46:00Z,3868.76,3869.68,3868.76,3869.68,0.89891458
Kraken:ETHEUR,2021-11-16T01:47:00Z,3869.67,3873.01,3864.9,3865.73,3.89296168
Kraken:ETHEUR,2021-11-16T01:48:00Z,3867.03,3871.96,3865.3,3871.96,18.88642343
Kraken:ETHEUR,2021-11-16T01:49:00Z,3872.32,3872.32,3870.38,3870.39,1.92051307
Kraken:ETHEUR,2021-11-16T01:50:00Z,3871.12,3871.37,3867.98,3870.31,16.07999458
Kraken:ETHEUR,2021-11-16T01:51:00Z,3870.31,3878.58,3870.31,3876.95,36.80380547
Kraken:ETHEUR,2021-11-16T01:52:00Z,3877.01,3877.01,3874.96,3874.96,4.41013293
Kraken:ETHEUR,2021-11-16T01:53:00Z,3874.84,3876.27,3874.84,3876.27,0.54448442
Kraken:ETHEUR,2021-11-16T01:54:00Z,3875.89,3876.61,3875.04,3875.88,0.30223717
Kraken:ETHEUR,2021-11-16T01:55:00Z,3875.88,3877.01,3875.88,3877.01,1.18639551
Kraken:ETHEUR,2021-11-16T01:56:00Z,3876.44,3876.44,3873.39,3874.93,2.10534231
Kraken:ETHEUR,2021-11-16T01:57:00Z,3874.85,3874.85,3870.38,3872.76,1.08606575
Kraken:ETHEUR,2021-11-16T01:58:00Z,3872.85,3872.85,3869.63,3869.63,1.07668474
Kraken:ETHEUR,2021-11-16T01:59:00Z,3871.85,3874.05,3871.5,3874.05,0.37068992
Kraken:ETHEUR,2021-11-16T02:00:00Z,3873.79,3873.79,3863.07,3865.43,28.90313777
Kraken:ETHEUR,2021-11-16T02:01:00Z,3865.31,3874.92,3865.31,3874.92,2.49420378
Kraken:ETHEUR,2021-11-16T02:02:00Z,3874.92,3877.01,3865.84,3865.84,1.92475067
Kraken:ETHEUR,2021-11-16T02:03:00Z,3863.0,3866.79,3862.14,3864.85,1.82280799
Kraken:ETHEUR,2021-11-16T02:04:00Z,3864.86,3867.65,3864.86,3867.65,0.58514776
Kraken:ETHEUR,2021-11-16T02:05:00Z,3865.39,3865.39,3860.97,3861.77,15.00134049
Kraken:ETHEUR,2021-11-16T02:06:00Z,3862.01,3862.01,3862.0,3862.0,4.77008227
Kraken:ETHEUR,2021-11-16T02:07:00Z,3862.38,3867.2,3862.38,3867.2,1.08705446
Kraken:ETHEUR,2021-11-16T02:08:00Z,3867.02,3867.03,3861.57,3861.57,4.13958523
Kraken:ETHEUR,2021-11-16T02:09:00Z,3861.64,3868.39,3861.64,3867.28,1.91035139
Kraken:ETHEUR,2021-11-16T02:10:00Z,3868.75,3868.75,3863.07,3863.07,0.21188995
Kraken:ETHEUR,2021-11-16T02:11:00Z,3863.11,3872.71,3863.11,3872.71,0.98985633
Kraken:ETHEUR,2021-11-16T02:12:00Z,3876.33,3876.33,3875.95,3876.01,5.76312653
Kraken:ETHEUR,2021-11-16T02:13:00Z,3876.0,3876.0,3868.17,3868.17,18.59776407
Kraken:ETHEUR,2021-11-16T02:14:00Z,3867.51,3872.21,3867.51,3872.21,1.88735757
Kraken:ETHEUR,2021-11-16T02:15:00Z,3871.28,3871.28,3871.28,3871.28,0.00774733
Kraken:ETHEUR,2021-11-16T02:16:00Z,3872.63,3872.91,3872.58,3872.72,0.78003594
Kraken:ETHEUR,2021-11-16T02:17:00Z,3870.01,3870.01,3867.11,3869.51,8.32650485
Kraken:ETHEUR,2021-11-16T02:18:00Z,3866.94,3869.5,3865.02,3865.02,0.93786666
Kraken:ETHEUR,2021-11-16T02:19:00Z,3864.82,3866.31,3862.98,3862.98,4.34881717
Kraken:ETHEUR,2021-11-16T02:20:00Z,3864.47,3865.07,3861.69,3861.85,2.62497575
Kraken:ETHEUR,2021-11-16T02:21:00Z,3861.84,3865.29,3861.84,3865.29,1.40766681
Kraken:ETHEUR,2021-11-16T02:22:00Z,3864.34,3864.34,3861.81,3864.34,0.09876735
Kraken:ETHEUR,2021-11-16T02:23:00Z,3864.33,3864.33,3862.75,3863.4,0.77788205
Kraken:ETHEUR,2021-11-16T02:24:00Z,3863.08,3867.36,3862.93,3867.36,8.27375478
Kraken:ETHEUR,2021-11-16T02:25:00Z,3867.33,3868.06,3865.39,3865.39,8.28559073
Kraken:ETHEUR,2021-11-16T02:26:00Z,3863.85,3866.46,3863.85,3864.27,0.66738123
Kraken:ETHEUR,2021-11-16T02:27:00Z,3866.79,3866.79,3862.94,3862.94,2.23693378
Kraken:ETHEUR,2021-11-16T02:28:00Z,3865.17,3865.17,3865.17,3865.17,0.04901543
Kraken:ETHEUR,2021-11-16T02:29:00Z,3863.23,3863.23,3860.64,3860.64,0.99228679
Kraken:ETHEUR,2021-11-16T02:30:00Z,3859.86,3860.27,3859.03,3859.03,5.2600447
Kraken:ETHEUR,2021-11-16T02:31:00Z,3860.13,3860.13,3859.28,3859.28,7.01150465
Kraken:ETHEUR,2021-11-16T02:32:00Z,3859.3,3859.3,3859.3,3859.3,2.01311646
Kraken:ETHEUR,2021-11-16T02:33:00Z,3859.3,3859.3,3859.27,3859.27,3.06569659
Kraken:ETHEUR,2021-11-16T02:34:00Z,3857.38,3857.38,3854.11,3854.27,21.01449866
Kraken:ETHEUR,2021-11-16T02:35:00Z,3856.19,3856.19,3849.16,3849.16,6.72702989
Kraken:ETHEUR,2021-11-16T02:36:00Z,3849.11,3849.11,3845.79,3846.82,2.13114404
Kraken:ETHEUR,2021-11-16T02:37:00Z,3849.8,3849.8,3845.29,3845.29,8.53278918
Kraken:ETHEUR,2021-11-16T02:38:00Z,3845.28,3849.47,3843.09,3847.72,13.14943887
Kraken:ETHEUR,2021-11-16T02:39:00Z,3847.09,3852.35,3847.09,3849.16,4.82891854
Kraken:ETHEUR,2021-11-16T02:40:00Z,3849.75,3850.93,3849.74,3850.13,0.85658112
Kraken:ETHEUR,2021-11-16T02:41:00Z,3851.57,3852.91,3848.0,3848.0,2.77051449
Kraken:ETHEUR,2021-11-16T02:42:00Z,3847.24,3849.04,3846.43,3846.43,0.36513661
Kraken:ETHEUR,2021-11-16T02:43:00Z,3847.1,3847.1,3847.1,3847.1,0.01556685
Kraken:ETHEUR,2021-11-16T02:44:00Z,3847.24,3847.77,3846.01,3846.82,1.36814666
Kraken:ETHEUR,2021-11-16T02:45:00Z,3846.87,3850.99,3846.43,3850.99,2.42661589
Kraken:ETHEUR,2021-11-16T02:46:00Z,3851.46,3856.37,3851.46,3856.37,2.01761905
Kraken:ETHEUR,2021-11-16T02:47:00Z,3855.57,3857.86,3855.42,3855.42,0.40909356
Kraken:ETHEUR,2021-11-16T02:48:00Z,3853.53,3853.53,3847.37,3847.37,1.17670166
Kraken:ETHEUR,2021-11-16T02:49:00Z,3845.03,3845.03,3841.59,3841.86,4.95943585
Kraken:ETHEUR,2021-11-16T02:50:00Z,3844.29,3844.29,3842.43,3842.44,0.578985
Kraken:ETHEUR,2021-11-16T02:51:00Z,3842.42,3843.55,3836.24,3836.24,3.87774026
Kraken:ETHEUR,2021-11-16T02:52:00Z,3837.66,3837.66,3835.14,3835.14,28.9995
Kraken:ETHEUR,2021-11-16T02:53:00Z,3835.14,3835.14,3829.35,3829.91,3.1375249
Kraken:ETHEUR,2021-11-16T02:54:00Z,3829.37,3830.1,3829.35,3829.35,2.52672777
Kraken:ETHEUR,2021-11-16T02:55:00Z,3829.0,3829.0,3826.59,3827.13,2.0192696
Kraken:ETHEUR,2021-11-16T02:56:00Z,3826.22,3826.22,3822.08,3826.19,3.01159505
Kraken:ETHEUR,2021-11-16T02:57:00Z,3826.39,3829.18,3824.98,3827.05,32.31666232
Kraken:ETHEUR,2021-11-16T02:58:00Z,3828.32,3828.6,3821.0,3821.0,11.21720604
Kraken:ETHEUR,2021-11-16T02:59:00Z,3821.01,3822.51,3818.67,3822.51,22.54861066
Kraken:ETHEUR,2021-11-16T03:00:00Z,3820.51,3821.49,3810.17,3810.17,211.02092191
Kraken:ETHEUR,2021-11-16T03:01:00Z,3810.17,3812.99,3788.99,3805.1,742.96820326
Kraken:ETHEUR,2021-11-16T03:02:00Z,3804.21,3806.42,3803.82,3806.42,13.58568289
Kraken:ETHEUR,2021-11-16T03:03:00Z,3807.52,3812.19,3807.07,3812.19,2.29092014
Kraken:ETHEUR,2021-11-16T03:04:00Z,3808.4,3814.01,3808.4,3813.82,9.53264327
Kraken:ETHEUR,2021-11-16T03:05:00Z,3812.31,3820.57,3812.31,3820.57,7.72517663
Kraken:ETHEUR,2021-11-16T03:06:00Z,3820.57,3828.34,3820.57,3828.34,20.62108446
Kraken:ETHEUR,2021-11-16T03:07:00Z,3827.76,3829.35,3826.58,3829.35,2.04417074
Kraken:ETHEUR,2021-11-16T03:08:00Z,3829.82,3831.83,3829.82,3831.83,1.67712223
Kraken:ETHEUR,2021-11-16T03:09:00Z,3833.16,3833.82,3829.82,3831.47,2.7806102
Kraken:ETHEUR,2021-11-16T03:10:00Z,3832.63,3835.76,3832.63,3833.38,6.95140838
Kraken:ETHEUR,2021-11-16T03:11:00Z,3835.82,3835.82,3835.82,3835.82,0.45075873
Kraken:ETHEUR,2021-11-16T03:12:00Z,3835.82,3839.97,3835.82,3839.97,5.1169035
Kraken:ETHEUR,2021-11-16T03:13:00Z,3837.11,3838.65,3837.11,3838.62,4.40247703
Kraken:ETHEUR,2021-11-16T03:14:00Z,3838.71,3838.71,3838.71,3838.71,1.52955805
Kraken:ETHEUR,2021-11-16T03:15:00Z,3839.51,3839.51,3834.14,3834.14,0.67418544
Kraken:ETHEUR,2021-11-16T03:16:00Z,3834.04,3834.04,3834.04,3834.04,0.06889105
Kraken:ETHEUR,2021-11-16T03:17:00Z,3834.04,3838.83,3834.04,3837.87,0.70796342
Kraken:ETHEUR,2021-11-16T03:18:00Z,3838.86,3838.86,3836.21,3836.21,1.11379314
Kraken:ETHEUR,2021-11-16T03:19:00Z,3838.01,3839.0,3837.0,3838.99,1.38204494
Kraken:ETHEUR,2021-11-16T03:20:00Z,3839.44,3840.9,3839.44,3840.9,0.24216476
Kraken:ETHEUR,2021-11-16T03:21:00Z,3840.9,3840.9,3810.6,3813.47,28.41259871
Kraken:ETHEUR,2021-11-16T03:22:00Z,3819.28,3819.28,3809.16,3811.69,55.59027997
Kraken:ETHEUR,2021-11-16T03:23:00Z,3809.11,3817.43,3809.11,3816.5,0.43466472
Kraken:ETHEUR,2021-11-16T03:24:00Z,3815.03,3815.45,3810.35,3810.35,2.01126942
Kraken:ETHEUR,2021-11-16T03:25:00Z,3812.46,3817.99,3812.46,3812.91,15.07245088
Kraken:ETHEUR,2021-11-16T03:26:00Z,3811.09,3811.09,3806.41,3806.41,2.85440968
Kraken:ETHEUR,2021-11-16T03:27:00Z,3806.14,3806.14,3793.47,3793.47,4.28451215
Kraken:ETHEUR,2021-11-16T03:28:00Z,3797.1,3797.34,3793.7,3794.77,0.63709051
Kraken:ETHEUR,2021-11-16T03:29:00Z,3790.7,3797.16,3767.76,3789.01,481.37148396
Kraken:ETHEUR,2021-11-16T03:30:00Z,3788.61,3804.25,3788.61,3801.72,17.19310424
Kraken:ETHEUR,2021-11-16T03:31:00Z,3804.21,3804.21,3797.45,3797.45,1.54145196
Kraken:ETHEUR,2021-11-16T03:32:00Z,3800.14,3803.76,3800.14,3803.76,1.67284576
Kraken:ETHEUR,2021-11-16T03:33:00Z,3803.77,3805.41,3794.83,3795.03,8.25852608
Kraken:ETHEUR,2021-11-16T03:34:00Z,3792.83,3792.99,3790.0,3790.0,1.06630882
Kraken:ETHEUR,2021-11-16T03:35:00Z,3790.11,3799.25,3790.11,3798.85,1.04026999
Kraken:ETHEUR,2021-11-16T03:36:00Z,3796.25,3796.25,3785.2,3787.74,32.14539441
Kraken:ETHEUR,2021-11-16T03:37:00Z,3785.21,3785.85,3768.17,3769.81,70.27376734
Kraken:ETHEUR,2021-11-16T03:38:00Z,3773.07,3779.51,3771.73,3778.71,8.63112951
Kraken:ETHEUR,2021-11-16T03:39:00Z,3778.38,3781.8,3778.38,3781.8,29.97777023
Kraken:ETHEUR,2021-11-16T03:40:00Z,3781.18,3784.39,3778.91,3782.91,3.24318462
Kraken:ETHEUR,2021-11-16T03:41:00Z,3785.02,3794.25,3785.02,3794.25,5.98276867
Kraken:ETHEUR,2021-11-16T03:42:00Z,3796.08,3797.54,3794.63,3797.22,0.67250525
Kraken:ETHEUR,2021-11-16T03:43:00Z,3796.69,3796.69,3786.59,3787.13,25.42099629
Kraken:ETHEUR,2021-11-16T03:44:00Z,3786.73,3786.73,3776.82,3780.16,8.37485412
Kraken:ETHEUR,2021-11-16T03:45:00Z,3780.15,3792.05,3780.15,3785.08,1.73408581
Kraken:ETHEUR,2021-11-16T03:46:00Z,3784.46,3784.46,3776.37,3778.08,2.48472258
Kraken:ETHEUR,2021-11-16T03:47:00Z,3781.79,3782.9,3777.17,3779.94,1.08930843
Kraken:ETHEUR,2021-11-16T03:48:00Z,3779.93,3795.83,3779.93,3795.83,3.95029107
Kraken:ETHEUR,2021-11-16T03:49:00Z,3796.0,3805.89,3796.0,3805.89,1.12010047
Kraken:ETHEUR,2021-11-16T03:50:00Z,3800.31,3808.05,3799.95,3807.16,33.18124366
Kraken:ETHEUR,2021-11-16T03:51:00Z,3806.93,3809.48,3806.93,3809.48,0.38957211
Kraken:ETHEUR,2021-11-16T03:52:00Z,3809.46,3812.24,3809.46,3810.0,6.79128337
Kraken:ETHEUR,2021-11-16T03:53:00Z,3806.94,3806.94,3802.89,3806.74,0.20242664
Kraken:ETHEUR,2021-11-16T03:54:00Z,3806.94,3814.73,3806.94,3812.19,2.32429101
Kraken:ETHEUR,2021-11-16T03:55:00Z,3810.51,3810.51,3808.95,3810.11,1.41499645
Kraken:ETHEUR,2021-11-16T03:56:00Z,3805.08,3807.26,3804.2,3807.26,1.76771799
Kraken:ETHEUR,2021-11-16T03:57:00Z,3807.25,3807.25,3800.26,3804.97,2.63577292
Kraken:ETHEUR,2021-11-16T03:58:00Z,3802.67,3802.67,3797.91,3800.52,81.25502003
Kraken:ETHEUR,2021-11-16T03:59:00Z,3799.37,3799.37,3792.22,3794.59,1.15341315
Kraken:ETHEUR,2021-11-16T04:00:00Z,3792.13,3800.78,3788.25,3799.59,16.61820291
Kraken:ETHEUR,2021-11-16T04:01:00Z,3798.14,3801.26,3798.0,3800.17,3.23651049
Kraken:ETHEUR,2021-11-16T04:02:00Z,3790.97,3791.98,3779.45,3784.58,21.37806769
Kraken:ETHEUR,2021-11-16T04:03:00Z,3782.37,3782.37,3770.28,3776.02,14.56195562
Kraken:ETHEUR,2021-11-16T04:04:00Z,3778.72,3778.72,3768.46,3771.05,45.80071931
Kraken:ETHEUR,2021-11-16T04:05:00Z,3769.7,3770.7,3762.52,3762.52,10.22369674
Kraken:ETHEUR,2021-11-16T04:06:00Z,3762.01,3779.73,3762.01,3779.73,30.57388834
Kraken:ETHEUR,2021-11-16T04:07:00Z,3777.79,3777.79,3769.18,3769.18,10.91053624
Kraken:ETHEUR,2021-11-16T04:08:00Z,3768.35,3776.84,3768.32,3776.84,4.02184508
Kraken:ETHEUR,2021-11-16T04:09:00Z,3777.39,3786.33,3777.39,3786.33,19.1924611
Kraken:ETHEUR,2021-11-16T04:10:00Z,3785.31,3786.31,3779.45,3779.45,5.29686327
Kraken:ETHEUR,2021-11-16T04:11:00Z,3777.16,3777.16,3768.89,3772.91,13.10952998
Kraken:ETHEUR,2021-11-16T04:12:00Z,3768.85,3768.85,3763.61,3763.69,37.87830799
Kraken:ETHEUR,2021-11-16T04:13:00Z,3763.18,3774.68,3760.0,3773.65,5.46022696
Kraken:ETHEUR,2021-11-16T04:14:00Z,3771.54,3771.54,3758.17,3758.17,17.26368835
Kraken:ETHEUR,2021-11-16T04:15:00Z,3765.16,3773.62,3761.82,3773.62,1.15125862
Kraken:ETHEUR,2021-11-16T04:16:00Z,3776.7,3776.71,3769.51,3769.61,21.24605171
Kraken:ETHEUR,2021-11-16T04:17:00Z,3767.22,3776.15,3767.22,3776.15,7.69154558
Kraken:ETHEUR,2021-11-16T04:18:00Z,3776.79,3776.91,3763.46,3764.39,5.08067275
Kraken:ETHEUR,2021-11-16T04:19:00Z,3767.1,3767.1,3762.02,3762.02,1.72058213
Kraken:ETHEUR,2021-11-16T04:20:00Z,3762.31,3772.2,3762.0,3769.45,10.91116939
Kraken:ETHEUR,2021-11-16T04:21:00Z,3767.32,3773.99,3766.66,3771.36,18.84772651
Kraken:ETHEUR,2021-11-16T04:22:00Z,3770.19,3771.8,3766.58,3767.0,8.82303998
Kraken:ETHEUR,2021-11-16T04:23:00Z,3767.87,3789.49,3763.19,3789.35,79.57905359
Kraken:ETHEUR,2021-11-16T04:24:00Z,3790.24,3792.81,3787.18,3791.7,4.38182262
Kraken:ETHEUR,2021-11-16T04:25:00Z,3791.7,3795.44,3787.24,3790.8,53.39482027
Kraken:ETHEUR,2021-11-16T04:26:00Z,3793.11,3796.65,3792.97,3795.52,35.0228726
Kraken:ETHEUR,2021-11-16T04:27:00Z,3795.02,3796.41,3794.93,3795.95,16.63162093
Kraken:ETHEUR,2021-11-16T04:28:00Z,3794.98,3802.58,3794.71,3802.58,6.91841625
Kraken:ETHEUR,2021-11-16T04:29:00Z,3802.61,3809.45,3802.61,3804.82,15.21339717
Kraken:ETHEUR,2021-11-16T04:30:00Z,3804.0,3807.79,3798.54,3807.79,0.88437119
Kraken:ETHEUR,2021-11-16T04:31:00Z,3809.48,3811.74,3809.48,3811.73,3.36288228
Kraken:ETHEUR,2021-11-16T04:32:00Z,3811.73,3813.72,3807.22,3807.22,12.24755655
Kraken:ETHEUR,2021-11-16T04:33:00Z,3811.14,3813.84,3809.77,3810.8,9.2991609
Kraken:ETHEUR,2021-11-16T04:34:00Z,3810.76,3814.1,3806.3,3813.41,67.18037712
Kraken:ETHEUR,2021-11-16T04:35:00Z,3812.25,3812.8,3809.4,3811.05,16.05929157
Kraken:ETHEUR,2021-11-16T04:36:00Z,3814.09,3820.0,3814.09,3819.11,3.38799915
Kraken:ETHEUR,2021-11-16T04:37:00Z,3819.1,3819.99,3815.44,3817.17,18.94103663
Kraken:ETHEUR,2021-11-16T04:38:00Z,3819.52,3819.54,3811.95,3817.58,50.58444948
Kraken:ETHEUR,2021-11-16T04:39:00Z,3817.34,3820.0,3817.34,3819.94,9.1070621
Kraken:ETHEUR,2021-11-16T04:40:00Z,3819.99,3819.99,3815.61,3816.41,12.94261849
Kraken:ETHEUR,2021-11-16T04:41:00Z,3817.79,3818.0,3815.73,3818.0,3.03661657
Kraken:ETHEUR,2021-11-16T04:42:00Z,3817.99,3820.0,3817.99,3820.0,8.94714382
Kraken:ETHEUR,2021-11-16T04:43:00Z,3820.57,3829.48,3820.57,3826.15,2.90260649
Kraken:ETHEUR,2021-11-16T04:44:00Z,3829.3,3829.3,3825.09,3825.68,2.40331131
Kraken:ETHEUR,2021-11-16T04:45:00Z,3826.88,3827.19,3823.49,3825.53,42.91174018
Kraken:ETHEUR,2021-11-16T04:46:00Z,3823.48,3823.48,3817.77,3819.73,18.833754
Kraken:ETHEUR,2021-11-16T04:47:00Z,3819.89,3820.72,3816.76,3818.18,3.82322684
Kraken:ETHEUR,2021-11-16T04:48:00Z,3816.68,3821.66,3816.68,3821.44,41.40972537
Kraken:ETHEUR,2021-11-16T04:49:00Z,3821.66,3822.83,3821.66,3821.7,3.45087178
Kraken:ETHEUR,2021-11-16T04:50:00Z,3822.94,3829.51,3822.94,3829.51,0.08162462
Kraken:ETHEUR,2021-11-16T04:51:00Z,3829.52,3832.42,3829.52,3832.42,3.9230628
Kraken:ETHEUR,2021-11-16T04:52:00Z,3833.25,3834.43,3832.4,3834.08,0.59971195
Kraken:ETHEUR,2021-11-16T04:53:00Z,3834.72,3835.12,3833.58,3834.35,13.02550865
Kraken:ETHEUR,2021-11-16T04:54:00Z,3836.31,3836.79,3834.39,3835.37,2.7041939
Kraken:ETHEUR,2021-11-16T04:55:00Z,3835.04,3835.85,3832.95,3832.95,24.75121049
Kraken:ETHEUR,2021-11-16T04:56:00Z,3831.13,3831.13,3825.59,3825.88,14.24438471
Kraken:ETHEUR,2021-11-16T04:57:00Z,3826.54,3828.55,3825.0,3828.16,3.49895872
Kraken:ETHEUR,2021-11-16T04:58:00Z,3826.83,3828.83,3826.12,3828.76,19.84161211
Kraken:ETHEUR,2021-11-16T04:59:00Z,3827.64,3830.05,3825.19,3826.41,47.11584901
Kraken:ETHEUR,2021-11-16T05:00:00Z,3826.29,3826.29,3821.22,3823.9,4.24290392
Kraken:ETHEUR,2021-11-16T05:01:00Z,3823.47,3826.23,3823.47,3826.23,0.37532602
Kraken:ETHEUR,2021-11-16T05:02:00Z,3826.23,3826.23,3826.23,3826.23,9.75285709
Kraken:ETHEUR,2021-11-16T05:03:00Z,3826.23,3826.23,3823.45,3824.51,5.03359643
Kraken:ETHEUR,2021-11-16T05:04:00Z,3824.24,3825.59,3822.9,3822.9,3.17897219
Kraken:ETHEUR,2021-11-16T05:05:00Z,3821.99,3821.99,3816.43,3818.53,17.80253609
Kraken:ETHEUR,2021-11-16T05:06:00Z,3818.44,3818.44,3812.66,3812.66,3.47070131
Kraken:ETHEUR,2021-11-16T05:07:00Z,3813.9,3813.9,3813.89,3813.89,11.78524172
Kraken:ETHEUR,2021-11-16T05:08:00Z,3813.9,3822.34,3813.9,3822.34,10.39668015
Kraken:ETHEUR,2021-11-16T05:09:00Z,3822.78,3826.23,3822.59,3825.71,1.41596469
Kraken:ETHEUR,2021-11-16T05:10:00Z,3825.11,3826.23,3823.47,3824.46,2.71139959
Kraken:ETHEUR,2021-11-16T05:11:00Z,3825.3,3825.3,3815.55,3815.55,3.34716935
Kraken:ETHEUR,2021-11-16T05:12:00Z,3817.58,3817.69,3813.69,3817.1,4.31970134
Kraken:ETHEUR,2021-11-16T05:13:00Z,3817.69,3821.63,3817.69,3821.63,0.29
Kraken:ETHEUR,2021-11-16T05:14:00Z,3820.91,3821.9,3815.68,3815.68,5.74671279
Kraken:ETHEUR,2021-11-16T05:15:00Z,3815.23,3817.2,3815.01,3817.2,2.62017312
Kraken:ETHEUR,2021-11-16T05:16:00Z,3818.47,3818.47,3816.0,3818.03,3.15100484
Kraken:ETHEUR,2021-11-16T05:17:00Z,3818.1,3818.1,3815.01,3815.01,4.55906353
Kraken:ETHEUR,2021-11-16T05:18:00Z,3815.01,3821.61,3815.01,3820.23,42.85164574
Kraken:ETHEUR,2021-11-16T05:19:00Z,3820.65,3823.54,3820.56,3821.99,53.95179196
Kraken:ETHEUR,2021-11-16T05:20:00Z,3821.98,3821.99,3821.98,3821.99,1.29268827
Kraken:ETHEUR,2021-11-16T05:21:00Z,3821.99,3827.55,3821.98,3827.34,209.98211691
Kraken:ETHEUR,2021-11-16T05:22:00Z,3828.35,3833.04,3828.35,3832.22,3.91730629
Kraken:ETHEUR,2021-11-16T05:23:00Z,3830.21,3830.21,3826.65,3826.65,0.84001249
Kraken:ETHEUR,2021-11-16T05:24:00Z,3828.27,3832.23,3828.14,3832.23,3.90699579
Kraken:ETHEUR,2021-11-16T05:25:00Z,3831.25,3832.52,3829.1,3832.01,2.91140915
Kraken:ETHEUR,2021-11-16T05:26:00Z,3831.82,3831.82,3831.51,3831.51,0.54760387
Kraken:ETHEUR,2021-11-16T05:27:00Z,3831.51,3835.48,3831.51,3833.12,7.08517798
Kraken:ETHEUR,2021-11-16T05:28:00Z,3833.48,3833.48,3831.57,3833.29,2.47002524
Kraken:ETHEUR,2021-11-16T05:29:00Z,3831.01,3835.1,3831.01,3833.91,1.67901577
Kraken:ETHEUR,2021-11-16T05:30:00Z,3834.0,3837.52,3831.01,3837.52,117.15112582
Kraken:ETHEUR,2021-11-16T05:31:00Z,3837.52,3839.93,3836.92,3836.92,2.68666555
Kraken:ETHEUR,2021-11-16T05:32:00Z,3836.92,3836.92,3832.85,3833.11,5.28972987
Kraken:ETHEUR,2021-11-16T05:33:00Z,3833.12,3833.12,3831.91,3832.02,1.82870678
Kraken:ETHEUR,2021-11-16T05:34:00Z,3832.7,3835.6,3831.53,3832.34,2.8080204
Kraken:ETHEUR,2021-11-16T05:35:00Z,3831.4,3831.54,3827.46,3828.99,9.35073676
Kraken:ETHEUR,2021-11-16T05:36:00Z,3827.6,3828.27,3827.27,3828.27,2.66282766
Kraken:ETHEUR,2021-11-16T05:37:00Z,3827.35,3829.31,3826.5,3827.65,31.81345333
Kraken:ETHEUR,2021-11-16T05:38:00Z,3827.65,3827.65,3825.06,3826.12,2.84155748
Kraken:ETHEUR,2021-11-16T05:39:00Z,3825.95,3826.03,3825.68,3825.94,0.94134629
Kraken:ETHEUR,2021-11-16T05:40:00Z,3825.93,3825.93,3817.0,3820.53,44.25209214
Kraken:ETHEUR,2021-11-16T05:41:00Z,3817.0,3825.96,3817.0,3825.96,0.70845428
Kraken:ETHEUR,2021-11-16T05:42:00Z,3826.8,3837.96,3826.8,3836.96,3.8053678
Kraken:ETHEUR,2021-11-16T05:43:00Z,3838.21,3845.84,3837.36,3842.25,22.27287801
Kraken:ETHEUR,2021-11-16T05:44:00Z,3842.24,3842.25,3836.36,3838.28,26.01076344
Kraken:ETHEUR,2021-11-16T05:45:00Z,3837.96,3837.96,3830.67,3831.47,21.47093007
Kraken:ETHEUR,2021-11-16T05:46:00Z,3831.92,3831.92,3824.14,3824.14,12.05598752
Kraken:ETHEUR,2021-11-16T05:47:00Z,3824.8,3827.04,3823.66,3826.19,9.25392736
Kraken:ETHEUR,2021-11-16T05:48:00Z,3826.52,3826.82,3824.95,3826.79,6.79654549
Kraken:ETHEUR,2021-11-16T05:49:00Z,3826.75,3826.79,3824.97,3826.76,3.04716005
Kraken:ETHEUR,2021-11-16T05:50:00Z,3826.98,3826.98,3818.55,3819.58,10.40751583
Kraken:ETHEUR,2021-11-16T05:51:00Z,3818.62,3818.64,3816.54,3816.54,15.21387913
Kraken:ETHEUR,2021-11-16T05:52:00Z,3816.55,3820.0,3816.55,3817.01,1.48004139
Kraken:ETHEUR,2021-11-16T05:53:00Z,3818.36,3821.52,3817.65,3821.52,8.23027587
Kraken:ETHEUR,2021-11-16T05:54:00Z,3823.11,3823.11,3820.63,3821.65,4.22506567
Kraken:ETHEUR,2021-11-16T05:55:00Z,3821.71,3821.71,3816.61,3817.58,5.05655125
Kraken:ETHEUR,2021-11-16T05:56:00Z,3816.15,3818.68,3816.0,3816.01,1.37529808
Kraken:ETHEUR,2021-11-16T05:57:00Z,3816.01,3816.68,3813.12,3815.83,2.04856207
Kraken:ETHEUR,2021-11-16T05:58:00Z,3815.6,3820.99,3815.6,3817.88,4.48725809
Kraken:ETHEUR,2021-11-16T05:59:00Z,3817.84,3820.13,3813.38,3818.15,24.86844807
Kraken:ETHEUR,2021-11-16T06:00:00Z,3819.61,3819.61,3818.42,3819.19,4.68313223
Kraken:ETHEUR,2021-11-16T06:01:00Z,3819.18,3819.19,3813.37,3813.37,8.11850687
Kraken:ETHEUR,2021-11-16T06:02:00Z,3812.79,3813.45,3811.1,3813.45,6.54775891
Kraken:ETHEUR,2021-11-16T06:03:00Z,3812.33,3813.69,3811.34,3813.69,3.5489703
Kraken:ETHEUR,2021-11-16T06:04:00Z,3812.73,3818.46,3812.73,3818.0,18.49241696
Kraken:ETHEUR,2021-11-16T06:05:00Z,3819.58,3819.96,3817.23,3818.94,2.21042316
Kraken:ETHEUR,2021-11-16T06:06:00Z,3818.94,3820.34,3809.0,3809.83,31.6656365
Kraken:ETHEUR,2021-11-16T06:07:00Z,3809.75,3812.28,3805.8,3805.8,17.86703731
Kraken:ETHEUR,2021-11-16T06:08:00Z,3803.65,3805.72,3801.01,3803.33,4.44754591
Kraken:ETHEUR,2021-11-16T06:09:00Z,3803.21,3803.66,3801.12,3801.34,63.08905946
Kraken:ETHEUR,2021-11-16T06:10:00Z,3802.3,3805.31,3801.57,3803.46,4.99394886
Kraken:ETHEUR,2021-11-16T06:11:00Z,3803.46,3806.66,3803.46,3805.58,4.14353021
Kraken:ETHEUR,2021-11-16T06:12:00Z,3805.72,3810.21,3804.82,3810.21,6.15763234
Kraken:ETHEUR,2021-11-16T06:13:00Z,3810.21,3813.54,3809.45,3813.08,22.51686029
Kraken:ETHEUR,2021-11-16T06:14:00Z,3814.44,3816.22,3813.47,3815.16,56.56850375
Kraken:ETHEUR,2021-11-16T06:15:00Z,3815.37,3816.61,3813.46,3815.69,4.25974259
Kraken:ETHEUR,2021-11-16T06:16:00Z,3815.69,3815.69,3810.01,3810.01,11.24268372
Kraken:ETHEUR,2021-11-16T06:17:00Z,3810.01,3810.01,3807.78,3807.79,7.94418517
Kraken:ETHEUR,2021-11-16T06:18:00Z,3807.79,3810.34,3805.0,3805.0,28.35356219
Kraken:ETHEUR,2021-11-16T06:19:00Z,3804.13,3804.49,3801.46,3801.46,6.48811119
Kraken:ETHEUR,2021-11-16T06:20:00Z,3801.13,3801.13,3795.01,3795.01,35.8570108
Kraken:ETHEUR,2021-11-16T06:21:00Z,3796.08,3798.42,3794.26,3798.42,2.16464843
Kraken:ETHEUR,2021-11-16T06:22:00Z,3797.67,3797.81,3794.94,3794.94,10.85297052
Kraken:ETHEUR,2021-11-16T06:23:00Z,3796.23,3800.0,3796.12,3800.0,6.01500407
Kraken:ETHEUR,2021-11-16T06:24:00Z,3799.99,3799.99,3798.0,3798.81,9.69484238
Kraken:ETHEUR,2021-11-16T06:25:00Z,3798.81,3803.14,3798.81,3803.14,34.76734707
Kraken:ETHEUR,2021-11-16T06:26:00Z,3801.75,3801.77,3794.36,3795.3,9.55770849
Kraken:ETHEUR,2021-11-16T06:27:00Z,3794.44,3795.46,3790.0,3790.01,11.6968555
Kraken:ETHEUR,2021-11-16T06:28:00Z,3790.01,3790.01,3785.03,3785.03,34.75395484
Kraken:ETHEUR,2021-11-16T06:29:00Z,3785.74,3787.4,3778.2,3778.2,21.28125203
Kraken:ETHEUR,2021-11-16T06:30:00Z,3779.18,3795.34,3779.16,3795.3,43.00627223
Kraken:ETHEUR,2021-11-16T06:31:00Z,3796.12,3799.99,3793.51,3799.99,9.7653429
Kraken:ETHEUR,2021-11-16T06:32:00Z,3800.12,3800.12,3790.37,3790.73,7.68338986
Kraken:ETHEUR,2021-11-16T06:33:00Z,3794.02,3798.73,3791.69,3798.43,4.02227471
Kraken:ETHEUR,2021-11-16T06:34:00Z,3798.43,3802.36,3797.2,3801.9,5.20408967
Kraken:ETHEUR,2021-11-16T06:35:00Z,3803.57,3805.0,3803.14,3804.1,5.76340051
Kraken:ETHEUR,2021-11-16T06:36:00Z,3804.1,3811.25,3804.09,3804.14,9.21834266
Kraken:ETHEUR,2021-11-16T06:37:00Z,3804.04,3804.58,3797.0,3797.37,17.4414356
Kraken:ETHEUR,2021-11-16T06:38:00Z,3798.33,3801.94,3797.41,3800.51,5.20262851
Kraken:ETHEUR,2021-11-16T06:39:00Z,3800.51,3800.51,3798.37,3799.5,7.00736309
Kraken:ETHEUR,2021-11-16T06:40:00Z,3798.42,3803.97,3797.04,3802.57,8.56881178
Kraken:ETHEUR,2021-11-16T06:41:00Z,3802.42,3802.42,3795.45,3795.45,8.02266345
Kraken:ETHEUR,2021-11-16T06:42:00Z,3795.03,3795.03,3793.59,3793.6,2.88177614
Kraken:ETHEUR,2021-11-16T06:43:00Z,3793.6,3793.72,3793.6,3793.72,5.03740375
Kraken:ETHEUR,2021-11-16T06:44:00Z,3793.72,3801.97,3793.71,3799.5,3.69869594
Kraken:ETHEUR,2021-11-16T06:45:00Z,3800.43,3806.32,3800.43,3805.4,9.11967787
Kraken:ETHEUR,2021-11-16T06:46:00Z,3807.72,3809.9,3805.62,3809.9,5.82699338
Kraken:ETHEUR,2021-11-16T06:47:00Z,3809.08,3820.61,3809.08,3817.85,48.7516909
Kraken:ETHEUR,2021-11-16T06:48:00Z,3817.84,3817.84,3812.79,3814.85,9.40110326
Kraken:ETHEUR,2021-11-16T06:49:00Z,3814.24,3814.24,3812.78,3812.95,4.61124313
Kraken:ETHEUR,2021-11-16T06:50:00Z,3812.95,3816.78,3812.32,3816.78,4.39330526
Kraken:ETHEUR,2021-11-16T06:51:00Z,3816.78,3817.28,3815.65,3817.28,6.21566079
Kraken:ETHEUR,2021-11-16T06:52:00Z,3818.42,3818.43,3817.0,3818.0,3.06278748
Kraken:ETHEUR,2021-11-16T06:53:00Z,3818.0,3819.94,3817.99,3819.44,8.30777696
Kraken:ETHEUR,2021-11-16T06:54:00Z,3819.67,3819.67,3815.63,3816.86,7.79951019
Kraken:ETHEUR,2021-11-16T06:55:00Z,3816.94,3818.16,3815.01,3815.01,5.13277295
Kraken:ETHEUR,2021-11-16T06:56:00Z,3815.01,3816.59,3815.0,3815.01,3.67694937
Kraken:ETHEUR,2021-11-16T06:57:00Z,3815.08,3821.06,3815.08,3820.8,2.92029939
Kraken:ETHEUR,2021-11-16T06:58:00Z,3820.84,3823.49,3820.28,3822.83,23.56811928
Kraken:ETHEUR,2021-11-16T06:59:00Z,3822.82,3822.82,3820.67,3821.01,7.15127997
Kraken:ETHEUR,2021-11-16T07:00:00Z,3821.01,3824.71,3821.01,3823.1,7.41320561
Kraken:ETHEUR,2021-11-16T07:01:00Z,3821.74,3821.74,3817.33,3817.33,6.38139573
Kraken:ETHEUR,2021-11-16T07:02:00Z,3817.19,3817.19,3815.05,3815.7,8.28810369
Kraken:ETHEUR,2021-11-16T07:03:00Z,3815.7,3815.7,3806.84,3806.84,20.63908853
Kraken:ETHEUR,2021-11-16T07:04:00Z,3806.84,3807.2,3805.17,3805.17,11.462516
Kraken:ETHEUR,2021-11-16T07:05:00Z,3805.68,3810.93,3805.67,3810.74,12.1978358
Kraken:ETHEUR,2021-11-16T07:06:00Z,3810.25,3813.66,3810.25,3813.53,11.50131884
Kraken:ETHEUR,2021-11-16T07:07:00Z,3813.52,3818.8,3813.52,3816.64,7.91921642
Kraken:ETHEUR,2021-11-16T07:08:00Z,3816.61,3817.52,3816.6,3816.92,7.50785632
Kraken:ETHEUR,2021-11-16T07:09:00Z,3817.09,3820.66,3816.89,3819.02,30.42133249
Kraken:ETHEUR,2021-11-16T07:10:00Z,3819.09,3819.2,3817.01,3817.84,9.21357658
Kraken:ETHEUR,2021-11-16T07:11:00Z,3817.01,3817.05,3817.0,3817.0,3.00646611
Kraken:ETHEUR,2021-11-16T07:12:00Z,3816.61,3816.61,3812.32,3812.36,9.21043712
Kraken:ETHEUR,2021-11-16T07:13:00Z,3812.32,3812.32,3810.01,3810.74,1.16215917
Kraken:ETHEUR,2021-11-16T07:14:00Z,3810.74,3810.95,3805.15,3805.96,16.42095651
Kraken:ETHEUR,2021-11-16T07:15:00Z,3808.42,3811.94,3807.24,3810.13,6.01902535
Kraken:ETHEUR,2021-11-16T07:16:00Z,3810.17,3811.36,3809.6,3810.54,8.43177197
Kraken:ETHEUR,2021-11-16T07:17:00Z,3810.54,3810.54,3810.53,3810.54,1.48926375
Kraken:ETHEUR,2021-11-16T07:18:00Z,3810.54,3814.96,3810.54,3811.8,16.61817419
Kraken:ETHEUR,2021-11-16T07:19:00Z,3811.8,3811.8,3806.15,3806.15,5.05143633
Kraken:ETHEUR,2021-11-16T07:20:00Z,3806.31,3806.49,3800.0,3804.06,20.22754515
Kraken:ETHEUR,2021-11-16T07:21:00Z,3803.32,3803.32,3798.32,3798.32,15.08134993
Kraken:ETHEUR,2021-11-16T07:22:00Z,3798.34,3798.34,3798.33,3798.34,7.08540019
Kraken:ETHEUR,2021-11-16T07:23:00Z,3798.34,3798.34,3798.33,3798.34,9.31065828
Kraken:ETHEUR,2021-11-16T07:24:00Z,3798.34,3802.46,3798.34,3800.96,2.86846299
Kraken:ETHEUR,2021-11-16T07:25:00Z,3799.01,3800.03,3799.0,3800.03,2.94184644
Kraken:ETHEUR,2021-11-16T07:26:00Z,3800.02,3800.02,3799.0,3799.01,3.45340765
Kraken:ETHEUR,2021-11-16T07:27:00Z,3799.01,3803.75,3799.01,3803.75,1.46080327
Kraken:ETHEUR,2021-11-16T07:28:00Z,3803.44,3809.48,3803.16,3808.72,19.11213146
Kraken:ETHEUR,2021-11-16T07:29:00Z,3809.33,3809.64,3800.9,3801.46,10.89580693
Kraken:ETHEUR,2021-11-16T07:30:00Z,3801.48,3804.06,3800.86,3804.06,2.65387308
Kraken:ETHEUR,2021-11-16T07:31:00Z,3806.54,3809.43,3806.53,3809.21,4.65106823
Kraken:ETHEUR,2021-11-16T07:32:00Z,3809.21,3811.31,3807.76,3808.55,19.47466136
Kraken:ETHEUR,2021-11-16T07:33:00Z,3808.52,3808.52,3804.03,3804.03,9.50081742
Kraken:ETHEUR,2021-11-16T07:34:00Z,3804.03,3804.03,3793.0,3795.12,15.25837008
Kraken:ETHEUR,2021-11-16T07:35:00Z,3794.98,3794.98,3791.15,3791.15,5.92580506
Kraken:ETHEUR,2021-11-16T07:36:00Z,3792.01,3792.01,3787.71,3788.81,5.33133268
Kraken:ETHEUR,2021-11-16T07:37:00Z,3788.81,3788.81,3783.31,3783.81,18.80056164
Kraken:ETHEUR,2021-11-16T07:38:00Z,3782.77,3784.96,3781.71,3782.13,4.89105557
Kraken:ETHEUR,2021-11-16T07:39:00Z,3782.5,3782.5,3777.38,3777.76,28.71131479
Kraken:ETHEUR,2021-11-16T07:40:00Z,3777.98,3784.01,3774.99,3783.96,34.59374267
Kraken:ETHEUR,2021-11-16T07:41:00Z,3784.22,3784.57,3776.53,3779.56,32.17287518
Kraken:ETHEUR,2021-11-16T07:42:00Z,3779.55,3780.58,3775.96,3779.72,6.18502646
Kraken:ETHEUR,2021-11-16T07:43:00Z,3780.89,3780.89,3779.85,3780.0,59.76020725
Kraken:ETHEUR,2021-11-16T07:44:00Z,3780.0,3783.2,3779.99,3783.2,39.84212703
Kraken:ETHEUR,2021-11-16T07:45:00Z,3783.2,3783.46,3780.58,3780.58,13.20739842
Kraken:ETHEUR,2021-11-16T07:46:00Z,3780.57,3782.68,3780.0,3780.0,17.44051593
Kraken:ETHEUR,2021-11-16T07:47:00Z,3780.0,3782.73,3780.0,3782.73,6.15713104
Kraken:ETHEUR,2021-11-16T07:48:00Z,3782.7,3783.55,3781.79,3783.55,44.53146916
Kraken:ETHEUR,2021-11-16T07:49:00Z,3784.0,3789.41,3783.99,3789.41,12.18578773
Kraken:ETHEUR,2021-11-16T07:50:00Z,3789.4,3790.11,3785.08,3785.54,4.16116351
Kraken:ETHEUR,2021-11-16T07:51:00Z,3785.44,3785.44,3775.45,3775.76,32.35674929
Kraken:ETHEUR,2021-11-16T07:52:00Z,3775.04,3778.82,3775.04,3778.35,14.81491943
Kraken:ETHEUR,2021-11-16T07:53:00Z,3778.05,3784.56,3776.44,3784.56,2.53985259
Kraken:ETHEUR,2021-11-16T07:54:00Z,3784.56,3792.34,3784.56,3789.15,18.10918926
Kraken:ETHEUR,2021-11-16T07:55:00Z,3787.67,3793.0,3787.13,3791.62,7.33526834
Kraken:ETHEUR,2021-11-16T07:56:00Z,3791.7,3792.1,3788.79,3789.6,4.65959856
Kraken:ETHEUR,2021-11-16T07:57:00Z,3788.43,3789.15,3784.82,3788.68,23.35298114
Kraken:ETHEUR,2021-11-16T07:58:00Z,3788.97,3789.86,3785.0,3789.86,26.13615975
Kraken:ETHEUR,2021-11-16T07:59:00Z,3789.85,3792.91,3789.85,3792.91,8.01727444
Kraken:ETHEUR,2021-11-16T08:00:00Z,3793.01,3796.02,3793.01,3795.01,38.65587254
Kraken:ETHEUR,2021-11-16T08:01:00Z,3795.44,3797.95,3793.0,3793.0,20.25960766
Kraken:ETHEUR,2021-11-16T08:02:00Z,3791.71,3796.07,3781.73,3788.65,205.95545268
Kraken:ETHEUR,2021-11-16T08:03:00Z,3786.9,3789.23,3782.7,3783.09,81.08815712
Kraken:ETHEUR,2021-11-16T08:04:00Z,3785.09,3792.85,3783.74,3792.85,8.90364175
Kraken:ETHEUR,2021-11-16T08:05:00Z,3792.85,3803.7,3792.85,3802.4,8.11050824
Kraken:ETHEUR,2021-11-16T08:06:00Z,3801.78,3804.03,3800.0,3804.03,9.54923619
Kraken:ETHEUR,2021-11-16T08:07:00Z,3802.74,3806.34,3802.43,3805.71,2.4061859
Kraken:ETHEUR,2021-11-16T08:08:00Z,3805.99,3807.24,3805.82,3807.24,22.06667219
Kraken:ETHEUR,2021-11-16T08:09:00Z,3807.24,3807.24,3805.91,3806.53,3.37212544
Kraken:ETHEUR,2021-11-16T08:10:00Z,3807.42,3811.52,3807.32,3809.04,15.4963831
Kraken:ETHEUR,2021-11-16T08:11:00Z,3809.46,3809.67,3808.0,3808.12,18.71008616
Kraken:ETHEUR,2021-11-16T08:12:00Z,3808.15,3809.18,3808.15,3808.23,3.07303332
Kraken:ETHEUR,2021-11-16T08:13:00Z,3808.23,3808.23,3800.0,3800.0,29.83633291
Kraken:ETHEUR,2021-11-16T08:14:00Z,3800.01,3800.01,3794.17,3794.17,21.90370725
Kraken:ETHEUR,2021-11-16T08:15:00Z,3794.16,3794.17,3789.36,3790.01,19.6797357
Kraken:ETHEUR,2021-11-16T08:16:00Z,3790.01,3790.01,3785.51,3785.51,4.63388906
Kraken:ETHEUR,2021-11-16T08:17:00Z,3785.51,3788.33,3784.47,3784.47,4.19688339
Kraken:ETHEUR,2021-11-16T08:18:00Z,3785.0,3785.0,3779.19,3779.76,11.56501385
Kraken:ETHEUR,2021-11-16T08:19:00Z,3779.28,3784.81,3779.24,3784.35,8.39089545
Kraken:ETHEUR,2021-11-16T08:20:00Z,3785.62,3789.7,3785.36,3789.68,13.13306419
Kraken:ETHEUR,2021-11-16T08:21:00Z,3790.01,3796.05,3790.01,3796.05,6.49881113
Kraken:ETHEUR,2021-11-16T08:22:00Z,3795.24,3796.0,3792.14,3792.97,6.10248224
Kraken:ETHEUR,2021-11-16T08:23:00Z,3790.01,3792.55,3790.0,3792.55,4.0847824
Kraken:ETHEUR,2021-11-16T08:24:00Z,3792.2,3792.2,3790.0,3790.01,5.37706537
Kraken:ETHEUR,2021-11-16T08:25:00Z,3790.01,3790.01,3783.16,3783.16,7.39839045
Kraken:ETHEUR,2021-11-16T08:26:00Z,3782.31,3784.61,3780.91,3781.82,4.64292095
Kraken:ETHEUR,2021-11-16T08:27:00Z,3781.81,3783.05,3776.57,3781.88,133.50291911
Kraken:ETHEUR,2021-11-16T08:28:00Z,3779.99,3781.87,3779.97,3781.87,9.04347242
Kraken:ETHEUR,2021-11-16T08:29:00Z,3781.88,3783.94,3781.88,3782.78,13.41593816
Kraken:ETHEUR,2021-11-16T08:30:00Z,3782.44,3787.77,3782.28,3787.43,7.85274479
Kraken:ETHEUR,2021-11-16T08:31:00Z,3788.12,3788.12,3786.77,3787.0,0.7558003
Kraken:ETHEUR,2021-11-16T08:32:00Z,3786.78,3789.55,3783.16,3789.27,7.93534486
Kraken:ETHEUR,2021-11-16T08:33:00Z,3788.56,3790.63,3787.63,3789.47,9.06828025
Kraken:ETHEUR,2021-11-16T08:34:00Z,3789.47,3793.5,3789.46,3793.5,11.9202693
Kraken:ETHEUR,2021-11-16T08:35:00Z,3793.7,3793.7,3791.05,3791.06,8.97432411
Kraken:ETHEUR,2021-11-16T08:36:00Z,3791.06,3791.06,3789.08,3789.09,2.51024912
Kraken:ETHEUR,2021-11-16T08:37:00Z,3789.09,3793.53,3789.08,3793.53,22.42667827
Kraken:ETHEUR,2021-11-16T08:38:00Z,3793.51,3796.0,3792.4,3795.75,48.49357273
Kraken:ETHEUR,2021-11-16T08:39:00Z,3795.95,3796.0,3794.96,3796.0,5.74143885
Kraken:ETHEUR,2021-11-16T08:40:00Z,3796.0,3797.78,3795.99,3796.86,2.40182061
Kraken:ETHEUR,2021-11-16T08:41:00Z,3796.86,3799.34,3796.85,3799.04,11.24428946
Kraken:ETHEUR,2021-11-16T08:42:00Z,3799.04,3799.34,3798.0,3799.33,11.4858114
Kraken:ETHEUR,2021-11-16T08:43:00Z,3799.33,3799.34,3797.48,3798.52,8.40527294
Kraken:ETHEUR,2021-11-16T08:44:00Z,3798.38,3799.28,3798.38,3798.9,4.2415681
Kraken:ETHEUR,2021-11-16T08:45:00Z,3798.9,3798.9,3798.44,3798.9,8.57012771
Kraken:ETHEUR,2021-11-16T08:46:00Z,3798.9,3798.9,3798.0,3798.9,15.41017673
Kraken:ETHEUR,2021-11-16T08:47:00Z,3798.9,3798.9,3796.33,3796.33,10.01628912
Kraken:ETHEUR,2021-11-16T08:48:00Z,3796.34,3796.34,3794.5,3794.5,28.46495521
Kraken:ETHEUR,2021-11-16T08:49:00Z,3794.5,3794.5,3794.06,3794.07,8.22870659
Kraken:ETHEUR,2021-11-16T08:50:00Z,3794.06,3794.06,3790.3,3792.4,14.92229148
Kraken:ETHEUR,2021-11-16T08:51:00Z,3794.77,3797.01,3794.44,3795.99,3.34140294
Kraken:ETHEUR,2021-11-16T08:52:00Z,3796.83,3798.9,3796.83,3798.9,6.27645267
Kraken:ETHEUR,2021-11-16T08:53:00Z,3798.9,3798.9,3798.89,3798.9,130.88391063
Kraken:ETHEUR,2021-11-16T08:54:00Z,3798.9,3799.33,3798.89,3799.33,390.89965433
Kraken:ETHEUR,2021-11-16T08:55:00Z,3799.32,3806.05,3799.32,3804.69,151.46409865
Kraken:ETHEUR,2021-11-16T08:56:00Z,3804.74,3806.87,3803.85,3805.49,8.65270232
Kraken:ETHEUR,2021-11-16T08:57:00Z,3804.72,3804.72,3802.0,3803.69,14.62476869
Kraken:ETHEUR,2021-11-16T08:58:00Z,3802.01,3804.22,3802.01,3802.01,9.79757084
Kraken:ETHEUR,2021-11-16T08:59:00Z,3805.3,3807.12,3805.3,3806.44,10.08072015
Kraken:ETHEUR,2021-11-16T09:00:00Z,3806.34,3814.49,3802.71,3811.08,153.42167774
Kraken:ETHEUR,2021-11-16T09:01:00Z,3811.08,3819.28,3811.08,3815.02,20.04924465
Kraken:ETHEUR,2021-11-16T09:02:00Z,3818.9,3819.29,3808.24,3811.16,15.44425811
Kraken:ETHEUR,2021-11-16T09:03:00Z,3810.36,3810.36,3799.32,3799.32,45.12844395
Kraken:ETHEUR,2021-11-16T09:04:00Z,3799.7,3801.65,3798.89,3798.9,28.89016026
Kraken:ETHEUR,2021-11-16T09:05:00Z,3798.89,3798.9,3791.8,3791.81,140.86164515
Kraken:ETHEUR,2021-11-16T09:06:00Z,3791.81,3791.82,3791.8,3791.82,5.64705819
Kraken:ETHEUR,2021-11-16T09:07:00Z,3791.82,3795.45,3791.81,3791.84,15.57526617
Kraken:ETHEUR,2021-11-16T09:08:00Z,3791.84,3795.55,3789.33,3789.33,9.19552752
Kraken:ETHEUR,2021-11-16T09:09:00Z,3791.7,3794.92,3790.59,3791.52,11.29399675
Kraken:ETHEUR,2021-11-16T09:10:00Z,3790.27,3791.84,3789.08,3789.14,6.23803206
Kraken:ETHEUR,2021-11-16T09:11:00Z,3790.01,3796.31,3789.08,3796.31,2.78174573
Kraken:ETHEUR,2021-11-16T09:12:00Z,3796.22,3798.71,3794.4,3797.39,7.74386814
Kraken:ETHEUR,2021-11-16T09:13:00Z,3797.7,3798.08,3795.69,3795.69,7.42165059
Kraken:ETHEUR,2021-11-16T09:14:00Z,3795.68,3795.69,3790.01,3791.9,10.81591993
Kraken:ETHEUR,2021-11-16T09:15:00Z,3791.57,3791.57,3789.0,3789.01,3.57465964
Kraken:ETHEUR,2021-11-16T09:16:00Z,3789.01,3789.01,3785.01,3785.01,9.95504092
Kraken:ETHEUR,2021-11-16T09:17:00Z,3785.01,3785.26,3783.61,3784.77,14.9496343
Kraken:ETHEUR,2021-11-16T09:18:00Z,3784.37,3785.74,3783.51,3783.51,6.87502764
Kraken:ETHEUR,2021-11-16T09:19:00Z,3784.01,3784.01,3782.27,3782.27,7.56937034
Kraken:ETHEUR,2021-11-16T09:20:00Z,3782.26,3782.27,3780.0,3780.01,16.19070216
Kraken:ETHEUR,2021-11-16T09:21:00Z,3780.01,3780.01,3775.01,3775.01,29.99536596
Kraken:ETHEUR,2021-11-16T09:22:00Z,3775.02,3776.82,3773.0,3773.17,6.16594695
Kraken:ETHEUR,2021-11-16T09:23:00Z,3774.0,3777.99,3773.99,3774.69,8.3799692
Kraken:ETHEUR,2021-11-16T09:24:00Z,3776.62,3780.77,3776.62,3780.19,9.56384
Kraken:ETHEUR,2021-11-16T09:25:00Z,3780.14,3780.29,3779.02,3779.03,3.27993366
Kraken:ETHEUR,2021-11-16T09:26:00Z,3779.03,3780.51,3771.0,3773.87,15.98327349
Kraken:ETHEUR,2021-11-16T09:27:00Z,3773.01,3776.44,3772.17,3775.72,2.05807812
Kraken:ETHEUR,2021-11-16T09:28:00Z,3775.72,3777.93,3773.79,3777.21,23.4946537
Kraken:ETHEUR,2021-11-16T09:29:00Z,3777.28,3781.77,3777.28,3781.77,33.09908875
Kraken:ETHEUR,2021-11-16T09:30:00Z,3781.77,3783.05,3777.54,3778.53,7.55666235
Kraken:ETHEUR,2021-11-16T09:31:00Z,3778.52,3778.53,3775.69,3778.32,1.87528765
Kraken:ETHEUR,2021-11-16T09:32:00Z,3778.53,3778.53,3773.98,3774.9,1.47546538
Kraken:ETHEUR,2021-11-16T09:33:00Z,3774.13,3774.45,3771.16,3771.99,8.63083921
Kraken:ETHEUR,2021-11-16T09:34:00Z,3771.99,3778.72,3771.98,3777.58,10.42868509
Kraken:ETHEUR,2021-11-16T09:35:00Z,3777.61,3777.61,3771.99,3771.99,6.75509897
Kraken:ETHEUR,2021-11-16T09:36:00Z,3771.99,3771.99,3762.89,3765.59,22.6813804
Kraken:ETHEUR,2021-11-16T09:37:00Z,3765.17,3765.53,3752.0,3754.93,64.9932396
Kraken:ETHEUR,2021-11-16T09:38:00Z,3755.91,3755.91,3750.0,3754.99,134.32380766
Kraken:ETHEUR,2021-11-16T09:39:00Z,3754.99,3759.99,3754.13,3758.45,31.83252159
Kraken:ETHEUR,2021-11-16T09:40:00Z,3758.59,3764.85,3756.69,3764.27,137.65676115
Kraken:ETHEUR,2021-11-16T09:41:00Z,3763.35,3766.28,3761.49,3765.03,15.72148921
Kraken:ETHEUR,2021-11-16T09:42:00Z,3765.04,3770.26,3763.18,3770.26,16.30443926
Kraken:ETHEUR,2021-11-16T09:43:00Z,3770.26,3770.26,3762.55,3763.35,3.51957068
Kraken:ETHEUR,2021-11-16T09:44:00Z,3764.59,3767.23,3763.34,3766.05,5.00890045
Kraken:ETHEUR,2021-11-16T09:45:00Z,3766.05,3772.39,3763.35,3772.38,17.99349612
Kraken:ETHEUR,2021-11-16T09:46:00Z,3772.39,3772.39,3769.96,3770.08,2.33640779
Kraken:ETHEUR,2021-11-16T09:47:00Z,3768.59,3768.59,3763.35,3764.31,21.60166962
Kraken:ETHEUR,2021-11-16T09:48:00Z,3764.31,3764.31,3757.52,3759.4,9.7456688
Kraken:ETHEUR,2021-11-16T09:49:00Z,3759.37,3759.37,3754.07,3755.75,22.32118229
Kraken:ETHEUR,2021-11-16T09:50:00Z,3755.76,3759.27,3753.19,3754.36,23.47112866
Kraken:ETHEUR,2021-11-16T09:51:00Z,3755.64,3755.64,3744.01,3746.18,65.96911729
Kraken:ETHEUR,2021-11-16T09:52:00Z,3745.7,3749.99,3744.0,3746.62,27.09620501
Kraken:ETHEUR,2021-11-16T09:53:00Z,3745.64,3750.0,3721.36,3750.0,186.77099878
Kraken:ETHEUR,2021-11-16T09:54:00Z,3749.99,3764.62,3749.99,3761.49,41.574949
Kraken:ETHEUR,2021-11-16T09:55:00Z,3759.9,3763.13,3750.59,3750.59,19.81913542
Kraken:ETHEUR,2021-11-16T09:56:00Z,3751.71,3755.06,3745.68,3746.01,75.89300128
Kraken:ETHEUR,2021-11-16T09:57:00Z,3746.01,3755.0,3744.85,3747.78,3.94569521
Kraken:ETHEUR,2021-11-16T09:58:00Z,3747.64,3747.65,3736.45,3739.94,23.51219726
Kraken:ETHEUR,2021-11-16T09:59:00Z,3738.05,3739.89,3733.47,3733.66,17.43664071
Kraken:ETHEUR,2021-11-16T10:00:00Z,3733.46,3739.87,3725.49,3728.57,13.79756524
Kraken:ETHEUR,2021-11-16T10:01:00Z,3728.76,3737.89,3715.2,3715.38,99.54811163
Kraken:ETHEUR,2021-11-16T10:02:00Z,3715.28,3725.66,3700.0,3723.69,427.81225432
Kraken:ETHEUR,2021-11-16T10:03:00Z,3722.15,3725.15,3706.56,3722.67,126.72174278
Kraken:ETHEUR,2021-11-16T10:04:00Z,3725.82,3726.32,3713.33,3722.05,145.74164795
Kraken:ETHEUR,2021-11-16T10:05:00Z,3721.04,3723.64,3690.52,3692.7,126.12358171
Kraken:ETHEUR,2021-11-16T10:06:00Z,3695.09,3720.51,3690.49,3706.7,905.98438726
Kraken:ETHEUR,2021-11-16T10:07:00Z,3705.97,3716.0,3704.93,3713.45,109.99587411
Kraken:ETHEUR,2021-11-16T10:08:00Z,3711.46,3712.71,3696.21,3697.38,42.09846758
Kraken:ETHEUR,2021-11-16T10:09:00Z,3698.12,3698.9,3668.95,3673.99,365.62849962
Kraken:ETHEUR,2021-11-16T10:10:00Z,3677.86,3693.99,3671.83,3687.37,224.52443051
Kraken:ETHEUR,2021-11-16T10:11:00Z,3688.12,3694.0,3681.0,3686.93,48.48119394
Kraken:ETHEUR,2021-11-16T10:12:00Z,3689.07,3693.21,3669.41,3669.41,61.24365963
Kraken:ETHEUR,2021-11-16T10:13:00Z,3669.42,3671.9,3623.08,3643.52,1250.50884307
Kraken:ETHEUR,2021-11-16T10:14:00Z,3643.52,3654.55,3626.48,3626.51,341.1782225
Kraken:ETHEUR,2021-11-16T10:15:00Z,3626.5,3652.34,3623.0,3652.34,254.66568923
Kraken:ETHEUR,2021-11-16T10:16:00Z,3652.69,3660.83,3642.12,3660.83,308.39705673
Kraken:ETHEUR,2021-11-16T10:17:00Z,3658.29,3676.54,3653.72,3670.57,72.35022708
Kraken:ETHEUR,2021-11-16T10:18:00Z,3670.15,3676.28,3662.66,3672.59,53.29091277
Kraken:ETHEUR,2021-11-16T10:19:00Z,3672.59,3677.54,3662.03,3677.54,30.69778217
Kraken:ETHEUR,2021-11-16T10:20:00Z,3677.53,3679.79,3667.91,3674.02,127.96149562
Kraken:ETHEUR,2021-11-16T10:21:00Z,3675.73,3676.03,3663.62,3664.4,41.37483448
Kraken:ETHEUR,2021-11-16T10:22:00Z,3665.81,3669.63,3660.0,3669.63,34.10850182
Kraken:ETHEUR,2021-11-16T10:23:00Z,3666.72,3670.01,3666.07,3667.54,71.32916986
Kraken:ETHEUR,2021-11-16T10:24:00Z,3668.04,3669.0,3660.14,3661.64,55.49831542
Kraken:ETHEUR,2021-11-16T10:25:00Z,3662.87,3662.87,3652.07,3659.68,16.63911072
Kraken:ETHEUR,2021-11-16T10:26:00Z,3659.41,3659.41,3651.23,3653.41,129.66652034
Kraken:ETHEUR,2021-11-16T10:27:00Z,3652.31,3670.01,3650.0,3670.01,33.55589927
Kraken:ETHEUR,2021-11-16T10:28:00Z,3670.01,3679.98,3668.32,3678.49,24.40303881
Kraken:ETHEUR,2021-11-16T10:29:00Z,3675.0,3685.88,3673.68,3684.74,55.11975772
Kraken:ETHEUR,2021-11-16T10:30:00Z,3685.48,3690.68,3681.93,3681.93,64.85457536
Kraken:ETHEUR,2021-11-16T10:31:00Z,3681.93,3687.64,3674.65,3686.03,51.50288872
Kraken:ETHEUR,2021-11-16T10:32:00Z,3687.49,3704.43,3683.9,3701.31,49.94092197
Kraken:ETHEUR,2021-11-16T10:33:00Z,3700.85,3712.87,3699.62,3709.23,70.98075738
Kraken:ETHEUR,2021-11-16T10:34:00Z,3709.24,3717.0,3706.43,3714.21,74.68884803
Kraken:ETHEUR,2021-11-16T10:35:00Z,3715.83,3716.69,3708.86,3714.05,245.66835724
Kraken:ETHEUR,2021-11-16T10:36:00Z,3716.31,3730.23,3715.52,3725.84,331.33425143
Kraken:ETHEUR,2021-11-16T10:37:00Z,3725.84,3730.21,3723.7,3728.51,82.92198701
Kraken:ETHEUR,2021-11-16T10:38:00Z,3728.5,3728.5,3723.4,3725.76,57.23651833
Kraken:ETHEUR,2021-11-16T10:39:00Z,3727.13,3733.21,3727.13,3733.2,276.26241985
Kraken:ETHEUR,2021-11-16T10:40:00Z,3733.21,3734.46,3726.23,3732.27,29.50238076
Kraken:ETHEUR,2021-11-16T10:41:00Z,3732.18,3734.75,3730.89,3733.4,21.84120127
Kraken:ETHEUR,2021-11-16T10:42:00Z,3733.32,3734.24,3729.56,3733.0,8.6844054
Kraken:ETHEUR,2021-11-16T10:43:00Z,3733.54,3740.47,3733.09,3740.46,10.8190362
Kraken:ETHEUR,2021-11-16T10:44:00Z,3740.01,3744.58,3740.0,3741.89,54.83630306
Kraken:ETHEUR,2021-11-16T10:45:00Z,3742.5,3742.5,3735.81,3739.17,35.33291336
Kraken:ETHEUR,2021-11-16T10:46:00Z,3738.49,3746.75,3738.47,3744.76,15.37973458
Kraken:ETHEUR,2021-11-16T10:47:00Z,3746.34,3748.31,3742.0,3742.01,37.20673235
Kraken:ETHEUR,2021-11-16T10:48:00Z,3742.0,3742.01,3736.64,3741.71,23.39768022
Kraken:ETHEUR,2021-11-16T10:49:00Z,3742.15,3743.5,3735.01,3736.13,12.48460636
Kraken:ETHEUR,2021-11-16T10:50:00Z,3735.37,3737.67,3731.6,3731.79,87.33622325
Kraken:ETHEUR,2021-11-16T10:51:00Z,3731.53,3732.65,3728.0,3731.0,733.68363487
Kraken:ETHEUR,2021-11-16T10:52:00Z,3731.0,3731.0,3730.99,3731.0,219.63416795
Kraken:ETHEUR,2021-11-16T10:53:00Z,3731.0,3731.0,3730.99,3731.0,16.96001231
Kraken:ETHEUR,2021-11-16T10:54:00Z,3730.99,3736.29,3729.4,3735.19,128.73447827
Kraken:ETHEUR,2021-11-16T10:55:00Z,3733.74,3735.0,3731.42,3731.42,4.50105012
Kraken:ETHEUR,2021-11-16T10:56:00Z,3731.73,3734.49,3730.0,3731.38,24.26569636
Kraken:ETHEUR,2021-11-16T10:57:00Z,3732.41,3733.89,3730.21,3733.71,14.15451511
Kraken:ETHEUR,2021-11-16T10:58:00Z,3732.71,3745.0,3731.34,3744.83,13.90669134
Kraken:ETHEUR,2021-11-16T10:59:00Z,3744.65,3756.22,3744.64,3748.54,10.26168124
Kraken:ETHEUR,2021-11-16T11:00:00Z,3750.04,3757.29,3743.11,3756.27,14.1306798
Kraken:ETHEUR,2021-11-16T11:01:00Z,3756.33,3761.49,3752.01,3752.01,60.42169602
Kraken:ETHEUR,2021-11-16T11:02:00Z,3752.01,3758.03,3751.26,3757.52,22.38311714
Kraken:ETHEUR,2021-11-16T11:03:00Z,3757.27,3767.77,3756.5,3767.74,12.28503899
Kraken:ETHEUR,2021-11-16T11:04:00Z,3763.19,3765.56,3761.15,3764.25,20.9627418
Kraken:ETHEUR,2021-11-16T11:05:00Z,3764.24,3764.24,3755.51,3761.58,38.20462183
Kraken:ETHEUR,2021-11-16T11:06:00Z,3760.03,3760.03,3755.28,3759.93,29.84543706
Kraken:ETHEUR,2021-11-16T11:07:00Z,3759.93,3759.93,3755.32,3755.32,25.14326307
Kraken:ETHEUR,2021-11-16T11:08:00Z,3755.31,3757.84,3750.0,3757.6,17.34691716
Kraken:ETHEUR,2021-11-16T11:09:00Z,3757.54,3757.54,3754.1,3755.51,9.5201141
Kraken:ETHEUR,2021-11-16T11:10:00Z,3755.51,3756.07,3746.1,3747.34,18.54892521
Kraken:ETHEUR,2021-11-16T11:11:00Z,3747.6,3751.68,3744.59,3747.86,39.94268432
Kraken:ETHEUR,2021-11-16T11:12:00Z,3745.0,3750.51,3745.0,3746.64,19.20933498
Kraken:ETHEUR,2021-11-16T11:13:00Z,3747.86,3753.09,3747.85,3751.28,5.60686417
Kraken:ETHEUR,2021-11-16T11:14:00Z,3751.0,3753.48,3750.21,3752.26,4.99169527
Kraken:ETHEUR,2021-11-16T11:15:00Z,3752.26,3755.0,3747.85,3747.85,8.12944213
Kraken:ETHEUR,2021-11-16T11:16:00Z,3747.0,3748.36,3744.42,3744.42,26.95449561
Kraken:ETHEUR,2021-11-16T11:17:00Z,3744.42,3745.35,3743.1,3744.41,8.12354079
Kraken:ETHEUR,2021-11-16T11:18:00Z,3744.41,3744.41,3743.41,3743.87,5.2063363
Kraken:ETHEUR,2021-11-16T11:19:00Z,3743.86,3743.87,3743.1,3743.51,19.75090013
Kraken:ETHEUR,2021-11-16T11:20:00Z,3743.86,3745.37,3743.86,3744.01,12.55625818
Kraken:ETHEUR,2021-11-16T11:21:00Z,3744.01,3746.34,3744.01,3746.11,10.52043865
Kraken:ETHEUR,2021-11-16T11:22:00Z,3746.75,3749.83,3746.75,3747.42,9.96050052
Kraken:ETHEUR,2021-11-16T11:23:00Z,3747.61,3748.02,3741.99,3742.0,249.69146923
Kraken:ETHEUR,2021-11-16T11:24:00Z,3742.0,3742.0,3741.99,3742.0,85.41162156
Kraken:ETHEUR,2021-11-16T11:25:00Z,3742.0,3742.0,3741.99,3742.0,22.68084882
Kraken:ETHEUR,2021-11-16T11:26:00Z,3742.0,3742.0,3741.99,3742.0,6.51207117
Kraken:ETHEUR,2021-11-16T11:27:00Z,3742.0,3742.0,3741.99,3742.0,4.12203782
Kraken:ETHEUR,2021-11-16T11:28:00Z,3742.0,3742.0,3741.99,3742.0,153.06523272
Kraken:ETHEUR,2021-11-16T11:29:00Z,3742.0,3754.98,3741.99,3754.59,509.8996509
Kraken:ETHEUR,2021-11-16T11:30:00Z,3754.59,3754.95,3745.99,3746.34,5.34617299
Kraken:ETHEUR,2021-11-16T11:31:00Z,3746.34,3748.59,3744.96,3748.02,19.49517933
Kraken:ETHEUR,2021-11-16T11:32:00Z,3749.61,3759.19,3749.61,3755.2,33.30587471
Kraken:ETHEUR,2021-11-16T11:33:00Z,3756.97,3756.97,3747.53,3753.63,41.02043641
Kraken:ETHEUR,2021-11-16T11:34:00Z,3753.86,3758.6,3753.29,3758.03,56.48375067
Kraken:ETHEUR,2021-11-16T11:35:00Z,3758.23,3768.34,3757.0,3765.65,12.83176139
Kraken:ETHEUR,2021-11-16T11:36:00Z,3766.98,3768.36,3765.01,3766.38,16.04816538
Kraken:ETHEUR,2021-11-16T11:37:00Z,3766.77,3769.99,3766.77,3768.51,39.48748667
Kraken:ETHEUR,2021-11-16T11:38:00Z,3768.51,3768.51,3761.01,3761.45,14.50444235
Kraken:ETHEUR,2021-11-16T11:39:00Z,3762.73,3762.73,3759.37,3760.01,27.46981528
Kraken:ETHEUR,2021-11-16T11:40:00Z,3760.01,3762.23,3756.32,3760.26,31.67908445
Kraken:ETHEUR,2021-11-16T11:41:00Z,3758.85,3763.79,3758.85,3762.4,9.97014705
Kraken:ETHEUR,2021-11-16T11:42:00Z,3762.17,3765.05,3761.98,3764.27,8.14379215
Kraken:ETHEUR,2021-11-16T11:43:00Z,3765.72,3765.84,3758.86,3758.86,12.90738789
Kraken:ETHEUR,2021-11-16T11:44:00Z,3758.86,3759.66,3757.06,3757.06,14.59088621
Kraken:ETHEUR,2021-11-16T11:45:00Z,3756.94,3758.48,3756.94,3758.48,3.89439885
Kraken:ETHEUR,2021-11-16T11:46:00Z,3758.48,3764.26,3758.48,3763.21,34.95747133
Kraken:ETHEUR,2021-11-16T11:47:00Z,3763.44,3767.02,3762.86,3766.0,8.29811373
Kraken:ETHEUR,2021-11-16T11:48:00Z,3767.16,3776.1,3766.19,3775.77,17.43688891
Kraken:ETHEUR,2021-11-16T11:49:00Z,3775.77,3775.99,3773.91,3773.91,4.25068267
Kraken:ETHEUR,2021-11-16T11:50:00Z,3773.91,3776.64,3772.68,3776.57,7.52967825
Kraken:ETHEUR,2021-11-16T11:51:00Z,3776.73,3776.78,3773.61,3776.72,5.23909841
Kraken:ETHEUR,2021-11-16T11:52:00Z,3776.8,3778.92,3775.01,3777.41,10.4171144
Kraken:ETHEUR,2021-11-16T11:53:00Z,3776.81,3776.81,3773.02,3773.05,36.36838474
Kraken:ETHEUR,2021-11-16T11:54:00Z,3773.05,3775.01,3767.99,3774.05,136.10568024
Kraken:ETHEUR,2021-11-16T11:55:00Z,3772.74,3772.74,3766.75,3767.09,4.22963761
Kraken:ETHEUR,2021-11-16T11:56:00Z,3769.34,3771.95,3768.53,3770.86,56.18016167
Kraken:ETHEUR,2021-11-16T11:57:00Z,3770.01,3774.98,3770.01,3773.4,8.3376092
Kraken:ETHEUR,2021-11-16T11:58:00Z,3772.86,3779.7,3772.86,3779.7,12.43278733
Kraken:ETHEUR,2021-11-16T11:59:00Z,3779.7,3782.54,3779.69,3782.54,6.69990092
Kraken:ETHEUR,2021-11-16T12:00:00Z,3782.45,3782.45,3777.91,3779.41,11.82970622
Kraken:ETHEUR,2021-11-16T12:01:00Z,3777.91,3777.91,3775.77,3775.78,6.08309467
Kraken:ETHEUR,2021-11-16T12:02:00Z,3775.78,3775.78,3770.06,3772.02,25.73529867
Kraken:ETHEUR,2021-11-16T12:03:00Z,3772.02,3775.0,3767.15,3775.0,26.52893264
Kraken:ETHEUR,2021-11-16T12:04:00Z,3774.99,3774.99,3768.01,3768.18,11.833108
Kraken:ETHEUR,2021-11-16T12:05:00Z,3768.46,3768.46,3763.66,3765.08,23.87551664
Kraken:ETHEUR,2021-11-16T12:06:00Z,3765.08,3767.19,3764.24,3764.91,7.69307831
Kraken:ETHEUR,2021-11-16T12:07:00Z,3764.27,3764.27,3755.71,3757.43,58.79843393
Kraken:ETHEUR,2021-11-16T12:08:00Z,3757.73,3766.38,3755.15,3764.82,130.69698873
Kraken:ETHEUR,2021-11-16T12:09:00Z,3765.45,3781.06,3764.25,3779.11,25.79508324
Kraken:ETHEUR,2021-11-16T12:10:00Z,3777.29,3777.29,3772.07,3776.21,16.13776512
Kraken:ETHEUR,2021-11-16T12:11:00Z,3775.67,3776.99,3771.98,3776.99,42.50165717
Kraken:ETHEUR,2021-11-16T12:12:00Z,3777.96,3785.66,3777.96,3784.37,26.69743339
Kraken:ETHEUR,2021-11-16T12:13:00Z,3783.33,3784.74,3780.0,3781.63,16.54305971
Kraken:ETHEUR,2021-11-16T12:14:00Z,3781.99,3782.96,3781.7,3782.64,46.90127985
Kraken:ETHEUR,2021-11-16T12:15:00Z,3782.32,3782.32,3779.1,3779.12,8.73525486
Kraken:ETHEUR,2021-11-16T12:16:00Z,3779.16,3779.16,3775.61,3775.64,6.40402024
Kraken:ETHEUR,2021-11-16T12:17:00Z,3776.41,3778.92,3776.14,3778.92,9.35571555
Kraken:ETHEUR,2021-11-16T12:18:00Z,3777.89,3781.94,3777.4,3781.37,23.09309337
Kraken:ETHEUR,2021-11-16T12:19:00Z,3780.81,3781.92,3780.0,3780.56,13.51768206
Kraken:ETHEUR,2021-11-16T12:20:00Z,3780.8,3780.8,3774.98,3778.07,13.5306885
Kraken:ETHEUR,2021-11-16T12:21:00Z,3778.06,3779.78,3776.68,3779.04,4.84089403
Kraken:ETHEUR,2021-11-16T12:22:00Z,3778.98,3780.8,3775.85,3775.93,11.14833255
Kraken:ETHEUR,2021-11-16T12:23:00Z,3775.92,3778.77,3775.91,3778.77,10.12190116
Kraken:ETHEUR,2021-11-16T12:24:00Z,3778.77,3778.77,3775.31,3776.41,19.36612406
Kraken:ETHEUR,2021-11-16T12:25:00Z,3776.4,3777.21,3776.0,3776.2,7.82846213
Kraken:ETHEUR,2021-11-16T12:26:00Z,3776.19,3777.45,3775.0,3775.0,49.94726246
Kraken:ETHEUR,2021-11-16T12:27:00Z,3775.0,3775.01,3770.0,3771.1,12.85778998
Kraken:ETHEUR,2021-11-16T12:28:00Z,3771.1,3771.1,3765.57,3767.9,28.33277844
Kraken:ETHEUR,2021-11-16T12:29:00Z,3767.9,3769.31,3765.95,3767.99,14.21490938
Kraken:ETHEUR,2021-11-16T12:30:00Z,3768.07,3768.07,3762.55,3762.86,31.05500342
Kraken:ETHEUR,2021-11-16T12:31:00Z,3762.86,3762.86,3755.22,3761.39,52.72643404
Kraken:ETHEUR,2021-11-16T12:32:00Z,3761.39,3765.9,3758.57,3762.75,9.88233189
Kraken:ETHEUR,2021-11-16T12:33:00Z,3762.75,3762.75,3759.75,3760.59,20.1919667
Kraken:ETHEUR,2021-11-16T12:34:00Z,3761.3,3767.5,3761.3,3767.5,10.99649954
Kraken:ETHEUR,2021-11-16T12:35:00Z,3767.5,3767.5,3766.99,3767.5,4.75800931
Kraken:ETHEUR,2021-11-16T12:36:00Z,3768.04,3768.64,3761.96,3761.97,10.32341175
Kraken:ETHEUR,2021-11-16T12:37:00Z,3761.97,3761.97,3757.0,3759.73,15.95290961
Kraken:ETHEUR,2021-11-16T12:38:00Z,3758.49,3762.32,3755.87,3755.87,11.79453607
Kraken:ETHEUR,2021-11-16T12:39:00Z,3755.01,3757.45,3753.06,3756.63,12.36772319
Kraken:ETHEUR,2021-11-16T12:40:00Z,3756.94,3758.43,3755.16,3757.5,1.29360347
Kraken:ETHEUR,2021-11-16T12:41:00Z,3758.86,3759.41,3757.7,3758.9,9.65866632
Kraken:ETHEUR,2021-11-16T12:42:00Z,3759.38,3759.38,3756.05,3756.05,7.2275566
Kraken:ETHEUR,2021-11-16T12:43:00Z,3754.45,3760.32,3754.35,3755.97,379.42104793
Kraken:ETHEUR,2021-11-16T12:44:00Z,3757.4,3757.4,3750.06,3753.56,28.89749831
Kraken:ETHEUR,2021-11-16T12:45:00Z,3753.66,3755.07,3753.01,3754.04,1.57282781
Kraken:ETHEUR,2021-11-16T12:46:00Z,3755.07,3758.72,3755.06,3757.01,7.57670891
Kraken:ETHEUR,2021-11-16T12:47:00Z,3757.01,3757.01,3754.19,3754.2,30.12865547
Kraken:ETHEUR,2021-11-16T12:48:00Z,3754.2,3759.58,3754.2,3756.81,3.06713569
Kraken:ETHEUR,2021-11-16T12:49:00Z,3756.8,3756.8,3750.31,3752.76,5.70252589
Kraken:ETHEUR,2021-11-16T12:50:00Z,3753.08,3753.08,3748.0,3748.0,31.66605765
Kraken:ETHEUR,2021-11-16T12:51:00Z,3748.0,3749.0,3748.0,3748.03,28.79014629
Kraken:ETHEUR,2021-11-16T12:52:00Z,3748.03,3749.0,3748.0,3749.0,8.83714713
Kraken:ETHEUR,2021-11-16T12:53:00Z,3748.0,3749.0,3746.6,3746.61,54.30190612
Kraken:ETHEUR,2021-11-16T12:54:00Z,3746.61,3746.61,3743.62,3743.63,5.8246063
Kraken:ETHEUR,2021-11-16T12:55:00Z,3744.76,3744.96,3743.59,3743.59,6.05870883
Kraken:ETHEUR,2021-11-16T12:56:00Z,3742.67,3742.67,3735.36,3736.71,9.36250159
Kraken:ETHEUR,2021-11-16T12:57:00Z,3736.71,3737.98,3726.07,3727.04,26.84972568
Kraken:ETHEUR,2021-11-16T12:58:00Z,3728.9,3731.35,3725.0,3726.9,29.62027683
Kraken:ETHEUR,2021-11-16T12:59:00Z,3726.86,3729.7,3726.85,3726.96,3.36920269
Kraken:ETHEUR,2021-11-16T13:00:00Z,3728.52,3735.7,3725.14,3732.69,13.08129245
Kraken:ETHEUR,2021-11-16T13:01:00Z,3732.35,3733.11,3726.08,3733.11,8.2487154
Kraken:ETHEUR,2021-11-16T13:02:00Z,3734.94,3741.28,3734.11,3741.28,10.39389964
Kraken:ETHEUR,2021-11-16T13:03:00Z,3740.23,3741.99,3737.1,3737.1,18.30129806
Kraken:ETHEUR,2021-11-16T13:04:00Z,3736.68,3741.46,3733.46,3740.12,17.94142227
Kraken:ETHEUR,2021-11-16T13:05:00Z,3739.62,3740.95,3737.01,3738.5,12.99403991
Kraken:ETHEUR,2021-11-16T13:06:00Z,3737.5,3737.5,3729.99,3730.89,5.92374566
Kraken:ETHEUR,2021-11-16T13:07:00Z,3730.89,3730.9,3725.11,3725.12,14.551409
Kraken:ETHEUR,2021-11-16T13:08:00Z,3725.11,3727.94,3725.11,3725.98,4.23994083
Kraken:ETHEUR,2021-11-16T13:09:00Z,3728.66,3733.26,3728.66,3731.76,7.4585452
Kraken:ETHEUR,2021-11-16T13:10:00Z,3731.77,3731.77,3727.29,3727.29,1.89942057
Kraken:ETHEUR,2021-11-16T13:11:00Z,3726.8,3728.39,3725.1,3726.73,24.96746761
Kraken:ETHEUR,2021-11-16T13:12:00Z,3725.47,3725.47,3725.1,3725.1,0.61252435
Kraken:ETHEUR,2021-11-16T13:13:00Z,3725.11,3732.37,3725.1,3732.37,8.22822887
Kraken:ETHEUR,2021-11-16T13:14:00Z,3732.86,3733.22,3730.97,3731.65,4.9051704
Kraken:ETHEUR,2021-11-16T13:15:00Z,3731.65,3731.65,3731.48,3731.65,12.55831696
Kraken:ETHEUR,2021-11-16T13:16:00Z,3731.64,3740.0,3731.64,3740.0,27.32007999
Kraken:ETHEUR,2021-11-16T13:17:00Z,3740.0,3749.0,3739.99,3749.0,33.24430685
Kraken:ETHEUR,2021-11-16T13:18:00Z,3747.09,3753.69,3747.09,3749.95,7.40190177
Kraken:ETHEUR,2021-11-16T13:19:00Z,3749.74,3750.82,3747.01,3750.82,2.87147833
Kraken:ETHEUR,2021-11-16T13:20:00Z,3752.67,3752.67,3742.92,3742.92,10.77443094
Kraken:ETHEUR,2021-11-16T13:21:00Z,3742.89,3744.74,3742.88,3742.88,7.74761166
Kraken:ETHEUR,2021-11-16T13:22:00Z,3743.44,3745.58,3742.01,3742.01,7.27411595
Kraken:ETHEUR,2021-11-16T13:23:00Z,3742.01,3745.14,3740.9,3744.4,4.70441146
Kraken:ETHEUR,2021-11-16T13:24:00Z,3744.88,3746.48,3744.77,3746.01,3.43349007
Kraken:ETHEUR,2021-11-16T13:25:00Z,3748.28,3754.92,3748.28,3754.58,2.57606184
Kraken:ETHEUR,2021-11-16T13:26:00Z,3754.64,3758.01,3753.97,3758.01,3.30220928
Kraken:ETHEUR,2021-11-16T13:27:00Z,3757.06,3757.06,3752.47,3753.91,15.72933766
Kraken:ETHEUR,2021-11-16T13:28:00Z,3754.2,3755.0,3752.0,3752.0,16.74249685
Kraken:ETHEUR,2021-11-16T13:29:00Z,3752.01,3752.01,3751.27,3751.28,4.63246551
Kraken:ETHEUR,2021-11-16T13:30:00Z,3751.28,3751.28,3746.03,3747.28,12.72621597
Kraken:ETHEUR,2021-11-16T13:31:00Z,3747.03,3747.03,3743.91,3743.91,26.22701895
Kraken:ETHEUR,2021-11-16T13:32:00Z,3744.03,3749.9,3744.03,3747.58,1.43576446
Kraken:ETHEUR,2021-11-16T13:33:00Z,3744.78,3745.84,3743.32,3743.32,2.68716764
Kraken:ETHEUR,2021-11-16T13:34:00Z,3743.32,3743.32,3739.99,3742.37,4.59758124
Kraken:ETHEUR,2021-11-16T13:35:00Z,3744.83,3746.61,3743.91,3745.58,12.55026193
Kraken:ETHEUR,2021-11-16T13:36:00Z,3745.58,3750.25,3745.57,3750.25,10.02008199
Kraken:ETHEUR,2021-11-16T13:37:00Z,3750.25,3752.0,3750.25,3752.0,1.0764208
Kraken:ETHEUR,2021-11-16T13:38:00Z,3752.0,3752.0,3751.99,3752.0,2.33213703
Kraken:ETHEUR,2021-11-16T13:39:00Z,3752.0,3759.75,3752.0,3757.66,31.94151987
Kraken:ETHEUR,2021-11-16T13:40:00Z,3757.66,3764.99,3757.65,3764.99,5.7164817
Kraken:ETHEUR,2021-11-16T13:41:00Z,3763.34,3772.98,3763.33,3772.78,22.34997671
Kraken:ETHEUR,2021-11-16T13:42:00Z,3770.22,3775.66,3768.71,3771.73,7.95162068
Kraken:ETHEUR,2021-11-16T13:43:00Z,3771.72,3775.48,3771.72,3772.86,4.90227332
Kraken:ETHEUR,2021-11-16T13:44:00Z,3772.76,3775.0,3770.87,3772.56,4.4167398
Kraken:ETHEUR,2021-11-16T13:45:00Z,3773.5,3777.12,3773.5,3774.09,11.08892208
Kraken:ETHEUR,2021-11-16T13:46:00Z,3774.28,3777.0,3774.28,3777.0,1.28862456
Kraken:ETHEUR,2021-11-16T13:47:00Z,3776.83,3776.83,3772.62,3772.62,8.89955542
Kraken:ETHEUR,2021-11-16T13:48:00Z,3772.62,3773.58,3769.39,3771.44,12.65075324
Kraken:ETHEUR,2021-11-16T13:49:00Z,3769.74,3772.16,3769.74,3771.79,0.43853597
Kraken:ETHEUR,2021-11-16T13:50:00Z,3771.78,3773.13,3769.63,3769.63,1.41656044
Kraken:ETHEUR,2021-11-16T13:51:00Z,3770.08,3770.27,3768.0,3768.01,16.26947615
Kraken:ETHEUR,2021-11-16T13:52:00Z,3768.01,3768.01,3766.0,3768.0,2.99698835
Kraken:ETHEUR,2021-11-16T13:53:00Z,3768.0,3774.13,3768.0,3774.11,23.70325626
Kraken:ETHEUR,2021-11-16T13:54:00Z,3775.04,3779.38,3775.04,3779.38,13.65791192
Kraken:ETHEUR,2021-11-16T13:55:00Z,3780.0,3782.82,3779.99,3782.56,2.12632632
Kraken:ETHEUR,2021-11-16T13:56:00Z,3781.96,3782.78,3772.92,3775.6,11.54815118
Kraken:ETHEUR,2021-11-16T13:57:00Z,3772.91,3774.3,3771.73,3773.67,3.38325692
Kraken:ETHEUR,2021-11-16T13:58:00Z,3771.66,3773.64,3771.66,3772.12,2.71901325
Kraken:ETHEUR,2021-11-16T13:59:00Z,3771.93,3774.52,3771.9,3772.55,4.92320894
Kraken:ETHEUR,2021-11-16T14:00:00Z,3772.54,3772.54,3767.3,3767.3,1.93341493
Kraken:ETHEUR,2021-11-16T14:01:00Z,3767.31,3777.48,3767.3,3777.48,20.97748164
Kraken:ETHEUR,2021-11-16T14:02:00Z,3777.19,3779.2,3777.19,3777.48,3.22957532
Kraken:ETHEUR,2021-11-16T14:03:00Z,3777.48,3784.32,3777.48,3782.01,21.52959718
Kraken:ETHEUR,2021-11-16T14:04:00Z,3781.86,3787.76,3781.6,3787.13,3.38273192
Kraken:ETHEUR,2021-11-16T14:05:00Z,3787.29,3789.0,3787.13,3789.0,6.96724781
Kraken:ETHEUR,2021-11-16T14:06:00Z,3789.0,3799.73,3788.99,3797.4,71.72526209
Kraken:ETHEUR,2021-11-16T14:07:00Z,3797.56,3806.23,3797.42,3805.79,52.14751438
Kraken:ETHEUR,2021-11-16T14:08:00Z,3807.37,3818.99,3807.37,3817.09,172.37534482
Kraken:ETHEUR,2021-11-16T14:09:00Z,3817.04,3820.0,3813.51,3819.0,16.73663732
Kraken:ETHEUR,2021-11-16T14:10:00Z,3819.0,3819.0,3807.42,3807.42,108.1328376
Kraken:ETHEUR,2021-11-16T14:11:00Z,3812.99,3817.17,3812.27,3813.63,92.45426613
Kraken:ETHEUR,2021-11-16T14:12:00Z,3814.01,3814.01,3806.5,3806.5,228.88039827
Kraken:ETHEUR,2021-11-16T14:13:00Z,3805.01,3810.91,3805.0,3808.75,73.3857384
Kraken:ETHEUR,2021-11-16T14:14:00Z,3808.74,3808.74,3805.32,3805.33,8.39670598
Kraken:ETHEUR,2021-11-16T14:15:00Z,3805.48,3806.17,3802.56,3802.56,18.18676601
Kraken:ETHEUR,2021-11-16T14:16:00Z,3804.17,3806.16,3800.27,3805.58,7.39854029
Kraken:ETHEUR,2021-11-16T14:17:00Z,3805.58,3808.04,3805.37,3808.04,4.36031337
Kraken:ETHEUR,2021-11-16T14:18:00Z,3807.51,3814.19,3807.5,3812.63,44.89468615
Kraken:ETHEUR,2021-11-16T14:19:00Z,3811.98,3813.86,3811.97,3812.19,21.25165791
Kraken:ETHEUR,2021-11-16T14:20:00Z,3812.46,3816.42,3812.46,3815.09,6.57277732
Kraken:ETHEUR,2021-11-16T14:21:00Z,3815.6,3818.06,3814.87,3814.87,14.91252817
Kraken:ETHEUR,2021-11-16T14:22:00Z,3814.87,3817.36,3814.87,3816.47,3.28617543
Kraken:ETHEUR,2021-11-16T14:23:00Z,3817.1,3824.01,3817.1,3824.01,11.84439298
Kraken:ETHEUR,2021-11-16T14:24:00Z,3824.01,3824.01,3823.48,3824.01,34.38070683
Kraken:ETHEUR,2021-11-16T14:25:00Z,3823.48,3823.48,3813.01,3815.25,20.60849634
Kraken:ETHEUR,2021-11-16T14:26:00Z,3815.02,3815.03,3815.02,3815.03,6.44459815
Kraken:ETHEUR,2021-11-16T14:27:00Z,3816.93,3818.54,3815.36,3817.33,13.9757678
Kraken:ETHEUR,2021-11-16T14:28:00Z,3817.32,3819.42,3814.36,3818.25,9.70520147
Kraken:ETHEUR,2021-11-16T14:29:00Z,3818.8,3819.41,3814.5,3816.08,40.79563412
Kraken:ETHEUR,2021-11-16T14:30:00Z,3821.37,3821.52,3817.23,3817.23,69.61722072
Kraken:ETHEUR,2021-11-16T14:31:00Z,3816.0,3816.53,3812.01,3812.01,22.76915885
Kraken:ETHEUR,2021-11-16T14:32:00Z,3812.0,3814.0,3808.36,3812.6,9.02865677
Kraken:ETHEUR,2021-11-16T14:33:00Z,3811.76,3811.87,3810.34,3811.86,13.27555659
Kraken:ETHEUR,2021-11-16T14:34:00Z,3811.86,3815.06,3811.86,3815.06,1.9194842
Kraken:ETHEUR,2021-11-16T14:35:00Z,3815.28,3824.52,3815.28,3823.41,12.5297412
Kraken:ETHEUR,2021-11-16T14:36:00Z,3823.4,3828.49,3819.0,3828.37,38.52195895
Kraken:ETHEUR,2021-11-16T14:37:00Z,3827.6,3828.79,3820.0,3820.0,105.26902522
Kraken:ETHEUR,2021-11-16T14:38:00Z,3822.86,3828.28,3822.14,3826.99,12.83489657
Kraken:ETHEUR,2021-11-16T14:39:00Z,3826.99,3830.0,3826.47,3827.81,20.32410425
Kraken:ETHEUR,2021-11-16T14:40:00Z,3828.49,3834.0,3827.95,3833.99,40.73112305
Kraken:ETHEUR,2021-11-16T14:41:00Z,3834.0,3836.21,3831.14,3833.59,27.77773703
Kraken:ETHEUR,2021-11-16T14:42:00Z,3833.54,3833.54,3828.81,3828.81,41.46735959
Kraken:ETHEUR,2021-11-16T14:43:00Z,3828.81,3833.91,3828.8,3833.91,30.0403956
Kraken:ETHEUR,2021-11-16T14:44:00Z,3833.91,3837.2,3833.91,3837.2,5.15404613
Kraken:ETHEUR,2021-11-16T14:45:00Z,3835.2,3836.45,3831.91,3834.73,28.93941182
Kraken:ETHEUR,2021-11-16T14:46:00Z,3834.87,3836.12,3833.23,3836.12,6.55709628
Kraken:ETHEUR,2021-11-16T14:47:00Z,3835.11,3838.82,3834.05,3836.16,47.32237457
Kraken:ETHEUR,2021-11-16T14:48:00Z,3838.54,3838.61,3832.05,3834.85,6.92568696
Kraken:ETHEUR,2021-11-16T14:49:00Z,3837.9,3838.22,3830.57,3833.21,17.90513253
Kraken:ETHEUR,2021-11-16T14:50:00Z,3832.45,3834.51,3830.03,3832.48,7.16328946
Kraken:ETHEUR,2021-11-16T14:51:00Z,3830.02,3830.03,3828.07,3829.26,89.6027988
Kraken:ETHEUR,2021-11-16T14:52:00Z,3828.67,3829.45,3826.3,3828.65,6.18453267
Kraken:ETHEUR,2021-11-16T14:53:00Z,3828.65,3831.41,3828.65,3829.14,10.37458665
Kraken:ETHEUR,2021-11-16T14:54:00Z,3826.2,3826.2,3818.76,3823.89,36.49356339
Kraken:ETHEUR,2021-11-16T14:55:00Z,3823.9,3823.9,3812.04,3814.76,11.75073451
Kraken:ETHEUR,2021-11-16T14:56:00Z,3814.75,3816.8,3810.58,3816.45,19.47559086
Kraken:ETHEUR,2021-11-16T14:57:00Z,3815.88,3815.88,3811.13,3811.76,32.32893365
Kraken:ETHEUR,2021-11-16T14:58:00Z,3811.76,3816.29,3808.84,3808.84,6.55080681
Kraken:ETHEUR,2021-11-16T14:59:00Z,3808.65,3810.67,3808.65,3810.11,4.5528441
Kraken:ETHEUR,2021-11-16T15:00:00Z,3810.11,3815.89,3808.65,3808.65,8.18364414
Kraken:ETHEUR,2021-11-16T15:01:00Z,3808.64,3808.64,3806.4,3806.41,22.68748858
Kraken:ETHEUR,2021-11-16T15:02:00Z,3809.79,3810.19,3805.0,3806.0,17.36405449
Kraken:ETHEUR,2021-11-16T15:03:00Z,3805.3,3811.12,3805.3,3809.38,9.40504271
Kraken:ETHEUR,2021-11-16T15:04:00Z,3810.37,3810.37,3807.19,3808.51,1.81014096
Kraken:ETHEUR,2021-11-16T15:05:00Z,3808.0,3812.49,3805.34,3808.29,11.77333898
Kraken:ETHEUR,2021-11-16T15:06:00Z,3811.76,3811.76,3809.97,3809.99,5.11312003
Kraken:ETHEUR,2021-11-16T15:07:00Z,3809.99,3813.28,3809.99,3812.94,3.68754671
Kraken:ETHEUR,2021-11-16T15:08:00Z,3812.94,3814.34,3812.45,3813.45,9.5281202
Kraken:ETHEUR,2021-11-16T15:09:00Z,3813.44,3815.88,3813.44,3815.0,9.06840975
Kraken:ETHEUR,2021-11-16T15:10:00Z,3814.01,3814.01,3805.0,3805.01,16.48285689
Kraken:ETHEUR,2021-11-16T15:11:00Z,3805.0,3805.0,3800.0,3800.0,6.66094149
Kraken:ETHEUR,2021-11-16T15:12:00Z,3800.01,3800.14,3797.0,3798.34,28.71487038
Kraken:ETHEUR,2021-11-16T15:13:00Z,3799.12,3800.92,3797.68,3800.92,9.88119436
Kraken:ETHEUR,2021-11-16T15:14:00Z,3800.18,3805.0,3800.18,3804.99,6.69889335
Kraken:ETHEUR,2021-11-16T15:15:00Z,3805.0,3805.0,3801.24,3801.24,33.28265931
Kraken:ETHEUR,2021-11-16T15:16:00Z,3802.61,3803.88,3802.54,3802.97,6.65879428
Kraken:ETHEUR,2021-11-16T15:17:00Z,3802.68,3805.0,3802.68,3803.96,5.52517806
Kraken:ETHEUR,2021-11-16T15:18:00Z,3803.79,3804.67,3802.97,3804.08,6.60583609
Kraken:ETHEUR,2021-11-16T15:19:00Z,3802.92,3807.62,3802.69,3807.61,10.39918405
Kraken:ETHEUR,2021-11-16T15:20:00Z,3805.02,3807.34,3803.85,3803.85,8.20702776
Kraken:ETHEUR,2021-11-16T15:21:00Z,3802.68,3802.68,3795.4,3795.4,10.8115309
Kraken:ETHEUR,2021-11-16T15:22:00Z,3795.28,3795.28,3792.66,3792.94,64.2202537
Kraken:ETHEUR,2021-11-16T15:23:00Z,3793.51,3796.91,3790.03,3793.81,8.85236769
Kraken:ETHEUR,2021-11-16T15:24:00Z,3793.41,3796.75,3793.41,3795.02,17.99749984
Kraken:ETHEUR,2021-11-16T15:25:00Z,3796.61,3796.77,3794.34,3794.34,52.53415861
Kraken:ETHEUR,2021-11-16T15:26:00Z,3793.9,3796.15,3793.9,3794.83,1.82052752
Kraken:ETHEUR,2021-11-16T15:27:00Z,3795.51,3797.05,3794.66,3795.63,27.57935011
Kraken:ETHEUR,2021-11-16T15:28:00Z,3797.89,3797.9,3795.11,3796.42,2.7147018
Kraken:ETHEUR,2021-11-16T15:29:00Z,3796.73,3797.61,3796.73,3797.59,2.19785627
Kraken:ETHEUR,2021-11-16T15:30:00Z,3797.68,3805.64,3797.19,3802.7,10.50907177
Kraken:ETHEUR,2021-11-16T15:31:00Z,3803.25,3804.04,3802.71,3803.39,21.34574709
Kraken:ETHEUR,2021-11-16T15:32:00Z,3803.39,3803.39,3788.01,3789.68,33.60392754
Kraken:ETHEUR,2021-11-16T15:33:00Z,3788.01,3788.01,3786.36,3786.36,19.29822281
Kraken:ETHEUR,2021-11-16T15:34:00Z,3785.01,3785.83,3783.38,3785.83,9.36569985
Kraken:ETHEUR,2021-11-16T15:35:00Z,3785.82,3790.0,3785.82,3790.0,19.09651842
Kraken:ETHEUR,2021-11-16T15:36:00Z,3790.0,3794.99,3790.0,3792.74,1.57289359
Kraken:ETHEUR,2021-11-16T15:37:00Z,3792.75,3792.78,3792.62,3792.62,4.63051003
Kraken:ETHEUR,2021-11-16T15:38:00Z,3792.62,3792.62,3789.89,3790.96,21.20593574
Kraken:ETHEUR,2021-11-16T15:39:00Z,3790.49,3790.49,3787.25,3788.16,13.23447164
Kraken:ETHEUR,2021-11-16T15:40:00Z,3788.11,3788.36,3787.95,3787.95,8.55427261
Kraken:ETHEUR,2021-11-16T15:41:00Z,3787.95,3791.06,3787.5,3787.51,2.30658501
Kraken:ETHEUR,2021-11-16T15:42:00Z,3787.5,3787.51,3783.39,3783.39,3.0365316
Kraken:ETHEUR,2021-11-16T15:43:00Z,3783.39,3783.39,3780.25,3781.43,3.25108189
Kraken:ETHEUR,2021-11-16T15:44:00Z,3782.59,3787.18,3782.38,3787.05,28.13648457
Kraken:ETHEUR,2021-11-16T15:45:00Z,3786.09,3789.11,3786.09,3788.92,3.57424145
Kraken:ETHEUR,2021-11-16T15:46:00Z,3788.93,3788.93,3782.29,3782.29,9.20114078
Kraken:ETHEUR,2021-11-16T15:47:00Z,3782.9,3785.18,3782.29,3785.18,3.18250387
Kraken:ETHEUR,2021-11-16T15:48:00Z,3785.97,3786.34,3785.19,3785.49,2.82152467
Kraken:ETHEUR,2021-11-16T15:49:00Z,3785.49,3786.41,3783.32,3783.32,12.65931896
Kraken:ETHEUR,2021-11-16T15:50:00Z,3783.33,3785.93,3783.33,3785.29,1.09457215
Kraken:ETHEUR,2021-11-16T15:51:00Z,3785.3,3788.97,3785.12,3788.88,7.6074747
Kraken:ETHEUR,2021-11-16T15:52:00Z,3789.12,3790.85,3789.12,3790.14,3.7781535
Kraken:ETHEUR,2021-11-16T15:53:00Z,3790.11,3790.31,3787.59,3787.59,3.71934565
Kraken:ETHEUR,2021-11-16T15:54:00Z,3787.08,3790.25,3787.07,3790.25,9.21174924
Kraken:ETHEUR,2021-11-16T15:55:00Z,3792.61,3794.39,3790.49,3792.2,6.93388
Kraken:ETHEUR,2021-11-16T15:56:00Z,3792.2,3792.2,3787.64,3787.64,1.66857414
Kraken:ETHEUR,2021-11-16T15:57:00Z,3787.51,3787.51,3774.73,3775.34,20.47135153
Kraken:ETHEUR,2021-11-16T15:58:00Z,3775.26,3779.42,3775.26,3779.25,6.19978578
Kraken:ETHEUR,2021-11-16T15:59:00Z,3779.87,3785.43,3777.32,3784.16,12.30809517
Kraken:ETHEUR,2021-11-16T16:00:00Z,3784.54,3784.54,3780.6,3781.8,0.65797338
Kraken:ETHEUR,2021-11-16T16:01:00Z,3782.98,3790.18,3782.32,3788.22,12.92825157
Kraken:ETHEUR,2021-11-16T16:02:00Z,3791.65,3793.15,3790.0,3791.45,24.93194765
Kraken:ETHEUR,2021-11-16T16:03:00Z,3789.85,3799.01,3789.85,3799.01,7.27242078
Kraken:ETHEUR,2021-11-16T16:04:00Z,3797.65,3797.65,3788.15,3788.15,4.83378869
Kraken:ETHEUR,2021-11-16T16:05:00Z,3788.43,3796.08,3788.43,3793.38,52.04738407
Kraken:ETHEUR,2021-11-16T16:06:00Z,3790.68,3790.68,3787.74,3787.74,8.40723987
Kraken:ETHEUR,2021-11-16T16:07:00Z,3784.71,3784.71,3778.49,3782.11,2.62316749
Kraken:ETHEUR,2021-11-16T16:08:00Z,3781.26,3784.14,3781.26,3783.92,3.24743138
Kraken:ETHEUR,2021-11-16T16:09:00Z,3783.91,3790.68,3783.91,3790.68,2.63690598
Kraken:ETHEUR,2021-11-16T16:10:00Z,3790.68,3792.84,3790.68,3791.01,0.47076241
Kraken:ETHEUR,2021-11-16T16:11:00Z,3794.61,3795.49,3793.73,3793.73,0.43597234
Kraken:ETHEUR,2021-11-16T16:12:00Z,3793.01,3805.04,3793.01,3805.04,4.93346966
Kraken:ETHEUR,2021-11-16T16:13:00Z,3805.04,3807.44,3805.04,3807.44,9.02181983
Kraken:ETHEUR,2021-11-16T16:14:00Z,3807.43,3808.28,3805.75,3808.09,5.88037744
Kraken:ETHEUR,2021-11-16T16:15:00Z,3808.85,3811.65,3808.85,3811.65,14.64979275
Kraken:ETHEUR,2021-11-16T16:16:00Z,3811.66,3813.93,3811.66,3812.53,4.09676798
Kraken:ETHEUR,2021-11-16T16:17:00Z,3813.92,3819.98,3813.36,3814.71,15.45449731
Kraken:ETHEUR,2021-11-16T16:18:00Z,3815.51,3815.51,3811.59,3813.65,1.97358524
Kraken:ETHEUR,2021-11-16T16:19:00Z,3810.66,3810.78,3805.75,3805.75,15.22975203
Kraken:ETHEUR,2021-11-16T16:20:00Z,3805.75,3808.89,3803.53,3807.35,3.81828077
Kraken:ETHEUR,2021-11-16T16:21:00Z,3805.26,3807.05,3805.26,3807.05,1.23360759
Kraken:ETHEUR,2021-11-16T16:22:00Z,3807.04,3807.04,3804.12,3805.89,1.77421395
Kraken:ETHEUR,2021-11-16T16:23:00Z,3807.36,3808.11,3800.85,3801.18,8.7624646
Kraken:ETHEUR,2021-11-16T16:24:00Z,3803.73,3803.73,3796.29,3800.0,8.50126356
Kraken:ETHEUR,2021-11-16T16:25:00Z,3800.01,3800.56,3796.51,3799.93,10.40087723
Kraken:ETHEUR,2021-11-16T16:26:00Z,3798.66,3800.05,3798.66,3799.01,8.39112579
Kraken:ETHEUR,2021-11-16T16:27:00Z,3799.01,3799.01,3796.5,3796.61,9.08329973
Kraken:ETHEUR,2021-11-16T16:28:00Z,3797.01,3799.86,3796.5,3797.79,5.81388989
Kraken:ETHEUR,2021-11-16T16:29:00Z,3800.97,3800.97,3798.16,3798.97,11.73016327
Kraken:ETHEUR,2021-11-16T16:30:00Z,3799.82,3801.14,3798.61,3800.94,4.53619731
Kraken:ETHEUR,2021-11-16T16:31:00Z,3800.17,3803.51,3800.01,3803.51,4.53508062
Kraken:ETHEUR,2021-11-16T16:32:00Z,3803.78,3804.03,3803.02,3803.97,2.53860814
Kraken:ETHEUR,2021-11-16T16:33:00Z,3803.98,3805.58,3802.59,3805.46,1.71110589
Kraken:ETHEUR,2021-11-16T16:34:00Z,3806.19,3806.19,3802.58,3802.59,1.63122515
Kraken:ETHEUR,2021-11-16T16:35:00Z,3802.58,3804.93,3800.03,3804.93,1.86282878
Kraken:ETHEUR,2021-11-16T16:36:00Z,3805.0,3807.46,3803.56,3807.46,0.733245
Kraken:ETHEUR,2021-11-16T16:37:00Z,3805.96,3806.25,3805.78,3806.03,0.41482736
Kraken:ETHEUR,2021-11-16T16:38:00Z,3807.73,3807.73,3805.74,3806.67,0.99685812
Kraken:ETHEUR,2021-11-16T16:39:00Z,3807.78,3807.78,3803.55,3803.56,4.69510035
Kraken:ETHEUR,2021-11-16T16:40:00Z,3803.55,3804.29,3803.27,3804.29,3.77260262
Kraken:ETHEUR,2021-11-16T16:41:00Z,3803.42,3803.43,3795.4,3797.5,13.71084956
Kraken:ETHEUR,2021-11-16T16:42:00Z,3796.78,3802.33,3795.41,3802.09,5.10763791
Kraken:ETHEUR,2021-11-16T16:43:00Z,3803.07,3804.29,3802.44,3804.29,7.32870104
Kraken:ETHEUR,2021-11-16T16:44:00Z,3803.98,3805.5,3802.85,3804.08,9.11666942
Kraken:ETHEUR,2021-11-16T16:45:00Z,3804.01,3808.9,3803.85,3808.9,2.16207164
Kraken:ETHEUR,2021-11-16T16:46:00Z,3808.9,3809.99,3808.49,3808.49,2.24470934
Kraken:ETHEUR,2021-11-16T16:47:00Z,3808.48,3810.0,3808.48,3809.43,1.4396736
Kraken:ETHEUR,2021-11-16T16:48:00Z,3809.45,3810.0,3809.17,3810.0,5.02383667
Kraken:ETHEUR,2021-11-16T16:49:00Z,3810.0,3810.0,3809.99,3810.0,3.12813748
Kraken:ETHEUR,2021-11-16T16:50:00Z,3810.0,3810.0,3809.99,3810.0,11.38027771
Kraken:ETHEUR,2021-11-16T16:51:00Z,3810.0,3818.06,3810.0,3817.37,58.29167774
Kraken:ETHEUR,2021-11-16T16:52:00Z,3817.95,3817.95,3814.59,3816.51,4.4690366
Kraken:ETHEUR,2021-11-16T16:53:00Z,3816.5,3817.35,3814.13,3814.14,10.91095617
Kraken:ETHEUR,2021-11-16T16:54:00Z,3814.13,3815.0,3813.67,3815.0,4.68356323
Kraken:ETHEUR,2021-11-16T16:55:00Z,3815.0,3818.98,3815.0,3818.28,4.20558956
Kraken:ETHEUR,2021-11-16T16:56:00Z,3818.28,3819.05,3818.28,3818.28,1.28668822
Kraken:ETHEUR,2021-11-16T16:57:00Z,3818.27,3818.46,3818.27,3818.46,8.49457091
Kraken:ETHEUR,2021-11-16T16:58:00Z,3819.11,3819.11,3818.01,3818.01,1.39085797
Kraken:ETHEUR,2021-11-16T16:59:00Z,3818.01,3818.01,3815.05,3816.39,6.07932471
Kraken:ETHEUR,2021-11-16T17:00:00Z,3817.21,3823.42,3817.21,3822.39,8.66457985
Kraken:ETHEUR,2021-11-16T17:01:00Z,3822.38,3822.39,3818.5,3818.5,4.4952888
Kraken:ETHEUR,2021-11-16T17:02:00Z,3822.94,3825.11,3822.33,3824.01,26.71669609
Kraken:ETHEUR,2021-11-16T17:03:00Z,3824.01,3824.01,3823.1,3823.11,6.34011031
Kraken:ETHEUR,2021-11-16T17:04:00Z,3823.11,3823.11,3819.59,3819.86,3.508788
Kraken:ETHEUR,2021-11-16T17:05:00Z,3820.23,3822.3,3820.11,3821.45,2.15911722
Kraken:ETHEUR,2021-11-16T17:06:00Z,3821.48,3823.7,3820.01,3821.48,21.69671199
Kraken:ETHEUR,2021-11-16T17:07:00Z,3821.47,3821.47,3817.64,3819.72,8.41829443
Kraken:ETHEUR,2021-11-16T17:08:00Z,3819.63,3820.0,3815.69,3816.64,3.02347788
Kraken:ETHEUR,2021-11-16T17:09:00Z,3815.85,3817.51,3815.68,3817.21,6.28531498
Kraken:ETHEUR,2021-11-16T17:10:00Z,3817.83,3822.38,3817.67,3822.37,18.88260934
Kraken:ETHEUR,2021-11-16T17:11:00Z,3822.98,3823.39,3822.28,3822.35,4.37174171
Kraken:ETHEUR,2021-11-16T17:12:00Z,3822.51,3823.34,3822.34,3822.35,8.84965606
Kraken:ETHEUR,2021-11-16T17:13:00Z,3822.35,3825.28,3822.35,3822.35,18.85685386
Kraken:ETHEUR,2021-11-16T17:14:00Z,3823.58,3825.42,3822.35,3823.75,7.26111724
Kraken:ETHEUR,2021-11-16T17:15:00Z,3823.83,3825.74,3823.83,3824.46,7.27452922
Kraken:ETHEUR,2021-11-16T17:16:00Z,3824.12,3826.16,3824.12,3826.05,3.95080997
Kraken:ETHEUR,2021-11-16T17:17:00Z,3826.16,3826.22,3824.39,3824.4,5.0910743
Kraken:ETHEUR,2021-11-16T17:18:00Z,3824.4,3824.42,3824.39,3824.39,0.47086435
Kraken:ETHEUR,2021-11-16T17:19:00Z,3824.39,3825.64,3824.39,3824.57,0.40050522
Kraken:ETHEUR,2021-11-16T17:20:00Z,3824.4,3824.4,3821.44,3821.44,7.7600397
Kraken:ETHEUR,2021-11-16T17:21:00Z,3821.45,3821.45,3816.04,3816.51,3.89438723
Kraken:ETHEUR,2021-11-16T17:22:00Z,3816.36,3816.41,3811.15,3812.83,24.30361509
Kraken:ETHEUR,2021-11-16T17:23:00Z,3812.86,3813.55,3809.42,3813.55,133.23874323
Kraken:ETHEUR,2021-11-16T17:24:00Z,3814.13,3816.54,3813.08,3815.17,1.82524826
Kraken:ETHEUR,2021-11-16T17:25:00Z,3815.8,3816.9,3815.64,3816.0,1.7832435
Kraken:ETHEUR,2021-11-16T17:26:00Z,3814.94,3814.94,3814.14,3814.55,1.99135657
Kraken:ETHEUR,2021-11-16T17:27:00Z,3814.77,3814.87,3814.15,3814.16,2.39885072
Kraken:ETHEUR,2021-11-16T17:28:00Z,3814.16,3815.05,3814.15,3814.85,4.52300944
Kraken:ETHEUR,2021-11-16T17:29:00Z,3814.4,3814.44,3814.15,3814.21,2.63026979
Kraken:ETHEUR,2021-11-16T17:30:00Z,3815.01,3815.01,3806.19,3806.19,4.65758798
Kraken:ETHEUR,2021-11-16T17:31:00Z,3804.34,3804.34,3800.07,3802.39,2.0976887
Kraken:ETHEUR,2021-11-16T17:32:00Z,3800.08,3800.08,3791.34,3798.91,11.37681067
Kraken:ETHEUR,2021-11-16T17:33:00Z,3797.55,3802.82,3795.89,3801.67,10.45057872
Kraken:ETHEUR,2021-11-16T17:34:00Z,3801.58,3801.58,3796.73,3796.73,0.693206
Kraken:ETHEUR,2021-11-16T17:35:00Z,3796.03,3797.27,3794.8,3794.8,2.25607854
Kraken:ETHEUR,2021-11-16T17:36:00Z,3795.42,3795.73,3792.03,3795.73,10.56574887
Kraken:ETHEUR,2021-11-16T17:37:00Z,3795.74,3798.29,3795.59,3797.76,5.01326993
Kraken:ETHEUR,2021-11-16T17:38:00Z,3798.48,3799.83,3797.54,3797.88,2.81498258
Kraken:ETHEUR,2021-11-16T17:39:00Z,3798.6,3801.19,3798.07,3799.78,1.14957694
Kraken:ETHEUR,2021-11-16T17:40:00Z,3799.8,3800.67,3797.89,3798.9,16.9820267
Kraken:ETHEUR,2021-11-16T17:41:00Z,3798.93,3799.55,3796.08,3796.08,1.62366184
Kraken:ETHEUR,2021-11-16T17:42:00Z,3795.89,3798.85,3795.89,3798.85,0.09437969
Kraken:ETHEUR,2021-11-16T17:43:00Z,3798.85,3801.58,3798.85,3800.59,1.63309685
Kraken:ETHEUR,2021-11-16T17:44:00Z,3800.59,3804.85,3800.58,3802.98,12.46614248
Kraken:ETHEUR,2021-11-16T17:45:00Z,3804.64,3804.64,3801.36,3801.36,13.86786977
Kraken:ETHEUR,2021-11-16T17:46:00Z,3800.06,3801.36,3798.85,3799.44,20.08507268
Kraken:ETHEUR,2021-11-16T17:47:00Z,3799.44,3805.64,3799.43,3805.64,6.96540163
Kraken:ETHEUR,2021-11-16T17:48:00Z,3805.19,3806.84,3804.32,3805.87,5.97619618
Kraken:ETHEUR,2021-11-16T17:49:00Z,3805.87,3805.87,3805.44,3805.44,5.8789099
Kraken:ETHEUR,2021-11-16T17:50:00Z,3805.43,3805.43,3803.63,3804.43,0.69620896
Kraken:ETHEUR,2021-11-16T17:51:00Z,3803.68,3804.02,3799.18,3800.17,10.3760909
Kraken:ETHEUR,2021-11-16T17:52:00Z,3799.55,3803.8,3798.79,3803.72,4.11974452
Kraken:ETHEUR,2021-11-16T17:53:00Z,3803.8,3806.94,3803.8,3806.93,0.66085424
Kraken:ETHEUR,2021-11-16T17:54:00Z,3806.24,3809.73,3805.38,3805.38,0.94256681
Kraken:ETHEUR,2021-11-16T17:55:00Z,3806.2,3806.2,3803.83,3803.91,1.1888473
Kraken:ETHEUR,2021-11-16T17:56:00Z,3803.81,3803.81,3803.8,3803.81,1.51054213
Kraken:ETHEUR,2021-11-16T17:57:00Z,3803.81,3803.81,3799.02,3799.2,16.23924406
Kraken:ETHEUR,2021-11-16T17:58:00Z,3799.02,3799.02,3796.07,3796.47,4.59896287
Kraken:ETHEUR,2021-11-16T17:59:00Z,3796.42,3798.72,3796.02,3797.0,1.17405372
Kraken:ETHEUR,2021-11-16T18:00:00Z,3797.01,3800.7,3797.01,3799.66,11.44881795
Kraken:ETHEUR,2021-11-16T18:01:00Z,3799.7,3802.84,3799.7,3802.82,0.2187628
Kraken:ETHEUR,2021-11-16T18:02:00Z,3802.37,3803.01,3800.96,3801.84,4.35560334
Kraken:ETHEUR,2021-11-16T18:03:00Z,3802.37,3802.37,3800.95,3802.37,1.72452449
Kraken:ETHEUR,2021-11-16T18:04:00Z,3802.37,3802.37,3801.34,3802.37,3.45470369
Kraken:ETHEUR,2021-11-16T18:05:00Z,3802.36,3803.81,3802.36,3803.81,1.55121503
Kraken:ETHEUR,2021-11-16T18:06:00Z,3803.81,3803.81,3803.8,3803.81,3.19789598
Kraken:ETHEUR,2021-11-16T18:07:00Z,3803.81,3808.96,3803.81,3808.0,22.51819598
Kraken:ETHEUR,2021-11-16T18:08:00Z,3808.44,3810.9,3808.44,3810.46,2.35713482
Kraken:ETHEUR,2021-11-16T18:09:00Z,3809.72,3810.23,3809.4,3809.41,1.12788834
Kraken:ETHEUR,2021-11-16T18:10:00Z,3809.4,3809.52,3809.4,3809.52,4.60843629
Kraken:ETHEUR,2021-11-16T18:11:00Z,3809.52,3809.52,3809.51,3809.52,40.3659671
Kraken:ETHEUR,2021-11-16T18:12:00Z,3809.52,3810.32,3809.52,3809.73,2.06990748
Kraken:ETHEUR,2021-11-16T18:13:00Z,3809.73,3809.73,3809.56,3809.56,9.86954033
Kraken:ETHEUR,2021-11-16T18:14:00Z,3809.55,3809.55,3809.0,3809.24,2.0726657
Kraken:ETHEUR,2021-11-16T18:15:00Z,3809.38,3812.41,3809.38,3812.41,2.4503262
Kraken:ETHEUR,2021-11-16T18:16:00Z,3812.58,3814.85,3810.79,3810.79,10.02425932
Kraken:ETHEUR,2021-11-16T18:17:00Z,3811.95,3811.95,3809.24,3809.33,2.98006588
Kraken:ETHEUR,2021-11-16T18:18:00Z,3809.39,3810.29,3809.0,3809.01,1.68771468
Kraken:ETHEUR,2021-11-16T18:19:00Z,3809.0,3809.0,3805.6,3805.6,5.78752116
Kraken:ETHEUR,2021-11-16T18:20:00Z,3805.61,3807.08,3805.6,3806.59,3.97889632
Kraken:ETHEUR,2021-11-16T18:21:00Z,3807.5,3809.01,3807.34,3807.92,7.11277909
Kraken:ETHEUR,2021-11-16T18:22:00Z,3807.92,3807.92,3807.91,3807.92,1.54181909
Kraken:ETHEUR,2021-11-16T18:23:00Z,3807.92,3807.92,3807.91,3807.91,0.71835102
Kraken:ETHEUR,2021-11-16T18:24:00Z,3807.92,3807.92,3807.92,3807.92,0.7771444
Kraken:ETHEUR,2021-11-16T18:25:00Z,3807.91,3807.91,3805.93,3805.93,4.01654899
Kraken:ETHEUR,2021-11-16T18:26:00Z,3805.93,3805.93,3805.6,3805.6,1.90990417
Kraken:ETHEUR,2021-11-16T18:27:00Z,3802.37,3802.37,3800.01,3800.01,2.70713998
Kraken:ETHEUR,2021-11-16T18:28:00Z,3800.01,3800.01,3798.1,3798.1,3.53286414
Kraken:ETHEUR,2021-11-16T18:29:00Z,3797.0,3797.0,3795.89,3795.89,0.7448451
Kraken:ETHEUR,2021-11-16T18:30:00Z,3790.97,3793.45,3788.22,3793.45,44.17744449
Kraken:ETHEUR,2021-11-16T18:31:00Z,3794.36,3795.25,3793.55,3793.55,7.9575
Kraken:ETHEUR,2021-11-16T18:32:00Z,3793.55,3794.0,3792.58,3794.0,0.96295449
Kraken:ETHEUR,2021-11-16T18:33:00Z,3794.0,3797.79,3794.0,3795.54,2.58383169
Kraken:ETHEUR,2021-11-16T18:34:00Z,3792.58,3792.58,3785.57,3785.57,1.31166243
Kraken:ETHEUR,2021-11-16T18:35:00Z,3782.87,3789.22,3780.59,3786.81,24.68492704
Kraken:ETHEUR,2021-11-16T18:36:00Z,3787.46,3788.6,3774.83,3774.83,3.63138487
Kraken:ETHEUR,2021-11-16T18:37:00Z,3778.5,3780.0,3775.35,3778.66,4.47781365
Kraken:ETHEUR,2021-11-16T18:38:00Z,3776.05,3776.31,3770.23,3770.24,3.72420453
Kraken:ETHEUR,2021-11-16T18:39:00Z,3770.23,3770.23,3752.67,3761.15,164.48371457
Kraken:ETHEUR,2021-11-16T18:40:00Z,3761.16,3763.0,3759.36,3759.36,7.79805879
Kraken:ETHEUR,2021-11-16T18:41:00Z,3753.3,3760.18,3753.3,3755.13,3.54482833
Kraken:ETHEUR,2021-11-16T18:42:00Z,3759.28,3760.37,3756.28,3758.01,5.59336872
Kraken:ETHEUR,2021-11-16T18:43:00Z,3758.0,3758.76,3756.31,3758.73,6.13958994
Kraken:ETHEUR,2021-11-16T18:44:00Z,3759.22,3759.22,3758.43,3758.43,1.13645726
Kraken:ETHEUR,2021-11-16T18:45:00Z,3758.44,3761.07,3758.44,3760.32,2.11320859
Kraken:ETHEUR,2021-11-16T18:46:00Z,3760.01,3761.26,3750.02,3750.02,4.63897303
Kraken:ETHEUR,2021-11-16T18:47:00Z,3751.57,3751.57,3747.61,3748.71,29.04936781
Kraken:ETHEUR,2021-11-16T18:48:00Z,3751.88,3754.15,3749.98,3753.8,2.85686271
Kraken:ETHEUR,2021-11-16T18:49:00Z,3753.08,3758.83,3753.08,3757.91,7.68766283
Kraken:ETHEUR,2021-11-16T18:50:00Z,3757.91,3757.91,3752.61,3754.55,9.23076717
Kraken:ETHEUR,2021-11-16T18:51:00Z,3753.9,3757.75,3753.9,3756.88,1.9545924
Kraken:ETHEUR,2021-11-16T18:52:00Z,3757.26,3760.09,3756.23,3759.99,2.88426895
Kraken:ETHEUR,2021-11-16T18:53:00Z,3760.77,3763.25,3760.39,3763.25,6.83760772
Kraken:ETHEUR,2021-11-16T18:54:00Z,3763.04,3763.3,3762.98,3763.3,13.60245777
Kraken:ETHEUR,2021-11-16T18:55:00Z,3760.62,3765.82,3760.62,3765.49,7.54114833
Kraken:ETHEUR,2021-11-16T18:56:00Z,3765.5,3766.73,3764.36,3764.37,1.45185752
Kraken:ETHEUR,2021-11-16T18:57:00Z,3765.16,3765.16,3764.35,3764.36,1.82621413
Kraken:ETHEUR,2021-11-16T18:58:00Z,3764.35,3764.35,3759.87,3759.87,2.93674012
Kraken:ETHEUR,2021-11-16T18:59:00Z,3759.95,3759.95,3748.69,3748.69,8.93335542
Kraken:ETHEUR,2021-11-16T19:00:00Z,3747.02,3755.99,3744.21,3751.9,10.65543209
Kraken:ETHEUR,2021-11-16T19:01:00Z,3753.21,3769.09,3753.21,3765.88,72.92289888
Kraken:ETHEUR,2021-11-16T19:02:00Z,3766.61,3766.89,3766.59,3766.59,1.25998058
Kraken:ETHEUR,2021-11-16T19:03:00Z,3763.18,3764.47,3761.53,3763.3,0.17981647
Kraken:ETHEUR,2021-11-16T19:04:00Z,3762.64,3765.34,3761.87,3764.58,27.76554583
Kraken:ETHEUR,2021-11-16T19:05:00Z,3763.95,3770.02,3763.95,3769.89,16.21522997
Kraken:ETHEUR,2021-11-16T19:06:00Z,3770.15,3774.8,3769.39,3771.01,6.00628048
Kraken:ETHEUR,2021-11-16T19:07:00Z,3771.0,3773.91,3770.67,3772.98,14.55732145
Kraken:ETHEUR,2021-11-16T19:08:00Z,3772.98,3777.53,3772.98,3774.1,23.68360004
Kraken:ETHEUR,2021-11-16T19:09:00Z,3774.9,3777.59,3774.9,3777.48,1.81457371
Kraken:ETHEUR,2021-11-16T19:10:00Z,3778.35,3781.39,3778.35,3781.39,3.426403
Kraken:ETHEUR,2021-11-16T19:11:00Z,3780.0,3780.0,3775.5,3775.5,0.48476181
Kraken:ETHEUR,2021-11-16T19:12:00Z,3774.91,3776.53,3774.91,3776.53,2.67352285
Kraken:ETHEUR,2021-11-16T19:13:00Z,3776.53,3777.04,3772.3,3772.3,4.89143825
Kraken:ETHEUR,2021-11-16T19:14:00Z,3772.3,3772.31,3770.0,3770.0,4.97820468
Kraken:ETHEUR,2021-11-16T19:15:00Z,3771.0,3774.35,3768.41,3768.41,8.07353213
Kraken:ETHEUR,2021-11-16T19:16:00Z,3768.4,3768.4,3760.21,3761.15,26.22894265
Kraken:ETHEUR,2021-11-16T19:17:00Z,3763.1,3766.68,3762.41,3766.68,11.98489453
Kraken:ETHEUR,2021-11-16T19:18:00Z,3766.7,3768.21,3766.03,3768.21,1.12063668
Kraken:ETHEUR,2021-11-16T19:19:00Z,3768.41,3775.88,3768.41,3775.88,1.85936303
Kraken:ETHEUR,2021-11-16T19:20:00Z,3776.55,3776.56,3775.9,3776.56,1.85570285
Kraken:ETHEUR,2021-11-16T19:21:00Z,3776.55,3776.56,3774.63,3776.56,1.20851041
Kraken:ETHEUR,2021-11-16T19:22:00Z,3776.56,3778.67,3776.56,3777.2,1.82099556
Kraken:ETHEUR,2021-11-16T19:23:00Z,3777.19,3777.19,3774.63,3775.05,1.23593298
Kraken:ETHEUR,2021-11-16T19:24:00Z,3775.99,3779.51,3775.99,3778.76,4.57266933
Kraken:ETHEUR,2021-11-16T19:25:00Z,3778.77,3779.98,3778.33,3778.33,1.5144514
Kraken:ETHEUR,2021-11-16T19:26:00Z,3778.57,3778.57,3776.02,3777.94,3.7018759
Kraken:ETHEUR,2021-11-16T19:27:00Z,3776.93,3777.54,3775.96,3777.14,3.0029663
Kraken:ETHEUR,2021-11-16T19:28:00Z,3776.46,3776.46,3775.91,3776.07,1.58330914
Kraken:ETHEUR,2021-11-16T19:29:00Z,3777.06,3782.0,3777.06,3782.0,10.04772555
Kraken:ETHEUR,2021-11-16T19:30:00Z,3782.0,3783.95,3780.04,3780.04,0.55609836
Kraken:ETHEUR,2021-11-16T19:31:00Z,3780.04,3787.18,3777.72,3787.18,2.34533928
Kraken:ETHEUR,2021-11-16T19:32:00Z,3786.55,3795.22,3786.55,3792.13,11.11778118
Kraken:ETHEUR,2021-11-16T19:33:00Z,3794.74,3794.74,3791.06,3791.21,6.72490847
Kraken:ETHEUR,2021-11-16T19:34:00Z,3791.06,3791.07,3786.37,3787.58,2.56381129
Kraken:ETHEUR,2021-11-16T19:35:00Z,3787.17,3789.52,3787.17,3788.37,1.29707681
Kraken:ETHEUR,2021-11-16T19:36:00Z,3785.61,3786.25,3784.14,3786.25,4.21447245
Kraken:ETHEUR,2021-11-16T19:37:00Z,3784.18,3784.18,3782.94,3784.18,1.19567921
Kraken:ETHEUR,2021-11-16T19:38:00Z,3779.88,3779.88,3775.0,3775.35,3.99790771
Kraken:ETHEUR,2021-11-16T19:39:00Z,3775.01,3775.01,3765.0,3769.72,8.22054301
Kraken:ETHEUR,2021-11-16T19:40:00Z,3770.67,3770.67,3766.59,3766.59,6.53162072
Kraken:ETHEUR,2021-11-16T19:41:00Z,3766.72,3768.52,3766.71,3767.63,9.28571892
Kraken:ETHEUR,2021-11-16T19:42:00Z,3768.81,3770.75,3767.21,3769.26,8.78618207
Kraken:ETHEUR,2021-11-16T19:43:00Z,3769.57,3769.57,3769.56,3769.56,1.72109716
Kraken:ETHEUR,2021-11-16T19:44:00Z,3769.57,3770.8,3767.52,3768.27,9.08799579
Kraken:ETHEUR,2021-11-16T19:45:00Z,3768.3,3768.3,3763.91,3763.92,8.85751065
Kraken:ETHEUR,2021-11-16T19:46:00Z,3763.92,3763.96,3761.14,3761.71,2.97085138
Kraken:ETHEUR,2021-11-16T19:47:00Z,3760.64,3760.64,3755.92,3755.92,5.37781512
Kraken:ETHEUR,2021-11-16T19:48:00Z,3755.91,3757.42,3755.6,3755.6,3.87649596
Kraken:ETHEUR,2021-11-16T19:49:00Z,3755.6,3755.6,3754.57,3754.57,5.6520221
Kraken:ETHEUR,2021-11-16T19:50:00Z,3754.57,3759.5,3750.35,3753.34,23.43932831
Kraken:ETHEUR,2021-11-16T19:51:00Z,3754.99,3755.47,3753.53,3753.56,0.6258488
Kraken:ETHEUR,2021-11-16T19:52:00Z,3753.83,3753.83,3750.0,3750.12,2.64492683
Kraken:ETHEUR,2021-11-16T19:53:00Z,3750.0,3752.31,3750.0,3752.31,2.52204281
Kraken:ETHEUR,2021-11-16T19:54:00Z,3752.72,3752.72,3750.51,3750.51,4.87804301
Kraken:ETHEUR,2021-11-16T19:55:00Z,3750.5,3760.35,3750.0,3760.35,8.9327153
Kraken:ETHEUR,2021-11-16T19:56:00Z,3760.36,3764.5,3760.36,3763.37,3.72822781
Kraken:ETHEUR,2021-11-16T19:57:00Z,3763.0,3765.03,3762.42,3764.44,28.27539597
Kraken:ETHEUR,2021-11-16T19:58:00Z,3764.47,3772.63,3764.47,3772.39,12.98130991
Kraken:ETHEUR,2021-11-16T19:59:00Z,3773.0,3775.95,3771.6,3774.34,6.00346417
Kraken:ETHEUR,2021-11-16T20:00:00Z,3769.51,3769.51,3765.02,3765.9,3.81654458
Kraken:ETHEUR,2021-11-16T20:01:00Z,3765.66,3765.66,3760.0,3760.0,4.76986959
Kraken:ETHEUR,2021-11-16T20:02:00Z,3760.01,3760.01,3750.43,3751.96,1.21179212
Kraken:ETHEUR,2021-11-16T20:03:00Z,3751.65,3761.54,3751.64,3756.88,4.44206982
Kraken:ETHEUR,2021-11-16T20:04:00Z,3757.5,3761.54,3757.49,3759.58,1.87672306
Kraken:ETHEUR,2021-11-16T20:05:00Z,3761.85,3769.84,3761.78,3769.84,1.25283048
Kraken:ETHEUR,2021-11-16T20:06:00Z,3770.0,3774.35,3769.89,3772.26,12.94335228
Kraken:ETHEUR,2021-11-16T20:07:00Z,3772.26,3772.26,3770.5,3770.5,0.19174765
Kraken:ETHEUR,2021-11-16T20:08:00Z,3770.47,3770.47,3766.22,3766.22,1.51433512
Kraken:ETHEUR,2021-11-16T20:09:00Z,3765.66,3765.66,3761.96,3763.35,11.63351753
Kraken:ETHEUR,2021-11-16T20:10:00Z,3765.32,3767.6,3763.12,3763.12,5.9852741
Kraken:ETHEUR,2021-11-16T20:11:00Z,3763.05,3765.06,3761.9,3764.95,16.44494053
Kraken:ETHEUR,2021-11-16T20:12:00Z,3764.86,3764.86,3750.43,3750.43,11.12194156
Kraken:ETHEUR,2021-11-16T20:13:00Z,3754.78,3756.41,3752.29,3754.0,8.5962785
Kraken:ETHEUR,2021-11-16T20:14:00Z,3752.08,3752.08,3744.1,3748.0,43.07455097
Kraken:ETHEUR,2021-11-16T20:15:00Z,3749.99,3750.23,3746.62,3747.69,3.02894448
Kraken:ETHEUR,2021-11-16T20:16:00Z,3746.26,3747.05,3736.44,3736.44,51.32495852
Kraken:ETHEUR,2021-11-16T20:17:00Z,3736.45,3744.16,3733.01,3739.64,15.41209865
Kraken:ETHEUR,2021-11-16T20:18:00Z,3739.64,3740.18,3735.39,3738.6,23.36695196
Kraken:ETHEUR,2021-11-16T20:19:00Z,3738.38,3740.47,3737.47,3739.41,10.20094107
Kraken:ETHEUR,2021-11-16T20:20:00Z,3739.81,3746.58,3737.02,3737.02,7.68586292
Kraken:ETHEUR,2021-11-16T20:21:00Z,3738.85,3739.63,3736.01,3736.01,6.42272625
Kraken:ETHEUR,2021-11-16T20:22:00Z,3736.33,3736.33,3736.0,3736.0,0.72182904
Kraken:ETHEUR,2021-11-16T20:23:00Z,3736.01,3736.01,3732.69,3734.72,52.81665993
Kraken:ETHEUR,2021-11-16T20:24:00Z,3734.74,3735.63,3733.4,3735.17,49.91122819
Kraken:ETHEUR,2021-11-16T20:25:00Z,3734.91,3735.98,3719.91,3733.45,265.82061917
Kraken:ETHEUR,2021-11-16T20:26:00Z,3735.18,3745.59,3735.18,3741.19,30.99905983
Kraken:ETHEUR,2021-11-16T20:27:00Z,3742.61,3742.61,3727.53,3727.8,142.20629716
Kraken:ETHEUR,2021-11-16T20:28:00Z,3728.02,3729.86,3726.92,3726.92,5.4872642
Kraken:ETHEUR,2021-11-16T20:29:00Z,3726.88,3728.89,3719.42,3720.07,10.89182903
Kraken:ETHEUR,2021-11-16T20:30:00Z,3724.06,3725.42,3713.73,3717.34,30.35641903
Kraken:ETHEUR,2021-11-16T20:31:00Z,3718.37,3718.37,3714.94,3716.0,11.73779094
Kraken:ETHEUR,2021-11-16T20:32:00Z,3716.0,3718.06,3715.46,3718.04,23.16955229
Kraken:ETHEUR,2021-11-16T20:33:00Z,3717.65,3720.0,3716.78,3718.59,8.90774748
Kraken:ETHEUR,2021-11-16T20:34:00Z,3719.75,3720.0,3713.75,3716.29,214.95381242
Kraken:ETHEUR,2021-11-16T20:35:00Z,3716.1,3719.25,3713.66,3714.48,210.61688114
Kraken:ETHEUR,2021-11-16T20:36:00Z,3714.47,3715.3,3712.31,3715.3,1.89677366
Kraken:ETHEUR,2021-11-16T20:37:00Z,3714.54,3714.54,3703.51,3705.16,33.73304725
Kraken:ETHEUR,2021-11-16T20:38:00Z,3702.8,3710.5,3701.96,3706.84,21.65341765
Kraken:ETHEUR,2021-11-16T20:39:00Z,3707.2,3707.2,3699.49,3699.49,93.09002837
Kraken:ETHEUR,2021-11-16T20:40:00Z,3699.48,3700.0,3692.38,3694.62,112.46109459
Kraken:ETHEUR,2021-11-16T20:41:00Z,3697.37,3700.77,3693.43,3697.72,34.25831602
Kraken:ETHEUR,2021-11-16T20:42:00Z,3695.62,3698.14,3690.01,3690.01,15.4031394
Kraken:ETHEUR,2021-11-16T20:43:00Z,3691.12,3691.12,3683.9,3683.9,41.51089944
Kraken:ETHEUR,2021-11-16T20:44:00Z,3685.0,3693.68,3685.0,3691.55,5.22236745
Kraken:ETHEUR,2021-11-16T20:45:00Z,3689.24,3693.57,3688.94,3689.34,9.86903307
Kraken:ETHEUR,2021-11-16T20:46:00Z,3688.34,3688.34,3682.11,3685.05,19.02797283
Kraken:ETHEUR,2021-11-16T20:47:00Z,3685.05,3708.01,3685.05,3701.66,33.90521116
Kraken:ETHEUR,2021-11-16T20:48:00Z,3701.94,3702.3,3696.52,3697.92,8.75003669
Kraken:ETHEUR,2021-11-16T20:49:00Z,3695.49,3711.47,3695.49,3709.41,6.31810258
Kraken:ETHEUR,2021-11-16T20:50:00Z,3709.94,3712.01,3700.0,3700.0,8.72419254
Kraken:ETHEUR,2021-11-16T20:51:00Z,3704.14,3704.14,3696.95,3697.22,2.35573899
Kraken:ETHEUR,2021-11-16T20:52:00Z,3697.05,3697.66,3690.96,3692.58,41.55240318
Kraken:ETHEUR,2021-11-16T20:53:00Z,3691.34,3691.35,3687.66,3690.84,3.91243195
Kraken:ETHEUR,2021-11-16T20:54:00Z,3688.9,3693.85,3687.47,3687.47,85.63499114
Kraken:ETHEUR,2021-11-16T20:55:00Z,3687.47,3695.83,3687.47,3695.51,7.41091455
Kraken:ETHEUR,2021-11-16T20:56:00Z,3697.66,3703.54,3697.66,3703.0,12.69279221
Kraken:ETHEUR,2021-11-16T20:57:00Z,3703.26,3703.26,3696.89,3698.28,6.41764169
Kraken:ETHEUR,2021-11-16T20:58:00Z,3698.08,3702.74,3697.37,3702.74,5.63837608
Kraken:ETHEUR,2021-11-16T20:59:00Z,3702.74,3712.02,3702.74,3711.65,10.46154732
Kraken:ETHEUR,2021-11-16T21:00:00Z,3711.21,3720.88,3710.0,3720.88,17.24978396
Kraken:ETHEUR,2021-11-16T21:01:00Z,3719.37,3723.54,3719.37,3722.23,19.21504537
Kraken:ETHEUR,2021-11-16T21:02:00Z,3722.23,3723.43,3719.85,3722.52,23.9610916
Kraken:ETHEUR,2021-11-16T21:03:00Z,3722.4,3727.83,3722.0,3727.03,3.18602891
Kraken:ETHEUR,2021-11-16T21:04:00Z,3728.36,3739.35,3728.36,3738.22,10.90072304
Kraken:ETHEUR,2021-11-16T21:05:00Z,3736.71,3746.07,3733.91,3744.73,4.74488082
Kraken:ETHEUR,2021-11-16T21:06:00Z,3743.67,3750.14,3741.81,3748.07,31.96033965
Kraken:ETHEUR,2021-11-16T21:07:00Z,3746.86,3755.01,3745.31,3755.01,9.1035093
Kraken:ETHEUR,2021-11-16T21:08:00Z,3755.01,3761.63,3755.01,3761.63,10.01693141
Kraken:ETHEUR,2021-11-16T21:09:00Z,3761.61,3762.55,3755.06,3762.55,31.56223523
Kraken:ETHEUR,2021-11-16T21:10:00Z,3761.19,3762.08,3753.6,3754.76,16.60734633
Kraken:ETHEUR,2021-11-16T21:11:00Z,3756.2,3763.2,3756.2,3763.17,3.15923755
Kraken:ETHEUR,2021-11-16T21:12:00Z,3761.0,3766.31,3761.0,3764.95,3.39021254
Kraken:ETHEUR,2021-11-16T21:13:00Z,3765.21,3765.21,3758.21,3763.36,5.19999964
Kraken:ETHEUR,2021-11-16T21:14:00Z,3761.98,3762.51,3758.36,3758.56,3.22888651
Kraken:ETHEUR,2021-11-16T21:15:00Z,3760.24,3770.0,3760.24,3770.0,11.19660976
Kraken:ETHEUR,2021-11-16T21:16:00Z,3770.0,3779.58,3770.0,3779.58,8.07240703
Kraken:ETHEUR,2021-11-16T21:17:00Z,3778.79,3779.84,3772.39,3772.8,8.83254112
Kraken:ETHEUR,2021-11-16T21:18:00Z,3773.01,3773.01,3767.1,3767.1,28.30116624
Kraken:ETHEUR,2021-11-16T21:19:00Z,3767.1,3773.85,3766.58,3766.58,8.08821294
Kraken:ETHEUR,2021-11-16T21:20:00Z,3765.89,3768.82,3760.75,3768.82,6.23430919
Kraken:ETHEUR,2021-11-16T21:21:00Z,3766.99,3769.88,3766.99,3769.33,2.54646588
Kraken:ETHEUR,2021-11-16T21:22:00Z,3768.88,3770.0,3768.32,3770.0,11.77315926
Kraken:ETHEUR,2021-11-16T21:23:00Z,3770.0,3770.0,3768.48,3769.35,13.42127659
Kraken:ETHEUR,2021-11-16T21:24:00Z,3770.0,3770.0,3765.93,3769.89,2.28912021
Kraken:ETHEUR,2021-11-16T21:25:00Z,3769.67,3770.0,3765.25,3765.25,5.35043721
Kraken:ETHEUR,2021-11-16T21:26:00Z,3765.0,3765.0,3761.06,3762.81,0.70920757
Kraken:ETHEUR,2021-11-16T21:27:00Z,3762.97,3762.97,3759.99,3760.0,5.93418065
Kraken:ETHEUR,2021-11-16T21:28:00Z,3760.0,3760.0,3750.41,3757.24,16.0300247
Kraken:ETHEUR,2021-11-16T21:29:00Z,3755.58,3759.99,3755.58,3756.4,1.53421584
Kraken:ETHEUR,2021-11-16T21:30:00Z,3755.58,3756.71,3751.02,3751.98,6.6436451
Kraken:ETHEUR,2021-11-16T21:31:00Z,3753.87,3763.01,3753.87,3761.99,2.0746477
Kraken:ETHEUR,2021-11-16T21:32:00Z,3760.45,3763.86,3760.0,3763.86,23.02167837
Kraken:ETHEUR,2021-11-16T21:33:00Z,3765.0,3765.32,3761.97,3762.89,0.85317792
Kraken:ETHEUR,2021-11-16T21:34:00Z,3763.55,3765.01,3763.55,3764.18,2.11291723
Kraken:ETHEUR,2021-11-16T21:35:00Z,3764.16,3764.16,3759.99,3764.15,5.99998056
Kraken:ETHEUR,2021-11-16T21:36:00Z,3764.71,3764.83,3763.63,3764.61,1.0002383
Kraken:ETHEUR,2021-11-16T21:37:00Z,3761.46,3764.7,3761.46,3763.61,4.24618059
Kraken:ETHEUR,2021-11-16T21:38:00Z,3764.48,3764.58,3764.1,3764.1,20.71308433
Kraken:ETHEUR,2021-11-16T21:39:00Z,3764.99,3766.89,3764.99,3766.88,1.77852359
Kraken:ETHEUR,2021-11-16T21:40:00Z,3766.88,3766.89,3764.98,3765.95,32.41934346
Kraken:ETHEUR,2021-11-16T21:41:00Z,3767.25,3768.01,3765.84,3767.09,1.08593271
Kraken:ETHEUR,2021-11-16T21:42:00Z,3769.0,3775.27,3769.0,3773.88,28.21942847
Kraken:ETHEUR,2021-11-16T21:43:00Z,3773.06,3773.06,3769.01,3769.01,2.06730734
Kraken:ETHEUR,2021-11-16T21:44:00Z,3768.14,3771.97,3765.72,3765.72,4.83134269
Kraken:ETHEUR,2021-11-16T21:45:00Z,3765.01,3765.01,3760.0,3760.01,0.57502399
Kraken:ETHEUR,2021-11-16T21:46:00Z,3760.01,3762.56,3760.0,3760.0,12.131223
Kraken:ETHEUR,2021-11-16T21:47:00Z,3759.99,3760.0,3756.87,3757.51,3.02194325
Kraken:ETHEUR,2021-11-16T21:48:00Z,3758.06,3758.67,3757.37,3758.0,3.24948732
Kraken:ETHEUR,2021-11-16T21:49:00Z,3757.41,3757.56,3753.08,3754.28,11.37687886
Kraken:ETHEUR,2021-11-16T21:50:00Z,3757.53,3757.54,3756.08,3757.53,1.43606278
Kraken:ETHEUR,2021-11-16T21:51:00Z,3757.54,3759.79,3757.54,3759.79,1.92660623
Kraken:ETHEUR,2021-11-16T21:52:00Z,3760.04,3763.13,3760.04,3763.05,2.30795388
Kraken:ETHEUR,2021-11-16T21:53:00Z,3763.41,3763.41,3763.23,3763.23,0.16678376
Kraken:ETHEUR,2021-11-16T21:54:00Z,3763.4,3763.4,3760.37,3760.84,13.11491205
Kraken:ETHEUR,2021-11-16T21:55:00Z,3760.82,3761.06,3759.47,3761.06,2.98046995
Kraken:ETHEUR,2021-11-16T21:56:00Z,3761.09,3761.09,3761.09,3761.09,1.96979452
Kraken:ETHEUR,2021-11-16T21:57:00Z,3761.09,3764.57,3761.09,3764.56,11.56772205
Kraken:ETHEUR,2021-11-16T21:58:00Z,3764.55,3765.76,3761.09,3765.76,1.71158809
Kraken:ETHEUR,2021-11-16T21:59:00Z,3764.97,3764.97,3762.72,3763.71,0.22905021
Kraken:ETHEUR,2021-11-16T22:00:00Z,3764.15,3765.18,3764.1,3764.1,0.75748361
Kraken:ETHEUR,2021-11-16T22:01:00Z,3764.1,3767.58,3764.1,3766.58,0.51314512
Kraken:ETHEUR,2021-11-16T22:02:00Z,3767.36,3767.8,3765.98,3767.8,9.48827876
Kraken:ETHEUR,2021-11-16T22:03:00Z,3768.24,3773.98,3768.24,3773.98,3.21972253
Kraken:ETHEUR,2021-11-16T22:04:00Z,3777.06,3779.87,3777.06,3779.87,2.51388727
Kraken:ETHEUR,2021-11-16T22:05:00Z,3779.86,3783.02,3779.86,3779.99,24.82331372
Kraken:ETHEUR,2021-11-16T22:06:00Z,3780.78,3784.38,3780.78,3783.7,1.45942316
Kraken:ETHEUR,2021-11-16T22:07:00Z,3782.46,3784.22,3782.45,3782.79,2.09209728
Kraken:ETHEUR,2021-11-16T22:08:00Z,3782.45,3782.45,3779.86,3779.86,3.53086926
Kraken:ETHEUR,2021-11-16T22:09:00Z,3776.43,3776.81,3773.02,3774.57,0.6238936
Kraken:ETHEUR,2021-11-16T22:10:00Z,3774.57,3779.9,3774.57,3779.05,1.94710224
Kraken:ETHEUR,2021-11-16T22:11:00Z,3779.91,3781.13,3779.91,3780.62,0.56033776
Kraken:ETHEUR,2021-11-16T22:12:00Z,3779.83,3782.75,3779.77,3781.32,1.25263744
Kraken:ETHEUR,2021-11-16T22:13:00Z,3783.29,3785.0,3781.58,3785.0,21.78696194
Kraken:ETHEUR,2021-11-16T22:14:00Z,3785.21,3789.37,3785.21,3786.24,0.67672308
Kraken:ETHEUR,2021-11-16T22:15:00Z,3787.03,3787.36,3782.01,3782.01,2.29898664
Kraken:ETHEUR,2021-11-16T22:16:00Z,3781.84,3783.52,3781.83,3783.4,0.9384165
Kraken:ETHEUR,2021-11-16T22:17:00Z,3782.88,3783.0,3782.14,3783.0,0.96670136
Kraken:ETHEUR,2021-11-16T22:18:00Z,3782.11,3782.12,3782.11,3782.12,1.78445643
Kraken:ETHEUR,2021-11-16T22:19:00Z,3782.11,3782.11,3774.75,3775.29,17.42331964
Kraken:ETHEUR,2021-11-16T22:20:00Z,3774.76,3776.9,3774.76,3776.65,0.64694772
Kraken:ETHEUR,2021-11-16T22:21:00Z,3776.66,3780.13,3776.66,3779.73,11.18536855
Kraken:ETHEUR,2021-11-16T22:22:00Z,3779.58,3779.8,3779.58,3779.8,2.1203079
Kraken:ETHEUR,2021-11-16T22:23:00Z,3778.77,3778.77,3774.57,3774.57,1.64707472
Kraken:ETHEUR,2021-11-16T22:24:00Z,3774.58,3779.34,3774.58,3779.34,0.07920497
Kraken:ETHEUR,2021-11-16T22:25:00Z,3778.31,3778.32,3778.31,3778.31,2.86882906
Kraken:ETHEUR,2021-11-16T22:26:00Z,3778.32,3779.73,3778.32,3779.73,5.202178
Kraken:ETHEUR,2021-11-16T22:27:00Z,3780.86,3783.41,3779.84,3783.41,18.67907872
Kraken:ETHEUR,2021-11-16T22:28:00Z,3783.41,3789.82,3783.41,3789.14,1.38349089
Kraken:ETHEUR,2021-11-16T22:29:00Z,3789.08,3789.93,3788.01,3788.01,2.79446785
Kraken:ETHEUR,2021-11-16T22:30:00Z,3788.01,3791.1,3788.01,3791.1,3.43742028
Kraken:ETHEUR,2021-11-16T22:31:00Z,3791.21,3794.09,3791.21,3794.03,1.26534794
Kraken:ETHEUR,2021-11-16T22:32:00Z,3794.1,3799.22,3794.1,3799.22,2.3906265
Kraken:ETHEUR,2021-11-16T22:33:00Z,3799.33,3801.02,3799.33,3801.02,15.79326311
Kraken:ETHEUR,2021-11-16T22:34:00Z,3801.22,3801.25,3801.21,3801.22,11.36237241
Kraken:ETHEUR,2021-11-16T22:35:00Z,3801.21,3801.22,3795.81,3796.24,35.44380457
Kraken:ETHEUR,2021-11-16T22:36:00Z,3796.96,3796.96,3795.21,3795.21,1.73648024
Kraken:ETHEUR,2021-11-16T22:37:00Z,3792.62,3794.25,3792.61,3793.69,0.6375402
Kraken:ETHEUR,2021-11-16T22:38:00Z,3792.57,3792.71,3790.0,3790.0,2.107381
Kraken:ETHEUR,2021-11-16T22:39:00Z,3791.34,3791.34,3789.61,3790.85,1.42397321
Kraken:ETHEUR,2021-11-16T22:40:00Z,3789.9,3789.91,3789.61,3789.61,3.09693339
Kraken:ETHEUR,2021-11-16T22:41:00Z,3789.61,3789.61,3783.81,3785.04,14.69600128
Kraken:ETHEUR,2021-11-16T22:42:00Z,3784.81,3784.81,3783.65,3783.92,0.66593424
Kraken:ETHEUR,2021-11-16T22:43:00Z,3786.35,3786.35,3785.13,3785.54,0.73829657
Kraken:ETHEUR,2021-11-16T22:44:00Z,3783.69,3784.0,3783.0,3784.0,1.82960058
Kraken:ETHEUR,2021-11-16T22:45:00Z,3784.06,3784.06,3782.02,3782.97,3.25363358
Kraken:ETHEUR,2021-11-16T22:46:00Z,3783.0,3783.49,3783.0,3783.49,0.62443069
Kraken:ETHEUR,2021-11-16T22:47:00Z,3783.49,3783.49,3782.07,3782.23,1.19876329
Kraken:ETHEUR,2021-11-16T22:48:00Z,3781.84,3781.84,3780.01,3780.01,3.69952387
Kraken:ETHEUR,2021-11-16T22:49:00Z,3780.0,3780.0,3777.36,3777.36,1.62497331
Kraken:ETHEUR,2021-11-16T22:50:00Z,3778.0,3778.0,3778.0,3778.0,0.2038
Kraken:ETHEUR,2021-11-16T22:51:00Z,3777.99,3778.0,3777.14,3777.14,2.8703845
Kraken:ETHEUR,2021-11-16T22:52:00Z,3775.53,3776.28,3775.53,3776.27,1.62656948
Kraken:ETHEUR,2021-11-16T22:53:00Z,3776.28,3776.28,3775.0,3775.01,2.63157323
Kraken:ETHEUR,2021-11-16T22:54:00Z,3775.01,3775.01,3774.58,3774.58,5.30057454
Kraken:ETHEUR,2021-11-16T22:55:00Z,3774.58,3775.01,3773.0,3773.38,4.88675365
Kraken:ETHEUR,2021-11-16T22:56:00Z,3773.31,3773.54,3770.48,3770.48,1.72316546
Kraken:ETHEUR,2021-11-16T22:57:00Z,3770.68,3770.82,3770.47,3770.47,0.71586028
Kraken:ETHEUR,2021-11-16T22:58:00Z,3768.17,3768.17,3766.8,3768.01,3.47334217
Kraken:ETHEUR,2021-11-16T22:59:00Z,3766.81,3767.74,3766.81,3767.74,1.43619707
Kraken:ETHEUR,2021-11-16T23:00:00Z,3767.8,3773.45,3767.41,3771.76,95.40569821
Kraken:ETHEUR,2021-11-16T23:01:00Z,3768.44,3772.4,3768.44,3770.82,3.24559656
Kraken:ETHEUR,2021-11-16T23:02:00Z,3771.93,3771.93,3769.94,3770.04,0.5231716
Kraken:ETHEUR,2021-11-16T23:03:00Z,3770.6,3771.17,3769.82,3770.5,0.74695874
Kraken:ETHEUR,2021-11-16T23:04:00Z,3769.97,3769.97,3762.95,3763.84,3.64921686
Kraken:ETHEUR,2021-11-16T23:05:00Z,3763.24,3763.24,3762.45,3762.45,1.71354053
Kraken:ETHEUR,2021-11-16T23:06:00Z,3762.0,3762.0,3759.35,3760.0,4.52937323
Kraken:ETHEUR,2021-11-16T23:07:00Z,3760.0,3767.39,3760.0,3766.17,1.98439548
Kraken:ETHEUR,2021-11-16T23:08:00Z,3765.46,3766.76,3763.65,3764.84,10.34314931
Kraken:ETHEUR,2021-11-16T23:10:00Z,3765.12,3765.12,3763.58,3764.5,2.28644147
Kraken:ETHEUR,2021-11-16T23:11:00Z,3764.63,3766.25,3764.63,3765.97,1.71962123
Kraken:ETHEUR,2021-11-16T23:12:00Z,3765.39,3766.23,3764.64,3764.64,3.69847955
Kraken:ETHEUR,2021-11-16T23:13:00Z,3761.64,3761.64,3759.99,3759.99,0.1548569
Kraken:ETHEUR,2021-11-16T23:14:00Z,3758.82,3758.82,3756.57,3756.58,1.55514676
Kraken:ETHEUR,2021-11-16T23:15:00Z,3756.66,3757.73,3756.58,3756.89,0.22994745
Kraken:ETHEUR,2021-11-16T23:16:00Z,3756.58,3756.58,3756.58,3756.58,0.69697174
Kraken:ETHEUR,2021-11-16T23:17:00Z,3757.01,3757.01,3757.0,3757.01,1.30550487
Kraken:ETHEUR,2021-11-16T23:18:00Z,3757.0,3757.0,3755.0,3755.0,2.10818153
Kraken:ETHEUR,2021-11-16T23:19:00Z,3755.01,3755.01,3754.99,3754.99,3.02531007
Kraken:ETHEUR,2021-11-16T23:20:00Z,3752.86,3752.86,3751.68,3751.68,2.75242437
Kraken:ETHEUR,2021-11-16T23:21:00Z,3751.67,3752.0,3751.58,3752.0,0.50333831
Kraken:ETHEUR,2021-11-16T23:22:00Z,3752.0,3752.0,3752.0,3752.0,0.1572567
Kraken:ETHEUR,2021-11-16T23:23:00Z,3751.99,3752.0,3751.99,3752.0,4.08320919
Kraken:ETHEUR,2021-11-16T23:24:00Z,3753.33,3754.98,3753.33,3754.98,0.08279409
Kraken:ETHEUR,2021-11-16T23:25:00Z,3755.12,3755.63,3755.12,3755.63,0.16354668
Kraken:ETHEUR,2021-11-16T23:26:00Z,3755.63,3755.63,3755.62,3755.63,20.07017804
Kraken:ETHEUR,2021-11-16T23:27:00Z,3755.63,3755.63,3754.01,3754.01,0.41635089
Kraken:ETHEUR,2021-11-16T23:28:00Z,3754.01,3754.01,3753.12,3753.12,6.49668749
Kraken:ETHEUR,2021-11-16T23:29:00Z,3753.87,3754.01,3752.03,3752.03,47.17056736
Kraken:ETHEUR,2021-11-16T23:30:00Z,3753.98,3758.18,3753.98,3755.05,9.69545481
Kraken:ETHEUR,2021-11-16T23:31:00Z,3754.09,3754.09,3745.28,3745.28,16.5866777
Kraken:ETHEUR,2021-11-16T23:32:00Z,3747.0,3752.22,3747.0,3752.22,1.46118028
Kraken:ETHEUR,2021-11-16T23:33:00Z,3752.52,3752.52,3750.29,3750.29,1.23576539
Kraken:ETHEUR,2021-11-16T23:34:00Z,3751.24,3751.24,3751.2,3751.21,0.40126661
Kraken:ETHEUR,2021-11-16T23:35:00Z,3750.68,3755.05,3750.64,3754.2,13.90779109
Kraken:ETHEUR,2021-11-16T23:36:00Z,3754.71,3754.71,3752.75,3752.75,0.18411575
Kraken:ETHEUR,2021-11-16T23:37:00Z,3754.88,3754.88,3754.88,3754.88,0.26435024
Kraken:ETHEUR,2021-11-16T23:38:00Z,3754.74,3755.82,3754.68,3754.7,18.10560675
Kraken:ETHEUR,2021-11-16T23:39:00Z,3754.68,3754.68,3748.0,3748.0,3.65366128
Kraken:ETHEUR,2021-11-16T23:40:00Z,3745.81,3745.81,3744.21,3744.21,0.34658172
Kraken:ETHEUR,2021-11-16T23:41:00Z,3744.21,3749.28,3744.21,3749.28,10.06155723
Kraken:ETHEUR,2021-11-16T23:42:00Z,3749.35,3750.68,3749.28,3749.28,2.05683531
Kraken:ETHEUR,2021-11-16T23:43:00Z,3750.92,3752.4,3750.47,3750.57,1.94434074
Kraken:ETHEUR,2021-11-16T23:44:00Z,3751.33,3751.79,3750.47,3750.47,0.23432425
Kraken:ETHEUR,2021-11-16T23:45:00Z,3750.48,3750.48,3750.0,3750.0,0.88178421
Kraken:ETHEUR,2021-11-16T23:46:00Z,3748.72,3749.55,3746.82,3748.03,3.29710711
Kraken:ETHEUR,2021-11-16T23:47:00Z,3748.08,3749.07,3746.78,3749.07,0.06266635
Kraken:ETHEUR,2021-11-16T23:48:00Z,3745.85,3745.85,3742.0,3742.0,1.20133607
Kraken:ETHEUR,2021-11-16T23:49:00Z,3742.0,3742.0,3735.67,3738.21,6.22709664
Kraken:ETHEUR,2021-11-16T23:50:00Z,3736.1,3736.1,3727.99,3734.84,27.1387027
Kraken:ETHEUR,2021-11-16T23:51:00Z,3734.99,3734.99,3734.38,3734.38,0.25653134
Kraken:ETHEUR,2021-11-16T23:52:00Z,3735.18,3735.18,3729.61,3730.01,3.04738859
Kraken:ETHEUR,2021-11-16T23:53:00Z,3732.66,3732.66,3731.59,3731.59,0.30810584
Kraken:ETHEUR,2021-11-16T23:54:00Z,3732.11,3733.79,3732.11,3733.6,1.2152847
Kraken:ETHEUR,2021-11-16T23:55:00Z,3733.95,3735.14,3733.95,3735.13,0.71928891
Kraken:ETHEUR,2021-11-16T23:56:00Z,3733.19,3733.19,3732.73,3732.73,6.69093594
Kraken:ETHEUR,2021-11-16T23:57:00Z,3732.72,3732.72,3727.97,3727.97,0.85683484
Kraken:ETHEUR,2021-11-16T23:58:00Z,3726.03,3726.03,3725.0,3725.0,0.69498144
Kraken:ETHEUR,2021-11-16T23:59:00Z,3724.44,3724.6,3724.43,3724.49,4.57047915
