Kraken:EURUSD,2024-06-10T00:00:00Z,1.07767,1.07779,1.07762,1.07779,17663.14604208
Kraken:EURUSD,2024-06-10T00:01:00Z,1.0778,1.0778,1.0778,1.0778,62.20773
Kraken:EURUSD,2024-06-10T00:02:00Z,1.0778,1.0778,1.0778,1.0778,91.8244836
Kraken:EURUSD,2024-06-10T00:03:00Z,1.07782,1.07782,1.0778,1.07782,89.02024084
Kraken:EURUSD,2024-06-10T00:04:00Z,1.07782,1.07845,1.07782,1.07791,14284.22374755
Kraken:EURUSD,2024-06-10T00:05:00Z,1.07798,1.07799,1.07785,1.0779,4197.97240783
Kraken:EURUSD,2024-06-10T00:06:00Z,1.0779,1.07795,1.07788,1.07791,2158.92970316
Kraken:EURUSD,2024-06-10T00:07:00Z,1.07788,1.07789,1.07787,1.07787,204.90097937
Kraken:EURUSD,2024-06-10T00:08:00Z,1.07798,1.07799,1.0779,1.0779,3247.04
Kraken:EURUSD,2024-06-10T00:10:00Z,1.07781,1.07785,1.07778,1.07779,5069.28748154
Kraken:EURUSD,2024-06-10T00:11:00Z,1.07779,1.0778,1.07779,1.0778,904.25853985
Kraken:EURUSD,2024-06-10T00:12:00Z,1.07779,1.0778,1.07779,1.07779,2156.940044
Kraken:EURUSD,2024-06-10T00:13:00Z,1.0778,1.0778,1.07779,1.07779,191.94952464
Kraken:EURUSD,2024-06-10T00:14:00Z,1.07777,1.07777,1.07776,1.07776,503.37831282
Kraken:EURUSD,2024-06-10T00:15:00Z,1.07777,1.07779,1.07776,1.07779,1609.61559783
Kraken:EURUSD,2024-06-10T00:16:00Z,1.07776,1.07779,1.07776,1.07779,573.26939612
Kraken:EURUSD,2024-06-10T00:17:00Z,1.07771,1.07771,1.07763,1.07765,1874.53653963
Kraken:EURUSD,2024-06-10T00:18:00Z,1.07757,1.07763,1.07752,1.07752,5533.33191161
Kraken:EURUSD,2024-06-10T00:19:00Z,1.07747,1.07752,1.07747,1.07751,933.46269422
Kraken:EURUSD,2024-06-10T00:20:00Z,1.07755,1.07767,1.07755,1.07756,2599.74263012
Kraken:EURUSD,2024-06-10T00:21:00Z,1.07754,1.07754,1.07751,1.07751,970.00000116
Kraken:EURUSD,2024-06-10T00:22:00Z,1.07756,1.07756,1.0773,1.07755,7375.88045572
Kraken:EURUSD,2024-06-10T00:23:00Z,1.07737,1.07743,1.07732,1.07732,3082.08546977
Kraken:EURUSD,2024-06-10T00:24:00Z,1.07725,1.0774,1.07716,1.07733,3972.25349167
Kraken:EURUSD,2024-06-10T00:25:00Z,1.07731,1.07733,1.07728,1.07728,1876.49739302
Kraken:EURUSD,2024-06-10T00:26:00Z,1.07729,1.07729,1.07712,1.07721,12649.28383632
Kraken:EURUSD,2024-06-10T00:27:00Z,1.0772,1.07721,1.07716,1.07718,7512.71922196
Kraken:EURUSD,2024-06-10T00:28:00Z,1.07716,1.07716,1.07702,1.07711,537.92068602
Kraken:EURUSD,2024-06-10T00:29:00Z,1.07709,1.07715,1.07709,1.07711,492.64630955
Kraken:EURUSD,2024-06-10T00:30:00Z,1.07713,1.07721,1.07713,1.07721,1402.05097348
Kraken:EURUSD,2024-06-10T00:31:00Z,1.07721,1.07721,1.07721,1.07721,61.9245135
Kraken:EURUSD,2024-06-10T00:32:00Z,1.07721,1.0773,1.07698,1.07729,14298.49184677
Kraken:EURUSD,2024-06-10T00:33:00Z,1.07718,1.07734,1.07718,1.07732,12055.89905433
Kraken:EURUSD,2024-06-10T00:34:00Z,1.0773,1.07735,1.07711,1.07735,14627.63773384
Kraken:EURUSD,2024-06-10T00:35:00Z,1.07732,1.07732,1.07732,1.07732,13443.92264324
Kraken:EURUSD,2024-06-10T00:36:00Z,1.07713,1.07726,1.07713,1.07721,13732.72173832
Kraken:EURUSD,2024-06-10T00:37:00Z,1.07722,1.07722,1.07722,1.07722,109.96016069
Kraken:EURUSD,2024-06-10T00:38:00Z,1.07722,1.07725,1.07722,1.07722,567.75443119
Kraken:EURUSD,2024-06-10T00:39:00Z,1.07722,1.07722,1.07721,1.07721,61.00065979
Kraken:EURUSD,2024-06-10T00:42:00Z,1.0773,1.07742,1.07723,1.07726,698.38450117
Kraken:EURUSD,2024-06-10T00:43:00Z,1.07722,1.07726,1.07722,1.07725,855.2375362
Kraken:EURUSD,2024-06-10T00:44:00Z,1.07723,1.07733,1.07723,1.0773,2268.32391999
Kraken:EURUSD,2024-06-10T00:45:00Z,1.07731,1.07737,1.0773,1.07731,527.55736712
Kraken:EURUSD,2024-06-10T00:46:00Z,1.07731,1.07733,1.07731,1.07733,3608.91455581
Kraken:EURUSD,2024-06-10T00:47:00Z,1.07732,1.07735,1.07732,1.07735,379.95
Kraken:EURUSD,2024-06-10T00:48:00Z,1.07723,1.07732,1.07723,1.07726,875.55923642
Kraken:EURUSD,2024-06-10T00:49:00Z,1.07729,1.07734,1.07729,1.07732,2037.99149533
Kraken:EURUSD,2024-06-10T00:50:00Z,1.07729,1.07735,1.07729,1.07735,450.01442029
Kraken:EURUSD,2024-06-10T00:51:00Z,1.07731,1.07753,1.07731,1.07744,1540.78402895
Kraken:EURUSD,2024-06-10T00:52:00Z,1.07736,1.07737,1.07736,1.07737,659.01960855
Kraken:EURUSD,2024-06-10T00:53:00Z,1.0773,1.07749,1.0773,1.07749,20951.7394686
Kraken:EURUSD,2024-06-10T00:54:00Z,1.07737,1.07737,1.07737,1.07737,16.06898869
Kraken:EURUSD,2024-06-10T00:55:00Z,1.07736,1.07753,1.07736,1.07737,278.3639129
Kraken:EURUSD,2024-06-10T00:56:00Z,1.07733,1.07734,1.07733,1.07734,243.65086216
Kraken:EURUSD,2024-06-10T00:57:00Z,1.07734,1.07736,1.07734,1.07736,25.1122126
Kraken:EURUSD,2024-06-10T00:58:00Z,1.07736,1.07745,1.07736,1.07744,614.7246303
Kraken:EURUSD,2024-06-10T00:59:00Z,1.07736,1.07736,1.07736,1.07736,36.895068
Kraken:EURUSD,2024-06-10T01:00:00Z,1.07735,1.07741,1.07735,1.07738,1051.90894852
Kraken:EURUSD,2024-06-10T01:01:00Z,1.07741,1.07752,1.07741,1.07752,91.64938047
Kraken:EURUSD,2024-06-10T01:02:00Z,1.07748,1.0775,1.0774,1.0774,1708.48810622
Kraken:EURUSD,2024-06-10T01:03:00Z,1.0774,1.07741,1.0774,1.07741,928.16048152
Kraken:EURUSD,2024-06-10T01:04:00Z,1.07743,1.07743,1.07741,1.07741,799.62203731
Kraken:EURUSD,2024-06-10T01:05:00Z,1.07742,1.07742,1.07739,1.07739,2275.14845467
Kraken:EURUSD,2024-06-10T01:06:00Z,1.0774,1.0774,1.0774,1.0774,75.33562278
Kraken:EURUSD,2024-06-10T01:07:00Z,1.07741,1.07747,1.07739,1.07742,7354.85206874
Kraken:EURUSD,2024-06-10T01:08:00Z,1.07742,1.07742,1.0774,1.0774,619.37535866
Kraken:EURUSD,2024-06-10T01:10:00Z,1.0774,1.0774,1.0774,1.0774,268.66167257
Kraken:EURUSD,2024-06-10T01:11:00Z,1.0774,1.0774,1.0774,1.0774,1394.00418329
Kraken:EURUSD,2024-06-10T01:14:00Z,1.07744,1.07746,1.07744,1.07746,146.14616468
Kraken:EURUSD,2024-06-10T01:15:00Z,1.07741,1.07742,1.07741,1.07742,66.1167647
Kraken:EURUSD,2024-06-10T01:17:00Z,1.07743,1.07743,1.07743,1.07743,148.9508001
Kraken:EURUSD,2024-06-10T01:18:00Z,1.07742,1.07743,1.07742,1.07742,394.95179338
Kraken:EURUSD,2024-06-10T01:19:00Z,1.07743,1.07751,1.07743,1.07751,3404.42837431
Kraken:EURUSD,2024-06-10T01:20:00Z,1.07751,1.07751,1.0774,1.0774,3649.24890326
Kraken:EURUSD,2024-06-10T01:22:00Z,1.0774,1.07743,1.0774,1.07743,938.81125888
Kraken:EURUSD,2024-06-10T01:23:00Z,1.07742,1.07744,1.07741,1.07741,1407.30728424
Kraken:EURUSD,2024-06-10T01:24:00Z,1.07741,1.07741,1.0773,1.0773,9593.89758843
Kraken:EURUSD,2024-06-10T01:25:00Z,1.0773,1.0773,1.0771,1.07717,11893.17198879
Kraken:EURUSD,2024-06-10T01:26:00Z,1.07713,1.07713,1.07696,1.07696,643.13821395
Kraken:EURUSD,2024-06-10T01:27:00Z,1.07702,1.07702,1.07702,1.07702,464.24651813
Kraken:EURUSD,2024-06-10T01:28:00Z,1.07697,1.07703,1.07697,1.07703,1392.76197152
Kraken:EURUSD,2024-06-10T01:29:00Z,1.07703,1.07703,1.07701,1.07701,2785.05850029
Kraken:EURUSD,2024-06-10T01:30:00Z,1.07701,1.07702,1.07701,1.07702,1856.68519151
Kraken:EURUSD,2024-06-10T01:31:00Z,1.077,1.07708,1.077,1.07708,1762.67086168
Kraken:EURUSD,2024-06-10T01:32:00Z,1.07714,1.07719,1.07707,1.07707,799.11264262
Kraken:EURUSD,2024-06-10T01:33:00Z,1.07717,1.07717,1.07708,1.07708,790.69851649
Kraken:EURUSD,2024-06-10T01:34:00Z,1.07718,1.07723,1.07712,1.07712,2249.36213899
Kraken:EURUSD,2024-06-10T01:35:00Z,1.07723,1.07723,1.07722,1.07722,437.31808566
Kraken:EURUSD,2024-06-10T01:36:00Z,1.07723,1.07725,1.07723,1.07725,152.667876
Kraken:EURUSD,2024-06-10T01:37:00Z,1.07725,1.07725,1.07725,1.07725,10.2429468
Kraken:EURUSD,2024-06-10T01:38:00Z,1.07725,1.07725,1.07713,1.07713,6729.2197612
Kraken:EURUSD,2024-06-10T01:39:00Z,1.07714,1.07719,1.07713,1.07719,1312.52023399
Kraken:EURUSD,2024-06-10T01:42:00Z,1.07731,1.07737,1.07731,1.07737,3E+3
Kraken:EURUSD,2024-06-10T01:43:00Z,1.07722,1.07722,1.07722,1.07722,12.94795863
Kraken:EURUSD,2024-06-10T01:44:00Z,1.07722,1.07722,1.07721,1.07721,1016.28460039
Kraken:EURUSD,2024-06-10T01:47:00Z,1.07721,1.07721,1.07721,1.07721,15.609375
Kraken:EURUSD,2024-06-10T01:48:00Z,1.07722,1.07723,1.07721,1.07721,3661.11880746
Kraken:EURUSD,2024-06-10T01:49:00Z,1.07713,1.07722,1.07713,1.07722,920.64122504
Kraken:EURUSD,2024-06-10T01:50:00Z,1.07723,1.07723,1.07721,1.07721,490.69046643
Kraken:EURUSD,2024-06-10T01:54:00Z,1.07721,1.07721,1.07721,1.07721,9.9989
Kraken:EURUSD,2024-06-10T01:55:00Z,1.07722,1.07722,1.07722,1.07722,167.37063923
Kraken:EURUSD,2024-06-10T01:56:00Z,1.07722,1.07722,1.07722,1.07722,277.61979886
Kraken:EURUSD,2024-06-10T01:57:00Z,1.07722,1.07734,1.07722,1.07732,316.76716349
Kraken:EURUSD,2024-06-10T01:58:00Z,1.07733,1.07733,1.0772,1.07733,20915.29953611
Kraken:EURUSD,2024-06-10T01:59:00Z,1.07729,1.07735,1.07721,1.07721,17883.99610327
Kraken:EURUSD,2024-06-10T02:00:00Z,1.07723,1.07728,1.07722,1.07728,811.31562696
Kraken:EURUSD,2024-06-10T02:01:00Z,1.07726,1.07727,1.07726,1.07727,25.09724801
Kraken:EURUSD,2024-06-10T02:02:00Z,1.07726,1.07726,1.07715,1.07715,6305.20587592
Kraken:EURUSD,2024-06-10T02:03:00Z,1.07713,1.07713,1.07713,1.07713,945.0591835
Kraken:EURUSD,2024-06-10T02:04:00Z,1.07713,1.07713,1.07713,1.07713,1617.55010487
Kraken:EURUSD,2024-06-10T02:05:00Z,1.07714,1.07714,1.07708,1.07708,1397.092342
Kraken:EURUSD,2024-06-10T02:06:00Z,1.0771,1.0771,1.07709,1.07709,3248.70984355
Kraken:EURUSD,2024-06-10T02:07:00Z,1.07708,1.07708,1.07703,1.07703,508.70401883
Kraken:EURUSD,2024-06-10T02:08:00Z,1.07703,1.07703,1.07703,1.07703,8.171163
Kraken:EURUSD,2024-06-10T02:09:00Z,1.077,1.07705,1.07686,1.07695,1141.63421046
Kraken:EURUSD,2024-06-10T02:10:00Z,1.07703,1.07704,1.07703,1.07704,324.64349098
Kraken:EURUSD,2024-06-10T02:11:00Z,1.07704,1.07705,1.07703,1.07703,144.21118219
Kraken:EURUSD,2024-06-10T02:12:00Z,1.07703,1.07703,1.07703,1.07703,17.7330153
Kraken:EURUSD,2024-06-10T02:13:00Z,1.07702,1.0771,1.07702,1.0771,645.33556921
Kraken:EURUSD,2024-06-10T02:14:00Z,1.07703,1.0772,1.07703,1.07706,6189.72908059
Kraken:EURUSD,2024-06-10T02:15:00Z,1.07707,1.07708,1.07707,1.07708,218.88362685
Kraken:EURUSD,2024-06-10T02:17:00Z,1.07707,1.07707,1.07707,1.07707,37.62253148
Kraken:EURUSD,2024-06-10T02:18:00Z,1.07708,1.07723,1.07708,1.07721,11288.55237823
Kraken:EURUSD,2024-06-10T02:19:00Z,1.07722,1.07723,1.07722,1.07723,704.17744407
Kraken:EURUSD,2024-06-10T02:20:00Z,1.07722,1.07723,1.07718,1.07718,4079.66572068
Kraken:EURUSD,2024-06-10T02:22:00Z,1.07719,1.07719,1.07716,1.07716,7071.09691126
Kraken:EURUSD,2024-06-10T02:23:00Z,1.07713,1.07714,1.07697,1.07697,10942.35963287
Kraken:EURUSD,2024-06-10T02:24:00Z,1.07713,1.07715,1.07713,1.07715,8426.70167417
Kraken:EURUSD,2024-06-10T02:25:00Z,1.07715,1.07715,1.07714,1.07714,595.74515081
Kraken:EURUSD,2024-06-10T02:26:00Z,1.0771,1.07711,1.0771,1.07711,278.6822114
Kraken:EURUSD,2024-06-10T02:27:00Z,1.0771,1.07715,1.0771,1.07714,5126.98235762
Kraken:EURUSD,2024-06-10T02:28:00Z,1.07714,1.07714,1.07695,1.07711,5420.45066109
Kraken:EURUSD,2024-06-10T02:29:00Z,1.07704,1.07704,1.07704,1.07704,185.05451717
Kraken:EURUSD,2024-06-10T02:30:00Z,1.07703,1.07715,1.07703,1.07715,2031.6230214
Kraken:EURUSD,2024-06-10T02:31:00Z,1.07689,1.07701,1.07689,1.07701,638.7188202
Kraken:EURUSD,2024-06-10T02:32:00Z,1.077,1.07705,1.07691,1.07705,1081.75867605
Kraken:EURUSD,2024-06-10T02:33:00Z,1.07692,1.07694,1.07692,1.07694,103.05972274
Kraken:EURUSD,2024-06-10T02:34:00Z,1.07696,1.07696,1.07696,1.07696,10862.61812135
Kraken:EURUSD,2024-06-10T02:35:00Z,1.07691,1.07691,1.07691,1.07691,110.17449173
Kraken:EURUSD,2024-06-10T02:36:00Z,1.07685,1.07686,1.07685,1.07686,15.02460864
Kraken:EURUSD,2024-06-10T02:37:00Z,1.07683,1.07683,1.0768,1.0768,19.6749054
Kraken:EURUSD,2024-06-10T02:39:00Z,1.07671,1.07671,1.07671,1.07671,32.4979695
Kraken:EURUSD,2024-06-10T02:42:00Z,1.07678,1.07678,1.07678,1.07678,4.6734709
Kraken:EURUSD,2024-06-10T02:45:00Z,1.07683,1.07683,1.07683,1.07683,250.9878014
Kraken:EURUSD,2024-06-10T02:46:00Z,1.07679,1.07679,1.07679,1.07679,477.27060884
Kraken:EURUSD,2024-06-10T02:47:00Z,1.07685,1.07693,1.07685,1.07687,2248.67694738
Kraken:EURUSD,2024-06-10T02:48:00Z,1.0768,1.0768,1.0768,1.0768,611.16334606
Kraken:EURUSD,2024-06-10T02:49:00Z,1.07692,1.07693,1.07686,1.07686,567.1407578
Kraken:EURUSD,2024-06-10T02:50:00Z,1.07692,1.07692,1.07692,1.07692,7.48356423
Kraken:EURUSD,2024-06-10T02:51:00Z,1.0768,1.0768,1.0768,1.0768,4.8131
Kraken:EURUSD,2024-06-10T02:52:00Z,1.07683,1.07692,1.07683,1.07692,3507.28285172
Kraken:EURUSD,2024-06-10T02:54:00Z,1.07673,1.07678,1.07673,1.07675,897.67728594
Kraken:EURUSD,2024-06-10T02:55:00Z,1.07667,1.07679,1.07667,1.07679,17.55333279
Kraken:EURUSD,2024-06-10T02:56:00Z,1.07679,1.07679,1.07677,1.07677,1185.83500193
Kraken:EURUSD,2024-06-10T02:57:00Z,1.07671,1.07672,1.07669,1.07669,3221.55001454
Kraken:EURUSD,2024-06-10T02:58:00Z,1.07667,1.07667,1.0765,1.0765,10400.15980751
Kraken:EURUSD,2024-06-10T02:59:00Z,1.0766,1.0766,1.0766,1.0766,3130.52169938
Kraken:EURUSD,2024-06-10T03:00:00Z,1.07652,1.07667,1.07652,1.07661,187.79054632
Kraken:EURUSD,2024-06-10T03:01:00Z,1.07665,1.07667,1.07665,1.07667,928.50773666
Kraken:EURUSD,2024-06-10T03:02:00Z,1.0766,1.0766,1.0766,1.0766,243.1487
Kraken:EURUSD,2024-06-10T03:03:00Z,1.07675,1.07675,1.07675,1.07675,40.32421639
Kraken:EURUSD,2024-06-10T03:05:00Z,1.07669,1.07669,1.07669,1.07669,3.87978258
Kraken:EURUSD,2024-06-10T03:06:00Z,1.07668,1.07669,1.07664,1.07664,660.03007661
Kraken:EURUSD,2024-06-10T03:07:00Z,1.07664,1.07664,1.07656,1.07656,2556.97247157
Kraken:EURUSD,2024-06-10T03:08:00Z,1.07651,1.07656,1.07648,1.07655,174.46756829
Kraken:EURUSD,2024-06-10T03:10:00Z,1.07662,1.07662,1.07654,1.07654,2479.23797238
Kraken:EURUSD,2024-06-10T03:11:00Z,1.07653,1.07653,1.07653,1.07653,5.52851234
Kraken:EURUSD,2024-06-10T03:17:00Z,1.07647,1.07656,1.07647,1.07656,304.69344682
Kraken:EURUSD,2024-06-10T03:18:00Z,1.07645,1.07652,1.07645,1.07647,1014.01248384
Kraken:EURUSD,2024-06-10T03:19:00Z,1.07647,1.07647,1.07645,1.07645,1160.15300766
Kraken:EURUSD,2024-06-10T03:20:00Z,1.07644,1.07651,1.07644,1.07651,476.25760512
Kraken:EURUSD,2024-06-10T03:22:00Z,1.07641,1.07649,1.07641,1.07649,345.9541267
Kraken:EURUSD,2024-06-10T03:23:00Z,1.07653,1.07653,1.07653,1.07653,128.12341504
Kraken:EURUSD,2024-06-10T03:24:00Z,1.07643,1.07645,1.07643,1.07645,95.83125165
Kraken:EURUSD,2024-06-10T03:25:00Z,1.07653,1.07655,1.0765,1.07651,2458.26229804
Kraken:EURUSD,2024-06-10T03:26:00Z,1.07656,1.07656,1.07645,1.07645,346.62603843
Kraken:EURUSD,2024-06-10T03:27:00Z,1.07652,1.07653,1.0764,1.07649,597.53940456
Kraken:EURUSD,2024-06-10T03:28:00Z,1.07653,1.07653,1.07648,1.07648,778.65136634
Kraken:EURUSD,2024-06-10T03:29:00Z,1.07649,1.07649,1.07643,1.07643,794.05190389
Kraken:EURUSD,2024-06-10T03:30:00Z,1.07641,1.07643,1.07641,1.07643,30.12218876
Kraken:EURUSD,2024-06-10T03:31:00Z,1.0764,1.07646,1.0764,1.07646,107.11712227
Kraken:EURUSD,2024-06-10T03:32:00Z,1.0764,1.0764,1.0764,1.0764,65.99274006
Kraken:EURUSD,2024-06-10T03:33:00Z,1.07648,1.07648,1.07648,1.07648,411.50194956
Kraken:EURUSD,2024-06-10T03:34:00Z,1.07648,1.07648,1.07645,1.07645,74.75538357
Kraken:EURUSD,2024-06-10T03:35:00Z,1.07646,1.07646,1.07646,1.07646,14.66454861
Kraken:EURUSD,2024-06-10T03:36:00Z,1.07641,1.07641,1.0764,1.0764,102.17363463
Kraken:EURUSD,2024-06-10T03:37:00Z,1.07639,1.07639,1.07639,1.07639,16.88223202
Kraken:EURUSD,2024-06-10T03:38:00Z,1.07631,1.07631,1.07631,1.07631,185.40824588
Kraken:EURUSD,2024-06-10T03:39:00Z,1.07642,1.07642,1.07642,1.07642,23.28877204
Kraken:EURUSD,2024-06-10T03:41:00Z,1.07632,1.07632,1.07632,1.07632,73.52076478
Kraken:EURUSD,2024-06-10T03:42:00Z,1.07632,1.07639,1.07632,1.07639,244.14720842
Kraken:EURUSD,2024-06-10T03:43:00Z,1.07638,1.07638,1.07633,1.07633,1019.78599905
Kraken:EURUSD,2024-06-10T03:44:00Z,1.07641,1.07641,1.07641,1.07641,94.59642807
Kraken:EURUSD,2024-06-10T03:45:00Z,1.07638,1.07644,1.07623,1.07623,4976.31647821
Kraken:EURUSD,2024-06-10T03:46:00Z,1.07616,1.07622,1.07616,1.07622,2835.78771582
Kraken:EURUSD,2024-06-10T03:47:00Z,1.07614,1.07617,1.07603,1.07603,3714.6797954
Kraken:EURUSD,2024-06-10T03:48:00Z,1.07615,1.07617,1.07613,1.07617,5289.28050601
Kraken:EURUSD,2024-06-10T03:49:00Z,1.07609,1.07618,1.07596,1.0761,1323.47074529
Kraken:EURUSD,2024-06-10T03:50:00Z,1.07602,1.07615,1.07595,1.076,2615.15853524
Kraken:EURUSD,2024-06-10T03:51:00Z,1.076,1.07603,1.07582,1.07602,101798.58253095
Kraken:EURUSD,2024-06-10T03:52:00Z,1.076,1.076,1.07587,1.07593,12807.51350988
Kraken:EURUSD,2024-06-10T03:53:00Z,1.07597,1.07598,1.07591,1.07591,4848.12721031
Kraken:EURUSD,2024-06-10T03:54:00Z,1.07585,1.0759,1.07583,1.07587,1124.74690438
Kraken:EURUSD,2024-06-10T03:55:00Z,1.07585,1.07585,1.07577,1.07577,157.6400907
Kraken:EURUSD,2024-06-10T03:56:00Z,1.07577,1.07577,1.07566,1.07566,436.91847803
Kraken:EURUSD,2024-06-10T03:57:00Z,1.07566,1.07574,1.07566,1.0757,835.61817106
Kraken:EURUSD,2024-06-10T03:58:00Z,1.07568,1.07568,1.07556,1.07557,2849.83113508
Kraken:EURUSD,2024-06-10T03:59:00Z,1.07556,1.07559,1.07556,1.07558,2557.40317958
Kraken:EURUSD,2024-06-10T04:00:00Z,1.07557,1.07557,1.07536,1.07549,9912.58257232
Kraken:EURUSD,2024-06-10T04:01:00Z,1.07546,1.07547,1.07538,1.07539,2270.66290787
Kraken:EURUSD,2024-06-10T04:02:00Z,1.07539,1.07539,1.07524,1.07524,1398.56073526
Kraken:EURUSD,2024-06-10T04:03:00Z,1.07524,1.07524,1.07511,1.07511,2123.49503735
Kraken:EURUSD,2024-06-10T04:04:00Z,1.07508,1.07509,1.07493,1.07506,4491.34511502
Kraken:EURUSD,2024-06-10T04:05:00Z,1.0751,1.0751,1.07503,1.07509,3379.7029492
Kraken:EURUSD,2024-06-10T04:06:00Z,1.07507,1.07507,1.075,1.07505,1909.72626627
Kraken:EURUSD,2024-06-10T04:07:00Z,1.07499,1.07506,1.07496,1.07496,950.7402522
Kraken:EURUSD,2024-06-10T04:08:00Z,1.075,1.075,1.07494,1.07496,2636.3842764
Kraken:EURUSD,2024-06-10T04:09:00Z,1.0749,1.07493,1.0749,1.0749,157.70846966
Kraken:EURUSD,2024-06-10T04:10:00Z,1.0749,1.0749,1.07488,1.07488,949.60337279
Kraken:EURUSD,2024-06-10T04:11:00Z,1.07496,1.07497,1.07488,1.07497,3879.82396215
Kraken:EURUSD,2024-06-10T04:12:00Z,1.07496,1.07498,1.07496,1.07498,1339.16931498
Kraken:EURUSD,2024-06-10T04:13:00Z,1.07499,1.07499,1.07497,1.07497,3500.54050932
Kraken:EURUSD,2024-06-10T04:14:00Z,1.0749,1.0749,1.0749,1.0749,4.90149764
Kraken:EURUSD,2024-06-10T04:15:00Z,1.07481,1.07481,1.07481,1.07481,10.52743031
Kraken:EURUSD,2024-06-10T04:16:00Z,1.07481,1.07481,1.07481,1.07481,28.56449046
Kraken:EURUSD,2024-06-10T04:18:00Z,1.07481,1.07481,1.07481,1.07481,462.95847636
Kraken:EURUSD,2024-06-10T04:19:00Z,1.07481,1.07491,1.07481,1.07489,4044.50525886
Kraken:EURUSD,2024-06-10T04:20:00Z,1.07485,1.07485,1.07485,1.07485,58.35995719
Kraken:EURUSD,2024-06-10T04:21:00Z,1.07486,1.07486,1.07484,1.07484,26.56305776
Kraken:EURUSD,2024-06-10T04:22:00Z,1.07483,1.07484,1.07483,1.07484,3659.34577643
Kraken:EURUSD,2024-06-10T04:23:00Z,1.07484,1.07496,1.07484,1.07496,11806.08074398
Kraken:EURUSD,2024-06-10T04:24:00Z,1.07503,1.07511,1.07503,1.07511,69160.41302341
Kraken:EURUSD,2024-06-10T04:25:00Z,1.07516,1.0752,1.07516,1.07517,4907.07561629
Kraken:EURUSD,2024-06-10T04:26:00Z,1.07514,1.07521,1.07514,1.0752,9778.10426215
Kraken:EURUSD,2024-06-10T04:27:00Z,1.07521,1.07541,1.0752,1.07541,46378.64217869
Kraken:EURUSD,2024-06-10T04:28:00Z,1.07528,1.0753,1.07516,1.07521,3821.85913493
Kraken:EURUSD,2024-06-10T04:29:00Z,1.07518,1.07518,1.07517,1.07517,1241.52180614
Kraken:EURUSD,2024-06-10T04:30:00Z,1.07518,1.07528,1.07518,1.07526,2912.30199033
Kraken:EURUSD,2024-06-10T04:31:00Z,1.07531,1.07531,1.07529,1.0753,1247.7942271
Kraken:EURUSD,2024-06-10T04:32:00Z,1.07533,1.07533,1.07532,1.07532,1903.84338503
Kraken:EURUSD,2024-06-10T04:33:00Z,1.07533,1.07535,1.07532,1.07533,1835.70596034
Kraken:EURUSD,2024-06-10T04:34:00Z,1.07532,1.07534,1.07532,1.07534,704.21637074
Kraken:EURUSD,2024-06-10T04:35:00Z,1.07533,1.07545,1.07533,1.07541,37070.33922387
Kraken:EURUSD,2024-06-10T04:36:00Z,1.07535,1.07537,1.07532,1.07532,3351.45756376
Kraken:EURUSD,2024-06-10T04:37:00Z,1.07536,1.07537,1.07534,1.07534,618.50338999
Kraken:EURUSD,2024-06-10T04:38:00Z,1.07535,1.07535,1.07531,1.07533,1414.93351573
Kraken:EURUSD,2024-06-10T04:39:00Z,1.07533,1.07533,1.07533,1.07533,1394.920629
Kraken:EURUSD,2024-06-10T04:40:00Z,1.07533,1.07533,1.07533,1.07533,3175.18464096
Kraken:EURUSD,2024-06-10T04:41:00Z,1.07534,1.07535,1.07534,1.07535,12595.09534769
Kraken:EURUSD,2024-06-10T04:42:00Z,1.07534,1.07534,1.07534,1.07534,210.37792698
Kraken:EURUSD,2024-06-10T04:43:00Z,1.07534,1.07534,1.07533,1.07533,491.9379049
Kraken:EURUSD,2024-06-10T04:44:00Z,1.07533,1.07536,1.07533,1.07536,1834.68215422
Kraken:EURUSD,2024-06-10T04:45:00Z,1.07536,1.07536,1.07536,1.07536,1859.21830828
Kraken:EURUSD,2024-06-10T04:46:00Z,1.07537,1.07537,1.07536,1.07537,555.90651161
Kraken:EURUSD,2024-06-10T04:47:00Z,1.07536,1.07537,1.07536,1.07536,627.16465937
Kraken:EURUSD,2024-06-10T04:48:00Z,1.07536,1.07536,1.07536,1.07536,848.02616798
Kraken:EURUSD,2024-06-10T04:49:00Z,1.07536,1.07536,1.07531,1.07532,3902.95535978
Kraken:EURUSD,2024-06-10T04:50:00Z,1.07534,1.0754,1.07533,1.07533,1051.00104067
Kraken:EURUSD,2024-06-10T04:52:00Z,1.07533,1.07533,1.07533,1.07533,45.50394495
Kraken:EURUSD,2024-06-10T04:54:00Z,1.07533,1.07534,1.07533,1.07533,130.98631461
Kraken:EURUSD,2024-06-10T04:55:00Z,1.07533,1.07533,1.07533,1.07533,102.27913059
Kraken:EURUSD,2024-06-10T04:56:00Z,1.07533,1.07533,1.07532,1.07532,42
Kraken:EURUSD,2024-06-10T04:57:00Z,1.07532,1.07532,1.07531,1.07531,1176.30304315
Kraken:EURUSD,2024-06-10T04:58:00Z,1.07534,1.07534,1.07532,1.07532,1307.28970498
Kraken:EURUSD,2024-06-10T04:59:00Z,1.07535,1.07535,1.07535,1.07535,64.12765871
Kraken:EURUSD,2024-06-10T05:00:00Z,1.07536,1.07546,1.07536,1.07546,1071.90597896
Kraken:EURUSD,2024-06-10T05:01:00Z,1.07546,1.07546,1.07543,1.07543,16.96453887
Kraken:EURUSD,2024-06-10T05:02:00Z,1.07545,1.07545,1.07538,1.07543,4685.56253646
Kraken:EURUSD,2024-06-10T05:03:00Z,1.07539,1.07543,1.07539,1.07543,997.54025758
Kraken:EURUSD,2024-06-10T05:04:00Z,1.07544,1.07544,1.07542,1.07542,3910.0725805
Kraken:EURUSD,2024-06-10T05:05:00Z,1.07539,1.07539,1.07507,1.0752,113987.0687281
Kraken:EURUSD,2024-06-10T05:06:00Z,1.07516,1.07528,1.07516,1.07519,785.18080647
Kraken:EURUSD,2024-06-10T05:07:00Z,1.07519,1.07519,1.07517,1.07517,2656.11331953
Kraken:EURUSD,2024-06-10T05:08:00Z,1.07514,1.07517,1.07506,1.07506,1688.00952557
Kraken:EURUSD,2024-06-10T05:09:00Z,1.07504,1.07521,1.07497,1.07503,1409.17080273
Kraken:EURUSD,2024-06-10T05:10:00Z,1.07493,1.07493,1.07493,1.07493,70.69049308
Kraken:EURUSD,2024-06-10T05:11:00Z,1.0749,1.07497,1.07485,1.07497,156.25868125
Kraken:EURUSD,2024-06-10T05:12:00Z,1.07498,1.07515,1.07489,1.07515,1957.64807845
Kraken:EURUSD,2024-06-10T05:13:00Z,1.07512,1.07512,1.07506,1.07507,602.2117493
Kraken:EURUSD,2024-06-10T05:14:00Z,1.07517,1.07517,1.07515,1.07515,1873.81165959
Kraken:EURUSD,2024-06-10T05:15:00Z,1.07513,1.07517,1.07509,1.07515,4303.17957762
Kraken:EURUSD,2024-06-10T05:16:00Z,1.07515,1.07519,1.07515,1.07515,1498.04917419
Kraken:EURUSD,2024-06-10T05:17:00Z,1.07518,1.07518,1.07517,1.07518,1706.95348399
Kraken:EURUSD,2024-06-10T05:18:00Z,1.07518,1.07528,1.07518,1.07526,1814.34463776
Kraken:EURUSD,2024-06-10T05:19:00Z,1.07531,1.07531,1.07524,1.07524,125.69241076
Kraken:EURUSD,2024-06-10T05:20:00Z,1.07518,1.07518,1.07517,1.07517,429.36572818
Kraken:EURUSD,2024-06-10T05:21:00Z,1.07519,1.07525,1.07512,1.07512,581.96847351
Kraken:EURUSD,2024-06-10T05:23:00Z,1.075,1.07503,1.07498,1.07503,2235.83749194
Kraken:EURUSD,2024-06-10T05:24:00Z,1.07497,1.07516,1.07492,1.07507,1896.63624574
Kraken:EURUSD,2024-06-10T05:25:00Z,1.07507,1.07516,1.07506,1.07506,1580.00612864
Kraken:EURUSD,2024-06-10T05:26:00Z,1.07509,1.07509,1.07508,1.07509,849.06238161
Kraken:EURUSD,2024-06-10T05:27:00Z,1.07509,1.07509,1.07495,1.07495,725.4208519
Kraken:EURUSD,2024-06-10T05:28:00Z,1.07502,1.07505,1.07497,1.07505,2181.52543027
Kraken:EURUSD,2024-06-10T05:29:00Z,1.07507,1.07518,1.07502,1.07512,3673.79093317
Kraken:EURUSD,2024-06-10T05:30:00Z,1.07513,1.07514,1.07512,1.07514,403.27818791
Kraken:EURUSD,2024-06-10T05:31:00Z,1.07513,1.07514,1.07511,1.07514,674.14366503
Kraken:EURUSD,2024-06-10T05:32:00Z,1.07513,1.07513,1.07501,1.07501,293.05230136
Kraken:EURUSD,2024-06-10T05:33:00Z,1.07498,1.07505,1.07498,1.07505,298.78762286
Kraken:EURUSD,2024-06-10T05:34:00Z,1.07498,1.07498,1.07496,1.07497,1116.7568619
Kraken:EURUSD,2024-06-10T05:35:00Z,1.07502,1.07502,1.07501,1.07501,207.43061119
Kraken:EURUSD,2024-06-10T05:38:00Z,1.07496,1.07496,1.07495,1.07495,85.15861281
Kraken:EURUSD,2024-06-10T05:39:00Z,1.07496,1.07499,1.07496,1.07499,252.83307619
Kraken:EURUSD,2024-06-10T05:40:00Z,1.075,1.0751,1.075,1.0751,5350.46335848
Kraken:EURUSD,2024-06-10T05:41:00Z,1.07507,1.07507,1.07507,1.07507,105.098049
Kraken:EURUSD,2024-06-10T05:42:00Z,1.075,1.07504,1.075,1.07504,534.43256536
Kraken:EURUSD,2024-06-10T05:43:00Z,1.07505,1.07506,1.07505,1.07506,273.86770512
Kraken:EURUSD,2024-06-10T05:44:00Z,1.07499,1.07501,1.07499,1.07501,192.14517852
Kraken:EURUSD,2024-06-10T05:45:00Z,1.07502,1.07509,1.07501,1.07506,1266.95429486
Kraken:EURUSD,2024-06-10T05:46:00Z,1.07505,1.07505,1.07505,1.07505,67.1092289
Kraken:EURUSD,2024-06-10T05:47:00Z,1.07507,1.07518,1.07507,1.07515,1548.80379998
Kraken:EURUSD,2024-06-10T05:48:00Z,1.07515,1.07515,1.07515,1.07515,744.09899745
Kraken:EURUSD,2024-06-10T05:49:00Z,1.07516,1.07528,1.07515,1.07528,6716.77499779
Kraken:EURUSD,2024-06-10T05:50:00Z,1.07521,1.07527,1.07521,1.07527,2360.79716543
Kraken:EURUSD,2024-06-10T05:51:00Z,1.07518,1.07543,1.07518,1.0753,20895.43089844
Kraken:EURUSD,2024-06-10T05:52:00Z,1.07531,1.07544,1.07531,1.07536,4684.40619773
Kraken:EURUSD,2024-06-10T05:53:00Z,1.0753,1.0753,1.0753,1.0753,57.16612833
Kraken:EURUSD,2024-06-10T05:54:00Z,1.07525,1.07534,1.07525,1.07534,1919.22597676
Kraken:EURUSD,2024-06-10T05:55:00Z,1.07535,1.07542,1.07535,1.07542,5187.76981493
Kraken:EURUSD,2024-06-10T05:56:00Z,1.07541,1.07542,1.07528,1.07528,2952.44746873
Kraken:EURUSD,2024-06-10T05:57:00Z,1.07524,1.07537,1.07524,1.07526,1948.51260625
Kraken:EURUSD,2024-06-10T05:58:00Z,1.07531,1.07538,1.07531,1.07538,915.76147228
Kraken:EURUSD,2024-06-10T05:59:00Z,1.07536,1.07536,1.0753,1.07531,1949.19993917
Kraken:EURUSD,2024-06-10T06:00:00Z,1.07528,1.07531,1.07519,1.07528,1743.71492227
Kraken:EURUSD,2024-06-10T06:01:00Z,1.07526,1.07537,1.07525,1.07537,2951.56890399
Kraken:EURUSD,2024-06-10T06:02:00Z,1.07531,1.07531,1.07517,1.07517,1204.49934328
Kraken:EURUSD,2024-06-10T06:03:00Z,1.07514,1.07514,1.07508,1.0751,2070.06616953
Kraken:EURUSD,2024-06-10T06:04:00Z,1.0751,1.0751,1.0751,1.0751,3375.55767847
Kraken:EURUSD,2024-06-10T06:05:00Z,1.0751,1.07528,1.0751,1.07528,2492.9494144
Kraken:EURUSD,2024-06-10T06:06:00Z,1.0751,1.0751,1.07499,1.07499,4862.53500866
Kraken:EURUSD,2024-06-10T06:07:00Z,1.07504,1.07504,1.07495,1.07496,1246.16408885
Kraken:EURUSD,2024-06-10T06:08:00Z,1.07501,1.07501,1.07496,1.07496,801.06957924
Kraken:EURUSD,2024-06-10T06:09:00Z,1.07496,1.07496,1.07496,1.07496,86.82273176
Kraken:EURUSD,2024-06-10T06:10:00Z,1.07497,1.07509,1.07497,1.07509,471.58140044
Kraken:EURUSD,2024-06-10T06:11:00Z,1.07505,1.07505,1.07505,1.07505,64.42923947
Kraken:EURUSD,2024-06-10T06:13:00Z,1.07497,1.07503,1.07494,1.07494,251.49492971
Kraken:EURUSD,2024-06-10T06:14:00Z,1.07493,1.07498,1.07493,1.07498,943.44853563
Kraken:EURUSD,2024-06-10T06:15:00Z,1.0751,1.07529,1.0751,1.07529,2741.91991725
Kraken:EURUSD,2024-06-10T06:16:00Z,1.07533,1.07553,1.07533,1.07541,9845.46336723
Kraken:EURUSD,2024-06-10T06:17:00Z,1.07542,1.07545,1.07533,1.07533,661.76925177
Kraken:EURUSD,2024-06-10T06:18:00Z,1.07536,1.07536,1.07527,1.0753,4187.38036267
Kraken:EURUSD,2024-06-10T06:19:00Z,1.07529,1.07531,1.07529,1.0753,1288.98905964
Kraken:EURUSD,2024-06-10T06:20:00Z,1.07531,1.07531,1.07526,1.0753,3103.54642957
Kraken:EURUSD,2024-06-10T06:21:00Z,1.07546,1.07546,1.07531,1.07531,1028.77355671
Kraken:EURUSD,2024-06-10T06:22:00Z,1.07531,1.07531,1.07527,1.07528,1041.51088279
Kraken:EURUSD,2024-06-10T06:23:00Z,1.07527,1.07539,1.07527,1.07538,2772.5092048
Kraken:EURUSD,2024-06-10T06:24:00Z,1.07539,1.07545,1.07532,1.07537,13547.85934198
Kraken:EURUSD,2024-06-10T06:25:00Z,1.07538,1.07539,1.07536,1.07538,5688.39784173
Kraken:EURUSD,2024-06-10T06:26:00Z,1.07538,1.07538,1.07537,1.07538,407.33312853
Kraken:EURUSD,2024-06-10T06:27:00Z,1.07536,1.07573,1.07536,1.07546,11157.7430601
Kraken:EURUSD,2024-06-10T06:28:00Z,1.07546,1.0756,1.07536,1.0756,8935.05806149
Kraken:EURUSD,2024-06-10T06:29:00Z,1.0756,1.0756,1.07536,1.07548,5321.46131746
Kraken:EURUSD,2024-06-10T06:30:00Z,1.07543,1.076,1.07527,1.07546,158803.18581274
Kraken:EURUSD,2024-06-10T06:31:00Z,1.07544,1.07545,1.07536,1.07536,134720.96205665
Kraken:EURUSD,2024-06-10T06:32:00Z,1.07536,1.07536,1.07536,1.07536,10.3430479
Kraken:EURUSD,2024-06-10T06:33:00Z,1.07532,1.07538,1.07532,1.07534,1733.24048008
Kraken:EURUSD,2024-06-10T06:34:00Z,1.07532,1.07565,1.0753,1.07539,5896.43861706
Kraken:EURUSD,2024-06-10T06:35:00Z,1.07539,1.07566,1.07528,1.07541,14694.71861108
Kraken:EURUSD,2024-06-10T06:36:00Z,1.07543,1.0757,1.07543,1.07553,6767.96851196
Kraken:EURUSD,2024-06-10T06:37:00Z,1.07553,1.0756,1.07542,1.07543,17677.48310453
Kraken:EURUSD,2024-06-10T06:38:00Z,1.07555,1.07555,1.07543,1.0755,38985.82900433
Kraken:EURUSD,2024-06-10T06:39:00Z,1.07558,1.07558,1.07547,1.07547,155.53151243
Kraken:EURUSD,2024-06-10T06:40:00Z,1.07547,1.07561,1.07547,1.07551,3619.55753098
Kraken:EURUSD,2024-06-10T06:41:00Z,1.07555,1.07562,1.07543,1.07559,11252.94591871
Kraken:EURUSD,2024-06-10T06:42:00Z,1.07556,1.07591,1.07546,1.07569,23102.2865189
Kraken:EURUSD,2024-06-10T06:43:00Z,1.07562,1.07582,1.07562,1.0758,5522.01997252
Kraken:EURUSD,2024-06-10T06:44:00Z,1.0756,1.0756,1.0756,1.0756,1E+2
Kraken:EURUSD,2024-06-10T06:45:00Z,1.07562,1.07562,1.07561,1.07561,327.75168587
Kraken:EURUSD,2024-06-10T06:46:00Z,1.07562,1.07572,1.07561,1.07572,940.6674435
Kraken:EURUSD,2024-06-10T06:47:00Z,1.07579,1.07594,1.07572,1.07586,22736.42882137
Kraken:EURUSD,2024-06-10T06:48:00Z,1.07586,1.07593,1.07563,1.07566,14395.24456349
Kraken:EURUSD,2024-06-10T06:49:00Z,1.07566,1.07586,1.07566,1.07576,6765.87090782
Kraken:EURUSD,2024-06-10T06:50:00Z,1.07576,1.07576,1.0757,1.07575,3296.38593774
Kraken:EURUSD,2024-06-10T06:51:00Z,1.07573,1.07579,1.07573,1.07573,11429.67337129
Kraken:EURUSD,2024-06-10T06:52:00Z,1.07573,1.07582,1.07551,1.0757,31770.12414615
Kraken:EURUSD,2024-06-10T06:53:00Z,1.07562,1.07569,1.07545,1.07561,13538.37768883
Kraken:EURUSD,2024-06-10T06:54:00Z,1.07561,1.07566,1.07561,1.07562,1093.75166035
Kraken:EURUSD,2024-06-10T06:55:00Z,1.0756,1.0756,1.07556,1.07556,773.80215922
Kraken:EURUSD,2024-06-10T06:56:00Z,1.07555,1.07555,1.07555,1.07555,24.25726371
Kraken:EURUSD,2024-06-10T06:57:00Z,1.07554,1.07561,1.07554,1.07561,26712.15710106
Kraken:EURUSD,2024-06-10T06:58:00Z,1.07561,1.07561,1.0756,1.0756,39994.08438861
Kraken:EURUSD,2024-06-10T06:59:00Z,1.0756,1.0756,1.0754,1.07545,5228.63799982
Kraken:EURUSD,2024-06-10T07:00:00Z,1.07546,1.07569,1.07538,1.07538,19251.45968539
Kraken:EURUSD,2024-06-10T07:01:00Z,1.0753,1.0753,1.0753,1.0753,929.97303078
Kraken:EURUSD,2024-06-10T07:02:00Z,1.07532,1.07532,1.07532,1.07532,59.74203027
Kraken:EURUSD,2024-06-10T07:03:00Z,1.0753,1.07531,1.0753,1.07531,234.61122858
Kraken:EURUSD,2024-06-10T07:04:00Z,1.07527,1.0754,1.07527,1.0754,2915.30943424
Kraken:EURUSD,2024-06-10T07:05:00Z,1.07534,1.0756,1.07533,1.07535,27984.89616163
Kraken:EURUSD,2024-06-10T07:06:00Z,1.07536,1.07561,1.07536,1.07555,5242.9246293
Kraken:EURUSD,2024-06-10T07:07:00Z,1.07555,1.0757,1.0755,1.07554,10026.20006288
Kraken:EURUSD,2024-06-10T07:08:00Z,1.07557,1.07574,1.07551,1.07569,49562.41773038
Kraken:EURUSD,2024-06-10T07:09:00Z,1.07557,1.07557,1.07521,1.0753,62642.71706117
Kraken:EURUSD,2024-06-10T07:10:00Z,1.07531,1.07532,1.07508,1.07508,5785.88754014
Kraken:EURUSD,2024-06-10T07:11:00Z,1.07511,1.07532,1.07503,1.07528,6345.65825997
Kraken:EURUSD,2024-06-10T07:12:00Z,1.0752,1.07551,1.0751,1.07546,41947.67241081
Kraken:EURUSD,2024-06-10T07:13:00Z,1.07542,1.07554,1.07526,1.07531,3392.22502913
Kraken:EURUSD,2024-06-10T07:14:00Z,1.0754,1.07553,1.0754,1.07551,9001.76852414
Kraken:EURUSD,2024-06-10T07:15:00Z,1.07543,1.07579,1.07542,1.07579,4219.87430715
Kraken:EURUSD,2024-06-10T07:16:00Z,1.07563,1.07582,1.07539,1.07541,7572.34062699
Kraken:EURUSD,2024-06-10T07:17:00Z,1.07545,1.07546,1.07545,1.07545,10645.73572003
Kraken:EURUSD,2024-06-10T07:18:00Z,1.07546,1.07553,1.07542,1.07553,3607.3756162
Kraken:EURUSD,2024-06-10T07:19:00Z,1.07549,1.07549,1.07545,1.07545,542.76970348
Kraken:EURUSD,2024-06-10T07:20:00Z,1.07542,1.07565,1.07542,1.07547,14948.49753775
Kraken:EURUSD,2024-06-10T07:21:00Z,1.07562,1.07583,1.07556,1.07566,766.32973625
Kraken:EURUSD,2024-06-10T07:22:00Z,1.0757,1.07582,1.0757,1.07582,23764.13342249
Kraken:EURUSD,2024-06-10T07:23:00Z,1.07593,1.07594,1.07582,1.07586,2610.32520263
Kraken:EURUSD,2024-06-10T07:24:00Z,1.07592,1.07608,1.07585,1.07585,19906.72678852
Kraken:EURUSD,2024-06-10T07:25:00Z,1.07582,1.07583,1.07582,1.07583,142.12167553
Kraken:EURUSD,2024-06-10T07:26:00Z,1.07582,1.07604,1.07582,1.07604,23545.17685671
Kraken:EURUSD,2024-06-10T07:27:00Z,1.07604,1.07619,1.07604,1.07608,1580.17305672
Kraken:EURUSD,2024-06-10T07:28:00Z,1.07611,1.07617,1.0761,1.0761,188.81228436
Kraken:EURUSD,2024-06-10T07:29:00Z,1.07625,1.07629,1.07617,1.07626,866.09798764
Kraken:EURUSD,2024-06-10T07:30:00Z,1.07639,1.07639,1.07621,1.07625,2933.68532181
Kraken:EURUSD,2024-06-10T07:31:00Z,1.07626,1.07652,1.07625,1.07626,938.95642029
Kraken:EURUSD,2024-06-10T07:32:00Z,1.07626,1.07626,1.07623,1.07623,1286.83729052
Kraken:EURUSD,2024-06-10T07:33:00Z,1.07626,1.07651,1.07626,1.07639,4223.47265672
Kraken:EURUSD,2024-06-10T07:34:00Z,1.07643,1.07661,1.0764,1.07649,4809.88472371
Kraken:EURUSD,2024-06-10T07:35:00Z,1.07649,1.07685,1.07647,1.07676,5774.786144
Kraken:EURUSD,2024-06-10T07:36:00Z,1.07663,1.07686,1.07663,1.07686,6935.22919921
Kraken:EURUSD,2024-06-10T07:37:00Z,1.07665,1.07682,1.07652,1.07652,13947.29960694
Kraken:EURUSD,2024-06-10T07:38:00Z,1.07652,1.07652,1.07652,1.07652,1026.21881371
Kraken:EURUSD,2024-06-10T07:39:00Z,1.07652,1.07652,1.07623,1.0764,16317.57463749
Kraken:EURUSD,2024-06-10T07:40:00Z,1.0764,1.07641,1.07622,1.07626,159194.5417047
Kraken:EURUSD,2024-06-10T07:41:00Z,1.07626,1.07627,1.0761,1.0761,37518.88611979
Kraken:EURUSD,2024-06-10T07:42:00Z,1.0761,1.07615,1.0761,1.07615,16011.68471072
Kraken:EURUSD,2024-06-10T07:43:00Z,1.07609,1.07625,1.07609,1.07616,10140.21135245
Kraken:EURUSD,2024-06-10T07:44:00Z,1.07616,1.07626,1.07558,1.07616,116356.5745432
Kraken:EURUSD,2024-06-10T07:45:00Z,1.07616,1.07643,1.07607,1.07611,4782.41963695
Kraken:EURUSD,2024-06-10T07:46:00Z,1.0761,1.07622,1.0761,1.07622,1284.81336074
Kraken:EURUSD,2024-06-10T07:47:00Z,1.07621,1.07622,1.07618,1.07618,1198.22699678
Kraken:EURUSD,2024-06-10T07:48:00Z,1.0762,1.07639,1.07618,1.07639,5994.92182306
Kraken:EURUSD,2024-06-10T07:49:00Z,1.07636,1.07648,1.07636,1.07648,391.86615158
Kraken:EURUSD,2024-06-10T07:50:00Z,1.07636,1.07642,1.07636,1.07641,327.34599975
Kraken:EURUSD,2024-06-10T07:51:00Z,1.07653,1.07655,1.07651,1.07652,16091.69720314
Kraken:EURUSD,2024-06-10T07:52:00Z,1.0765,1.07677,1.07648,1.07653,47109.29329444
Kraken:EURUSD,2024-06-10T07:53:00Z,1.07662,1.07705,1.07654,1.0767,71984.11670057
Kraken:EURUSD,2024-06-10T07:54:00Z,1.0767,1.07692,1.0767,1.07692,21525.35829534
Kraken:EURUSD,2024-06-10T07:55:00Z,1.0769,1.0769,1.07654,1.07676,9108.12331416
Kraken:EURUSD,2024-06-10T07:56:00Z,1.07676,1.07678,1.07652,1.07675,6065.05072625
Kraken:EURUSD,2024-06-10T07:57:00Z,1.0766,1.07669,1.07645,1.07651,2249.64836239
Kraken:EURUSD,2024-06-10T07:58:00Z,1.07651,1.07665,1.07651,1.0766,5450.1803367
Kraken:EURUSD,2024-06-10T07:59:00Z,1.07662,1.07662,1.07646,1.07654,50878.20229579
Kraken:EURUSD,2024-06-10T08:00:00Z,1.07655,1.07685,1.07655,1.07661,10266.07622551
Kraken:EURUSD,2024-06-10T08:01:00Z,1.07662,1.07678,1.07662,1.07678,2424.23233039
Kraken:EURUSD,2024-06-10T08:02:00Z,1.07685,1.07688,1.07667,1.07667,9024.75912367
Kraken:EURUSD,2024-06-10T08:03:00Z,1.07668,1.0767,1.07666,1.0767,4686.94297129
Kraken:EURUSD,2024-06-10T08:04:00Z,1.07673,1.0768,1.07671,1.07679,7864.53794657
Kraken:EURUSD,2024-06-10T08:05:00Z,1.07674,1.07695,1.07672,1.07684,20782.74577023
Kraken:EURUSD,2024-06-10T08:06:00Z,1.07684,1.07714,1.07677,1.07704,28950.63472238
Kraken:EURUSD,2024-06-10T08:07:00Z,1.07703,1.07768,1.07703,1.07725,126832.99317531
Kraken:EURUSD,2024-06-10T08:08:00Z,1.07718,1.07758,1.07718,1.07758,96362.74856184
Kraken:EURUSD,2024-06-10T08:09:00Z,1.07725,1.07771,1.07721,1.07721,358870.95378361
Kraken:EURUSD,2024-06-10T08:10:00Z,1.07721,1.07722,1.07609,1.07711,399834.9954610199
Kraken:EURUSD,2024-06-10T08:11:00Z,1.07711,1.07711,1.07677,1.07692,169230.34581799
Kraken:EURUSD,2024-06-10T08:12:00Z,1.07701,1.07705,1.07696,1.07702,24869.21787333
Kraken:EURUSD,2024-06-10T08:13:00Z,1.07702,1.07713,1.077,1.07703,6403.90639592
Kraken:EURUSD,2024-06-10T08:14:00Z,1.07702,1.07715,1.07701,1.07704,18590.33205956
Kraken:EURUSD,2024-06-10T08:15:00Z,1.07704,1.07709,1.077,1.07701,13071.24583399
Kraken:EURUSD,2024-06-10T08:16:00Z,1.07701,1.07701,1.077,1.077,4365.15338788
Kraken:EURUSD,2024-06-10T08:17:00Z,1.07701,1.07701,1.077,1.077,1108.75259852
Kraken:EURUSD,2024-06-10T08:18:00Z,1.077,1.07701,1.07677,1.07687,15825.78354759
Kraken:EURUSD,2024-06-10T08:19:00Z,1.07687,1.07693,1.07686,1.07693,9042.28630283
Kraken:EURUSD,2024-06-10T08:20:00Z,1.07695,1.07695,1.07685,1.0769,3275.43161276
Kraken:EURUSD,2024-06-10T08:21:00Z,1.07681,1.07682,1.07659,1.07682,3342.56574697
Kraken:EURUSD,2024-06-10T08:22:00Z,1.07671,1.07704,1.07671,1.07695,3245.81369387
Kraken:EURUSD,2024-06-10T08:23:00Z,1.07687,1.07689,1.07687,1.07689,833.11985617
Kraken:EURUSD,2024-06-10T08:24:00Z,1.07689,1.07689,1.07681,1.07681,722.38897121
Kraken:EURUSD,2024-06-10T08:25:00Z,1.07684,1.0769,1.07683,1.07686,893.17176338
Kraken:EURUSD,2024-06-10T08:26:00Z,1.07684,1.07706,1.07684,1.07688,2339.01013229
Kraken:EURUSD,2024-06-10T08:27:00Z,1.07703,1.07705,1.07697,1.07703,7830.58144713
Kraken:EURUSD,2024-06-10T08:28:00Z,1.07694,1.07694,1.07685,1.0769,5434.56796317
Kraken:EURUSD,2024-06-10T08:29:00Z,1.07685,1.07686,1.07671,1.07671,1698.65362016
Kraken:EURUSD,2024-06-10T08:30:00Z,1.07671,1.07671,1.07667,1.07667,1951.42968524
Kraken:EURUSD,2024-06-10T08:31:00Z,1.07661,1.07683,1.07661,1.07671,3335.86268844
Kraken:EURUSD,2024-06-10T08:32:00Z,1.07666,1.07675,1.07639,1.07661,2265.35556109
Kraken:EURUSD,2024-06-10T08:33:00Z,1.07661,1.07672,1.07642,1.0765,4963.02353475
Kraken:EURUSD,2024-06-10T08:34:00Z,1.07652,1.07653,1.07652,1.07652,3718.44769485
Kraken:EURUSD,2024-06-10T08:35:00Z,1.07651,1.07653,1.07651,1.07653,144.95984719
Kraken:EURUSD,2024-06-10T08:36:00Z,1.07642,1.07661,1.07639,1.07644,4860.36647289
Kraken:EURUSD,2024-06-10T08:37:00Z,1.0764,1.07675,1.07633,1.07675,25184.16197116
Kraken:EURUSD,2024-06-10T08:38:00Z,1.07634,1.0765,1.07616,1.07619,9251.69657199
Kraken:EURUSD,2024-06-10T08:39:00Z,1.07634,1.07645,1.07629,1.07645,1885.3387498
Kraken:EURUSD,2024-06-10T08:40:00Z,1.07645,1.07661,1.07625,1.07658,15233.82910208
Kraken:EURUSD,2024-06-10T08:41:00Z,1.07646,1.07664,1.07644,1.07644,2365.40747335
Kraken:EURUSD,2024-06-10T08:42:00Z,1.07644,1.07664,1.07633,1.07633,1956.65490711
Kraken:EURUSD,2024-06-10T08:43:00Z,1.07638,1.07638,1.07637,1.07637,735.19478617
Kraken:EURUSD,2024-06-10T08:44:00Z,1.07647,1.07649,1.07639,1.07649,10124.33980557
Kraken:EURUSD,2024-06-10T08:45:00Z,1.07634,1.07651,1.07627,1.07629,5617.56671057
Kraken:EURUSD,2024-06-10T08:46:00Z,1.0765,1.07651,1.07634,1.07636,4559.41783708
Kraken:EURUSD,2024-06-10T08:47:00Z,1.07636,1.07636,1.07628,1.0763,772.47349927
Kraken:EURUSD,2024-06-10T08:48:00Z,1.0763,1.07663,1.07623,1.07623,8731.36766244
Kraken:EURUSD,2024-06-10T08:49:00Z,1.07652,1.07652,1.07622,1.07622,635.31847997
Kraken:EURUSD,2024-06-10T08:50:00Z,1.07623,1.07651,1.07623,1.07643,9246.54199806
Kraken:EURUSD,2024-06-10T08:51:00Z,1.07642,1.07658,1.07624,1.07656,28774.53667947
Kraken:EURUSD,2024-06-10T08:52:00Z,1.07651,1.07659,1.07626,1.07626,9439.47547638
Kraken:EURUSD,2024-06-10T08:53:00Z,1.07644,1.07664,1.07626,1.07659,13349.40095041
Kraken:EURUSD,2024-06-10T08:54:00Z,1.0765,1.0766,1.07624,1.07644,41433.64334334
Kraken:EURUSD,2024-06-10T08:55:00Z,1.07644,1.07648,1.07631,1.07636,53636.2886099
Kraken:EURUSD,2024-06-10T08:56:00Z,1.07631,1.07647,1.07631,1.07635,892.35801511
Kraken:EURUSD,2024-06-10T08:57:00Z,1.07644,1.07654,1.07637,1.0765,4743.31764792
Kraken:EURUSD,2024-06-10T08:58:00Z,1.07638,1.0764,1.07628,1.07639,6161.77610362
Kraken:EURUSD,2024-06-10T08:59:00Z,1.0763,1.07649,1.0763,1.07635,6267.37642065
Kraken:EURUSD,2024-06-10T09:00:00Z,1.07636,1.07636,1.07635,1.07635,1547.17121455
Kraken:EURUSD,2024-06-10T09:01:00Z,1.07636,1.07636,1.07635,1.07635,1274.40722735
Kraken:EURUSD,2024-06-10T09:02:00Z,1.07624,1.07626,1.07624,1.07626,2328.09128359
Kraken:EURUSD,2024-06-10T09:03:00Z,1.0762,1.07621,1.0762,1.07621,1858.38631671
Kraken:EURUSD,2024-06-10T09:04:00Z,1.07622,1.07659,1.0762,1.07632,20347.02655309
Kraken:EURUSD,2024-06-10T09:05:00Z,1.07631,1.07634,1.07624,1.07634,1214.40872467
Kraken:EURUSD,2024-06-10T09:06:00Z,1.07624,1.07625,1.07624,1.07625,163.08730277
Kraken:EURUSD,2024-06-10T09:07:00Z,1.07635,1.07661,1.07625,1.07633,11962.24478933
Kraken:EURUSD,2024-06-10T09:08:00Z,1.0762,1.0762,1.0762,1.0762,15.68
Kraken:EURUSD,2024-06-10T09:09:00Z,1.07622,1.07654,1.0761,1.07612,5276.9736742
Kraken:EURUSD,2024-06-10T09:10:00Z,1.07613,1.07643,1.07599,1.07614,3962.99012013
Kraken:EURUSD,2024-06-10T09:11:00Z,1.07617,1.07647,1.07612,1.07615,3663.26670568
Kraken:EURUSD,2024-06-10T09:12:00Z,1.07634,1.07643,1.07616,1.07617,7303.45743725
Kraken:EURUSD,2024-06-10T09:13:00Z,1.07619,1.07645,1.07617,1.07634,34960.62813586
Kraken:EURUSD,2024-06-10T09:14:00Z,1.07617,1.0764,1.07615,1.07638,6926.18731185
Kraken:EURUSD,2024-06-10T09:15:00Z,1.07618,1.0763,1.07611,1.07628,8086.37869376
Kraken:EURUSD,2024-06-10T09:16:00Z,1.0762,1.07639,1.07614,1.07639,3051.28603645
Kraken:EURUSD,2024-06-10T09:17:00Z,1.07625,1.07632,1.07603,1.07622,24510.147887
Kraken:EURUSD,2024-06-10T09:18:00Z,1.07648,1.07648,1.07645,1.07645,726.55612857
Kraken:EURUSD,2024-06-10T09:19:00Z,1.07641,1.07647,1.07617,1.07617,573.45949096
Kraken:EURUSD,2024-06-10T09:20:00Z,1.07623,1.07623,1.07622,1.07623,404.92896553
Kraken:EURUSD,2024-06-10T09:21:00Z,1.07615,1.07648,1.07615,1.07648,7165.63628953
Kraken:EURUSD,2024-06-10T09:22:00Z,1.07635,1.07635,1.07635,1.07635,281.50694476
Kraken:EURUSD,2024-06-10T09:23:00Z,1.07622,1.07657,1.07622,1.07637,33997.24575682
Kraken:EURUSD,2024-06-10T09:24:00Z,1.07645,1.07645,1.0764,1.07645,2349.64371698
Kraken:EURUSD,2024-06-10T09:25:00Z,1.0764,1.0764,1.0762,1.07636,6915.35560592
Kraken:EURUSD,2024-06-10T09:26:00Z,1.07617,1.07622,1.07617,1.07622,511.74040773
Kraken:EURUSD,2024-06-10T09:27:00Z,1.07614,1.07618,1.07614,1.07618,20523.57789754
Kraken:EURUSD,2024-06-10T09:28:00Z,1.07618,1.07624,1.0759,1.07624,8469.74424665
Kraken:EURUSD,2024-06-10T09:29:00Z,1.07594,1.07594,1.0759,1.07591,1290.56235867
Kraken:EURUSD,2024-06-10T09:30:00Z,1.07584,1.07584,1.07545,1.07562,10970.5437044
Kraken:EURUSD,2024-06-10T09:31:00Z,1.07586,1.07586,1.0756,1.0756,146.03941266
Kraken:EURUSD,2024-06-10T09:32:00Z,1.07559,1.07629,1.07559,1.07616,33117.83570414
Kraken:EURUSD,2024-06-10T09:33:00Z,1.07572,1.07573,1.07571,1.07572,2213.26487052
Kraken:EURUSD,2024-06-10T09:34:00Z,1.07572,1.07599,1.0757,1.0757,387.05337111
Kraken:EURUSD,2024-06-10T09:35:00Z,1.07594,1.07598,1.07594,1.07598,478.78932508
Kraken:EURUSD,2024-06-10T09:36:00Z,1.0757,1.07613,1.0757,1.07572,3170.39687926
Kraken:EURUSD,2024-06-10T09:37:00Z,1.0758,1.07589,1.07574,1.0758,2477.30809062
Kraken:EURUSD,2024-06-10T09:38:00Z,1.07581,1.07591,1.07552,1.07552,7623.90019391
Kraken:EURUSD,2024-06-10T09:39:00Z,1.07568,1.07582,1.07565,1.07566,6562.03153794
Kraken:EURUSD,2024-06-10T09:40:00Z,1.07566,1.07568,1.07566,1.07568,1036.67945038
Kraken:EURUSD,2024-06-10T09:41:00Z,1.07569,1.07569,1.07568,1.07569,26753.64155202
Kraken:EURUSD,2024-06-10T09:42:00Z,1.07568,1.07578,1.07567,1.07571,7633.39218004
Kraken:EURUSD,2024-06-10T09:44:00Z,1.07566,1.07566,1.07532,1.07532,72.72859041
Kraken:EURUSD,2024-06-10T09:45:00Z,1.07535,1.07574,1.07522,1.07559,4419.11439638
Kraken:EURUSD,2024-06-10T09:46:00Z,1.07532,1.07568,1.07526,1.07556,18758.18342019
Kraken:EURUSD,2024-06-10T09:47:00Z,1.07539,1.07548,1.07539,1.07548,4562.76769013
Kraken:EURUSD,2024-06-10T09:48:00Z,1.07549,1.07549,1.07548,1.07549,834.47820735
Kraken:EURUSD,2024-06-10T09:50:00Z,1.07549,1.07549,1.07549,1.07549,373.11569609
Kraken:EURUSD,2024-06-10T09:51:00Z,1.07549,1.07555,1.07533,1.07533,16722.05369379
Kraken:EURUSD,2024-06-10T09:52:00Z,1.07544,1.07545,1.0754,1.07541,4156.01297505
Kraken:EURUSD,2024-06-10T09:53:00Z,1.07541,1.0755,1.07541,1.0755,2789.50286054
Kraken:EURUSD,2024-06-10T09:54:00Z,1.0753,1.0753,1.07497,1.07497,14969.02782158
Kraken:EURUSD,2024-06-10T09:55:00Z,1.07499,1.075,1.07467,1.07467,30254.54579115
Kraken:EURUSD,2024-06-10T09:56:00Z,1.07467,1.07542,1.07451,1.07468,113845.33111678
Kraken:EURUSD,2024-06-10T09:57:00Z,1.07468,1.0748,1.07465,1.07479,14320.59453025
Kraken:EURUSD,2024-06-10T09:58:00Z,1.07489,1.07491,1.07473,1.0748,16317.3592948
Kraken:EURUSD,2024-06-10T09:59:00Z,1.07481,1.07485,1.07473,1.07474,35180.0122917
Kraken:EURUSD,2024-06-10T10:00:00Z,1.07474,1.07474,1.07467,1.07467,5960.253836
Kraken:EURUSD,2024-06-10T10:01:00Z,1.07472,1.0748,1.07463,1.07469,5344.75587449
Kraken:EURUSD,2024-06-10T10:02:00Z,1.07465,1.07474,1.07465,1.07471,17441.01064477
Kraken:EURUSD,2024-06-10T10:03:00Z,1.07472,1.0748,1.07467,1.07468,7776.87094222
Kraken:EURUSD,2024-06-10T10:04:00Z,1.07467,1.07467,1.07452,1.07452,16136.27554252
Kraken:EURUSD,2024-06-10T10:05:00Z,1.07467,1.07475,1.07444,1.07444,52600.22371799
Kraken:EURUSD,2024-06-10T10:06:00Z,1.07455,1.07459,1.07451,1.07456,31032.1633259
Kraken:EURUSD,2024-06-10T10:07:00Z,1.07458,1.0746,1.07449,1.07455,12635.1090979
Kraken:EURUSD,2024-06-10T10:08:00Z,1.07461,1.07463,1.0744,1.07454,49509.77552768
Kraken:EURUSD,2024-06-10T10:09:00Z,1.07446,1.07446,1.07421,1.07425,77414.35480368
Kraken:EURUSD,2024-06-10T10:10:00Z,1.0743,1.0743,1.0742,1.07425,28024.94342241
Kraken:EURUSD,2024-06-10T10:12:00Z,1.07424,1.07424,1.07412,1.07412,5237.92595926
Kraken:EURUSD,2024-06-10T10:13:00Z,1.07412,1.07412,1.07411,1.07411,398.45775876
Kraken:EURUSD,2024-06-10T10:14:00Z,1.07411,1.07411,1.07408,1.07409,4871.80621924
Kraken:EURUSD,2024-06-10T10:15:00Z,1.07405,1.07405,1.07398,1.07398,3173.49387355
Kraken:EURUSD,2024-06-10T10:16:00Z,1.07407,1.07415,1.07407,1.07414,2448.57722926
Kraken:EURUSD,2024-06-10T10:17:00Z,1.07407,1.07413,1.07393,1.07407,97951.28746899
Kraken:EURUSD,2024-06-10T10:18:00Z,1.07407,1.07424,1.07388,1.07415,49382.68751351
Kraken:EURUSD,2024-06-10T10:19:00Z,1.07416,1.07417,1.07416,1.07416,5950.40473758
Kraken:EURUSD,2024-06-10T10:20:00Z,1.07416,1.07416,1.07416,1.07416,37.6218843
Kraken:EURUSD,2024-06-10T10:21:00Z,1.07416,1.07416,1.07411,1.07416,68918.02517421
Kraken:EURUSD,2024-06-10T10:22:00Z,1.07416,1.07417,1.07413,1.07416,11519.92014477
Kraken:EURUSD,2024-06-10T10:23:00Z,1.07414,1.07425,1.07414,1.07424,385.78186155
Kraken:EURUSD,2024-06-10T10:25:00Z,1.07407,1.07411,1.07407,1.07411,4259.90746377
Kraken:EURUSD,2024-06-10T10:26:00Z,1.07411,1.07411,1.07409,1.07409,799.1503574
Kraken:EURUSD,2024-06-10T10:27:00Z,1.07387,1.07392,1.0738,1.07387,32218.95363155
Kraken:EURUSD,2024-06-10T10:28:00Z,1.07387,1.07388,1.07386,1.07386,5268.34393674
Kraken:EURUSD,2024-06-10T10:29:00Z,1.07387,1.07388,1.07386,1.07388,6811.84765033
Kraken:EURUSD,2024-06-10T10:30:00Z,1.07392,1.07392,1.07388,1.07389,1307.13663748
Kraken:EURUSD,2024-06-10T10:31:00Z,1.07387,1.07389,1.07387,1.07389,3055.13158949
Kraken:EURUSD,2024-06-10T10:32:00Z,1.07388,1.07388,1.07388,1.07388,115.74128916
Kraken:EURUSD,2024-06-10T10:33:00Z,1.07388,1.07388,1.07387,1.07387,442.1590886
Kraken:EURUSD,2024-06-10T10:34:00Z,1.07388,1.07388,1.07388,1.07388,338.1515452
Kraken:EURUSD,2024-06-10T10:35:00Z,1.07396,1.07405,1.07396,1.07405,2193.87556027
Kraken:EURUSD,2024-06-10T10:36:00Z,1.07405,1.07406,1.07405,1.07405,3310.34023175
Kraken:EURUSD,2024-06-10T10:37:00Z,1.07404,1.07411,1.07403,1.07409,1732.80301682
Kraken:EURUSD,2024-06-10T10:38:00Z,1.07409,1.0741,1.07409,1.0741,436.70041128
Kraken:EURUSD,2024-06-10T10:39:00Z,1.07395,1.07395,1.07395,1.07395,29.32939149
Kraken:EURUSD,2024-06-10T10:40:00Z,1.07394,1.07394,1.07392,1.07392,336.75885159
Kraken:EURUSD,2024-06-10T10:41:00Z,1.07392,1.07392,1.07387,1.07387,646.8749027
Kraken:EURUSD,2024-06-10T10:42:00Z,1.0739,1.0739,1.07388,1.07388,157.53643944
Kraken:EURUSD,2024-06-10T10:43:00Z,1.07388,1.07388,1.07387,1.07388,195.68043155
Kraken:EURUSD,2024-06-10T10:44:00Z,1.07394,1.07399,1.07392,1.07399,25278.00506758
Kraken:EURUSD,2024-06-10T10:45:00Z,1.07393,1.07401,1.07392,1.07394,12370.34303259
Kraken:EURUSD,2024-06-10T10:46:00Z,1.07404,1.07404,1.07399,1.07399,42.73211025
Kraken:EURUSD,2024-06-10T10:47:00Z,1.07402,1.07402,1.074,1.074,2406.33779772
Kraken:EURUSD,2024-06-10T10:48:00Z,1.074,1.07403,1.07394,1.07394,685.66932488
Kraken:EURUSD,2024-06-10T10:49:00Z,1.07399,1.07399,1.07395,1.07397,18920.60496455
Kraken:EURUSD,2024-06-10T10:50:00Z,1.07395,1.07395,1.07395,1.07395,6.4935
Kraken:EURUSD,2024-06-10T10:51:00Z,1.07395,1.07404,1.07395,1.07395,6219.16844568
Kraken:EURUSD,2024-06-10T10:52:00Z,1.07398,1.07398,1.07394,1.07398,617.17750666
Kraken:EURUSD,2024-06-10T10:53:00Z,1.07398,1.07403,1.07394,1.07403,4313.92658158
Kraken:EURUSD,2024-06-10T10:54:00Z,1.07408,1.07408,1.07402,1.07402,4452.90499658
Kraken:EURUSD,2024-06-10T10:56:00Z,1.07421,1.07421,1.07421,1.07421,109.98819418
Kraken:EURUSD,2024-06-10T10:57:00Z,1.07417,1.07417,1.07417,1.07417,5.86853105
Kraken:EURUSD,2024-06-10T10:59:00Z,1.0741,1.07416,1.0741,1.07416,1703.09170082
Kraken:EURUSD,2024-06-10T11:00:00Z,1.07416,1.07416,1.07416,1.07416,669.22624698
Kraken:EURUSD,2024-06-10T11:01:00Z,1.07416,1.07419,1.07408,1.07417,5333.63962236
Kraken:EURUSD,2024-06-10T11:02:00Z,1.07417,1.07419,1.07413,1.07419,2827.48390297
Kraken:EURUSD,2024-06-10T11:03:00Z,1.07424,1.07425,1.07424,1.07425,534.17285676
Kraken:EURUSD,2024-06-10T11:04:00Z,1.07419,1.0742,1.07419,1.0742,997.45320529
Kraken:EURUSD,2024-06-10T11:05:00Z,1.0742,1.07425,1.0742,1.07423,3871.0787677
Kraken:EURUSD,2024-06-10T11:06:00Z,1.07425,1.07425,1.07424,1.07424,1894.34912569
Kraken:EURUSD,2024-06-10T11:07:00Z,1.07425,1.07425,1.07425,1.07425,1582.49939364
Kraken:EURUSD,2024-06-10T11:08:00Z,1.07427,1.07433,1.07425,1.07432,32830.30546223
Kraken:EURUSD,2024-06-10T11:09:00Z,1.07435,1.07437,1.07434,1.07434,4166.43062719
Kraken:EURUSD,2024-06-10T11:10:00Z,1.07443,1.0745,1.07431,1.07442,26950.48554205
Kraken:EURUSD,2024-06-10T11:11:00Z,1.07441,1.07441,1.07432,1.07439,153.78080046
Kraken:EURUSD,2024-06-10T11:12:00Z,1.07443,1.07456,1.07443,1.07456,186.68138265
Kraken:EURUSD,2024-06-10T11:13:00Z,1.07465,1.07467,1.07465,1.07467,365.42397329
Kraken:EURUSD,2024-06-10T11:14:00Z,1.07468,1.07475,1.07468,1.07475,3571.12456676
Kraken:EURUSD,2024-06-10T11:15:00Z,1.07481,1.07481,1.07475,1.07475,5185.50362279
Kraken:EURUSD,2024-06-10T11:16:00Z,1.07479,1.0748,1.07479,1.0748,951.95726655
Kraken:EURUSD,2024-06-10T11:17:00Z,1.07471,1.07474,1.07471,1.07474,551.979782
Kraken:EURUSD,2024-06-10T11:18:00Z,1.07473,1.07474,1.07465,1.07474,6294.65480618
Kraken:EURUSD,2024-06-10T11:19:00Z,1.07471,1.0748,1.0747,1.0748,1902.57867826
Kraken:EURUSD,2024-06-10T11:20:00Z,1.07471,1.07471,1.07471,1.07471,560.94425471
Kraken:EURUSD,2024-06-10T11:21:00Z,1.0747,1.07484,1.0747,1.07484,1608.52066695
Kraken:EURUSD,2024-06-10T11:22:00Z,1.07491,1.07499,1.07491,1.07498,8241.33525811
Kraken:EURUSD,2024-06-10T11:23:00Z,1.07498,1.07498,1.07498,1.07498,645.39870991
Kraken:EURUSD,2024-06-10T11:24:00Z,1.07505,1.07505,1.07505,1.07505,633.7646621
Kraken:EURUSD,2024-06-10T11:25:00Z,1.07503,1.07503,1.07494,1.07495,2976.07094798
Kraken:EURUSD,2024-06-10T11:26:00Z,1.07501,1.07501,1.07501,1.07501,158.487828
Kraken:EURUSD,2024-06-10T11:27:00Z,1.07499,1.07501,1.07499,1.07501,508.2851598
Kraken:EURUSD,2024-06-10T11:28:00Z,1.07491,1.075,1.07479,1.07492,3475.51486854
Kraken:EURUSD,2024-06-10T11:29:00Z,1.07491,1.07497,1.07491,1.07491,355.22872941
Kraken:EURUSD,2024-06-10T11:30:00Z,1.07488,1.07491,1.07488,1.0749,2514.53724332
Kraken:EURUSD,2024-06-10T11:31:00Z,1.07491,1.07491,1.07491,1.07491,960.34495911
Kraken:EURUSD,2024-06-10T11:33:00Z,1.07497,1.075,1.07497,1.075,182.4740433
Kraken:EURUSD,2024-06-10T11:34:00Z,1.07502,1.07509,1.07499,1.07499,3169.7189
Kraken:EURUSD,2024-06-10T11:35:00Z,1.07508,1.07508,1.07508,1.07508,398.11773772
Kraken:EURUSD,2024-06-10T11:36:00Z,1.07508,1.07508,1.07508,1.07508,70.72236482
Kraken:EURUSD,2024-06-10T11:37:00Z,1.07494,1.07501,1.07491,1.07496,8867.12147931
Kraken:EURUSD,2024-06-10T11:38:00Z,1.07492,1.07504,1.07492,1.075,366.40332805
Kraken:EURUSD,2024-06-10T11:39:00Z,1.075,1.075,1.07488,1.07492,5755.7626785
Kraken:EURUSD,2024-06-10T11:40:00Z,1.07504,1.07504,1.07497,1.07497,1346.93276447
Kraken:EURUSD,2024-06-10T11:41:00Z,1.07497,1.07503,1.07487,1.07503,12251.37102291
Kraken:EURUSD,2024-06-10T11:42:00Z,1.07509,1.07541,1.07509,1.0752,49584.54069963
Kraken:EURUSD,2024-06-10T11:43:00Z,1.07517,1.07517,1.07517,1.07517,3.5555
Kraken:EURUSD,2024-06-10T11:44:00Z,1.07512,1.07512,1.07512,1.07512,43.08363757
Kraken:EURUSD,2024-06-10T11:45:00Z,1.07511,1.0753,1.07511,1.0753,61.70514386
Kraken:EURUSD,2024-06-10T11:46:00Z,1.0752,1.0752,1.0752,1.0752,84.4349
Kraken:EURUSD,2024-06-10T11:47:00Z,1.07527,1.07527,1.07527,1.07527,1E+1
Kraken:EURUSD,2024-06-10T11:48:00Z,1.07531,1.0754,1.07531,1.0754,4788.91471356
Kraken:EURUSD,2024-06-10T11:49:00Z,1.07539,1.07539,1.07534,1.07534,308.5441061
Kraken:EURUSD,2024-06-10T11:50:00Z,1.07538,1.07542,1.07538,1.07542,2619.38295372
Kraken:EURUSD,2024-06-10T11:51:00Z,1.07541,1.07542,1.07541,1.07542,3058.37490469
Kraken:EURUSD,2024-06-10T11:52:00Z,1.07541,1.07551,1.07541,1.07546,8282.17946971
Kraken:EURUSD,2024-06-10T11:54:00Z,1.07559,1.07559,1.07548,1.07548,1075.02165078
Kraken:EURUSD,2024-06-10T11:56:00Z,1.07577,1.07578,1.07577,1.07578,762.82269037
Kraken:EURUSD,2024-06-10T11:57:00Z,1.0757,1.0757,1.07566,1.07566,38.2722
Kraken:EURUSD,2024-06-10T11:58:00Z,1.07561,1.07573,1.07561,1.07573,372.5838469
Kraken:EURUSD,2024-06-10T11:59:00Z,1.07569,1.07581,1.07565,1.07567,5994.91815684
Kraken:EURUSD,2024-06-10T12:00:00Z,1.07565,1.07569,1.07558,1.07558,264.84842655
Kraken:EURUSD,2024-06-10T12:01:00Z,1.07572,1.07573,1.07569,1.07569,803.11310181
Kraken:EURUSD,2024-06-10T12:02:00Z,1.07575,1.07575,1.07575,1.07575,250.63137345
Kraken:EURUSD,2024-06-10T12:03:00Z,1.07583,1.07583,1.07578,1.07578,1291.95916268
Kraken:EURUSD,2024-06-10T12:04:00Z,1.07576,1.07589,1.07576,1.07589,424.98758619
Kraken:EURUSD,2024-06-10T12:05:00Z,1.07578,1.07578,1.07565,1.0757,5698.4625499
Kraken:EURUSD,2024-06-10T12:06:00Z,1.07563,1.07571,1.07563,1.0757,5865.9091127
Kraken:EURUSD,2024-06-10T12:07:00Z,1.07571,1.07592,1.0757,1.07591,1026.22414138
Kraken:EURUSD,2024-06-10T12:08:00Z,1.07577,1.07582,1.07577,1.07582,12725.48515868
Kraken:EURUSD,2024-06-10T12:09:00Z,1.07578,1.07587,1.07578,1.07585,9619.66919495
Kraken:EURUSD,2024-06-10T12:10:00Z,1.0758,1.0758,1.07579,1.07579,210.66410689
Kraken:EURUSD,2024-06-10T12:11:00Z,1.07586,1.07597,1.07586,1.07591,625.93335914
Kraken:EURUSD,2024-06-10T12:12:00Z,1.07576,1.07576,1.07575,1.07575,2364.12253048
Kraken:EURUSD,2024-06-10T12:13:00Z,1.07576,1.07586,1.07562,1.07581,6907.66307927
Kraken:EURUSD,2024-06-10T12:14:00Z,1.07582,1.07588,1.07582,1.07588,57.00244336
Kraken:EURUSD,2024-06-10T12:15:00Z,1.07582,1.07595,1.07582,1.07585,3381.24531266
Kraken:EURUSD,2024-06-10T12:16:00Z,1.07594,1.07595,1.07593,1.07595,2289.20463419
Kraken:EURUSD,2024-06-10T12:17:00Z,1.07586,1.07586,1.07585,1.07585,25136.60761305
Kraken:EURUSD,2024-06-10T12:18:00Z,1.07578,1.07588,1.07578,1.07588,105.4013155
Kraken:EURUSD,2024-06-10T12:19:00Z,1.07585,1.07598,1.07585,1.07598,245.47685223
Kraken:EURUSD,2024-06-10T12:20:00Z,1.07589,1.07619,1.07589,1.07619,3195.32341138
Kraken:EURUSD,2024-06-10T12:21:00Z,1.07613,1.07621,1.07613,1.07621,3150.26527411
Kraken:EURUSD,2024-06-10T12:22:00Z,1.0762,1.0762,1.07618,1.07619,206320.14363438
Kraken:EURUSD,2024-06-10T12:25:00Z,1.07624,1.07624,1.07624,1.07624,14.53012339
Kraken:EURUSD,2024-06-10T12:26:00Z,1.07621,1.07621,1.07621,1.07621,5.0802752
Kraken:EURUSD,2024-06-10T12:27:00Z,1.07618,1.07618,1.07598,1.07598,64055.15878863
Kraken:EURUSD,2024-06-10T12:28:00Z,1.07598,1.07598,1.07596,1.07596,3563.02777037
Kraken:EURUSD,2024-06-10T12:29:00Z,1.07596,1.07603,1.07594,1.07603,1993.26065866
Kraken:EURUSD,2024-06-10T12:30:00Z,1.07596,1.07598,1.07587,1.07592,136267.72527829
Kraken:EURUSD,2024-06-10T12:31:00Z,1.07593,1.07593,1.07585,1.07591,73898.06987616
Kraken:EURUSD,2024-06-10T12:32:00Z,1.07591,1.07591,1.0756,1.07572,291909.9770965899
Kraken:EURUSD,2024-06-10T12:33:00Z,1.07571,1.07582,1.07569,1.07579,47899.11809971
Kraken:EURUSD,2024-06-10T12:34:00Z,1.07579,1.07579,1.07572,1.07578,8269.049
Kraken:EURUSD,2024-06-10T12:35:00Z,1.07578,1.0758,1.07578,1.0758,1225.03371647
Kraken:EURUSD,2024-06-10T12:36:00Z,1.07575,1.07575,1.07568,1.07568,1515.63949069
Kraken:EURUSD,2024-06-10T12:37:00Z,1.07567,1.07567,1.07549,1.07559,120076.87322696
Kraken:EURUSD,2024-06-10T12:38:00Z,1.07555,1.07559,1.07552,1.07558,2550.35313406
Kraken:EURUSD,2024-06-10T12:39:00Z,1.07554,1.07555,1.0755,1.07552,6157.85403862
Kraken:EURUSD,2024-06-10T12:40:00Z,1.07552,1.07552,1.07523,1.07523,8045.23701186
Kraken:EURUSD,2024-06-10T12:41:00Z,1.07534,1.07538,1.07524,1.07524,4155.52077233
Kraken:EURUSD,2024-06-10T12:42:00Z,1.07531,1.07531,1.07528,1.07528,512.80331163
Kraken:EURUSD,2024-06-10T12:43:00Z,1.07535,1.07535,1.07534,1.07534,7818.01292349
Kraken:EURUSD,2024-06-10T12:44:00Z,1.07527,1.07527,1.07517,1.07517,2214.3606062
Kraken:EURUSD,2024-06-10T12:46:00Z,1.07525,1.07525,1.07499,1.07513,16695.61677934
Kraken:EURUSD,2024-06-10T12:47:00Z,1.07511,1.07512,1.07491,1.07497,1472.072004
Kraken:EURUSD,2024-06-10T12:48:00Z,1.07491,1.07491,1.07491,1.07491,331.78377397
Kraken:EURUSD,2024-06-10T12:49:00Z,1.07491,1.07492,1.07489,1.07492,11533.60140065
Kraken:EURUSD,2024-06-10T12:50:00Z,1.07491,1.07491,1.07491,1.07491,309.84162015
Kraken:EURUSD,2024-06-10T12:51:00Z,1.07491,1.07491,1.07491,1.07491,600.53972926
Kraken:EURUSD,2024-06-10T12:52:00Z,1.07481,1.0749,1.07481,1.07485,1213.89551452
Kraken:EURUSD,2024-06-10T12:53:00Z,1.07485,1.07485,1.07473,1.07473,3692.74743025
Kraken:EURUSD,2024-06-10T12:54:00Z,1.07473,1.07473,1.07465,1.07465,46400.69543101
Kraken:EURUSD,2024-06-10T12:55:00Z,1.07467,1.07468,1.0746,1.0746,1123.65698561
Kraken:EURUSD,2024-06-10T12:56:00Z,1.07461,1.07462,1.07456,1.07462,7034.85811559
Kraken:EURUSD,2024-06-10T12:57:00Z,1.07463,1.07463,1.07451,1.07451,2503.99725046
Kraken:EURUSD,2024-06-10T12:58:00Z,1.0745,1.0745,1.07444,1.07448,1704.58339518
Kraken:EURUSD,2024-06-10T12:59:00Z,1.07444,1.07445,1.07435,1.07435,1528.11776958
Kraken:EURUSD,2024-06-10T13:00:00Z,1.07438,1.0744,1.07433,1.07433,3076.40444736
Kraken:EURUSD,2024-06-10T13:01:00Z,1.07436,1.07436,1.07435,1.07436,1549.73572589
Kraken:EURUSD,2024-06-10T13:02:00Z,1.07435,1.07457,1.07428,1.07457,1212.87326289
Kraken:EURUSD,2024-06-10T13:03:00Z,1.07451,1.07461,1.07449,1.07461,32655.27164595
Kraken:EURUSD,2024-06-10T13:04:00Z,1.0746,1.07461,1.07457,1.07459,18344.35362511
Kraken:EURUSD,2024-06-10T13:05:00Z,1.07461,1.07474,1.07461,1.07473,35461.03998132
Kraken:EURUSD,2024-06-10T13:06:00Z,1.07466,1.07474,1.07465,1.07466,903.46366317
Kraken:EURUSD,2024-06-10T13:07:00Z,1.07475,1.07476,1.07471,1.07472,2195.91614386
Kraken:EURUSD,2024-06-10T13:08:00Z,1.07471,1.07474,1.07471,1.07472,1632.04039113
Kraken:EURUSD,2024-06-10T13:09:00Z,1.07467,1.07474,1.07465,1.07474,146741.92308062
Kraken:EURUSD,2024-06-10T13:10:00Z,1.07476,1.0748,1.07459,1.07473,9504.97285651
Kraken:EURUSD,2024-06-10T13:11:00Z,1.07473,1.07493,1.07473,1.07483,9233.65973026
Kraken:EURUSD,2024-06-10T13:12:00Z,1.07483,1.07493,1.07483,1.07489,8337.61911339
Kraken:EURUSD,2024-06-10T13:13:00Z,1.07489,1.07489,1.0745,1.07474,207689.08602641
Kraken:EURUSD,2024-06-10T13:14:00Z,1.07475,1.07478,1.0747,1.07472,12716.21011478
Kraken:EURUSD,2024-06-10T13:15:00Z,1.0748,1.07483,1.07474,1.07483,849.51159063
Kraken:EURUSD,2024-06-10T13:16:00Z,1.07483,1.07483,1.0747,1.0748,28959.84311293
Kraken:EURUSD,2024-06-10T13:17:00Z,1.07478,1.07486,1.07472,1.07472,10423.82522135
Kraken:EURUSD,2024-06-10T13:18:00Z,1.07473,1.07474,1.07466,1.0747,9626.90745548
Kraken:EURUSD,2024-06-10T13:19:00Z,1.07464,1.07464,1.07431,1.07431,84456.80205018
Kraken:EURUSD,2024-06-10T13:20:00Z,1.07436,1.0745,1.07436,1.07442,2921.65297067
Kraken:EURUSD,2024-06-10T13:21:00Z,1.07434,1.07448,1.07434,1.07448,14166.88910454
Kraken:EURUSD,2024-06-10T13:22:00Z,1.0745,1.07454,1.07445,1.07447,7060.3843607
Kraken:EURUSD,2024-06-10T13:23:00Z,1.07449,1.07449,1.07438,1.07438,423.26058113
Kraken:EURUSD,2024-06-10T13:24:00Z,1.07439,1.07444,1.07411,1.07411,6121.49758966
Kraken:EURUSD,2024-06-10T13:25:00Z,1.07411,1.07411,1.07406,1.07406,1147.04646311
Kraken:EURUSD,2024-06-10T13:26:00Z,1.07406,1.07407,1.07405,1.07406,2174.60315248
Kraken:EURUSD,2024-06-10T13:27:00Z,1.07405,1.07406,1.07395,1.07396,1504.33961725
Kraken:EURUSD,2024-06-10T13:28:00Z,1.07394,1.07396,1.0739,1.07392,586.16327221
Kraken:EURUSD,2024-06-10T13:29:00Z,1.07389,1.07389,1.07388,1.07388,129.42657895
Kraken:EURUSD,2024-06-10T13:30:00Z,1.07391,1.07393,1.07388,1.07393,3260.70709818
Kraken:EURUSD,2024-06-10T13:31:00Z,1.07393,1.07393,1.07385,1.07386,108484.61368381
Kraken:EURUSD,2024-06-10T13:32:00Z,1.07386,1.07386,1.07377,1.0738,209870.88928181
Kraken:EURUSD,2024-06-10T13:33:00Z,1.0738,1.07384,1.0738,1.07384,81966.11140937
Kraken:EURUSD,2024-06-10T13:34:00Z,1.07383,1.07384,1.0736,1.07384,25583.19199797
Kraken:EURUSD,2024-06-10T13:35:00Z,1.07384,1.07409,1.07384,1.07408,5440.4531731
Kraken:EURUSD,2024-06-10T13:36:00Z,1.0741,1.07416,1.0741,1.07416,78621.55702792
Kraken:EURUSD,2024-06-10T13:37:00Z,1.07423,1.07434,1.07423,1.07431,6702.28923731
Kraken:EURUSD,2024-06-10T13:38:00Z,1.07431,1.07431,1.07408,1.07408,4455.99863255
Kraken:EURUSD,2024-06-10T13:39:00Z,1.07412,1.0742,1.07407,1.0742,3442.14882982
Kraken:EURUSD,2024-06-10T13:40:00Z,1.07417,1.07417,1.07403,1.07403,3199.21894905
Kraken:EURUSD,2024-06-10T13:41:00Z,1.074,1.07425,1.074,1.07424,116137.77027594
Kraken:EURUSD,2024-06-10T13:42:00Z,1.07415,1.07415,1.07407,1.07408,16840.86898164
Kraken:EURUSD,2024-06-10T13:43:00Z,1.0741,1.07425,1.0741,1.07417,707.47046951
Kraken:EURUSD,2024-06-10T13:44:00Z,1.07417,1.07417,1.07416,1.07417,289.26653538
Kraken:EURUSD,2024-06-10T13:45:00Z,1.07424,1.07429,1.07422,1.07422,818.63362772
Kraken:EURUSD,2024-06-10T13:46:00Z,1.07422,1.07427,1.07421,1.07427,7175.37635364
Kraken:EURUSD,2024-06-10T13:47:00Z,1.07416,1.07416,1.07407,1.07407,1112.13286489
Kraken:EURUSD,2024-06-10T13:48:00Z,1.07407,1.07407,1.07393,1.07396,354.5876553
Kraken:EURUSD,2024-06-10T13:49:00Z,1.07401,1.07401,1.07394,1.07394,2890.72160471
Kraken:EURUSD,2024-06-10T13:50:00Z,1.07397,1.07397,1.07384,1.07386,15273.10675098
Kraken:EURUSD,2024-06-10T13:51:00Z,1.07389,1.07389,1.07387,1.07387,12927.53987306
Kraken:EURUSD,2024-06-10T13:52:00Z,1.07386,1.07386,1.07378,1.0738,13864.11045739
Kraken:EURUSD,2024-06-10T13:53:00Z,1.07381,1.07389,1.07378,1.07388,1503.71176949
Kraken:EURUSD,2024-06-10T13:54:00Z,1.07394,1.07401,1.07394,1.07396,12302.06619238
Kraken:EURUSD,2024-06-10T13:55:00Z,1.07399,1.07411,1.07399,1.07411,7552.72010392
Kraken:EURUSD,2024-06-10T13:56:00Z,1.07407,1.07412,1.07407,1.07411,1568.98316359
Kraken:EURUSD,2024-06-10T13:57:00Z,1.07416,1.07423,1.07405,1.07415,90157.01101961
Kraken:EURUSD,2024-06-10T13:58:00Z,1.07416,1.07416,1.07412,1.07412,2893.88865176
Kraken:EURUSD,2024-06-10T13:59:00Z,1.07413,1.07413,1.07411,1.07411,366.57098447
Kraken:EURUSD,2024-06-10T14:00:00Z,1.07414,1.07416,1.07393,1.07393,1177.42948287
Kraken:EURUSD,2024-06-10T14:01:00Z,1.07393,1.07401,1.07387,1.0739,194.84317312
Kraken:EURUSD,2024-06-10T14:02:00Z,1.0739,1.0739,1.0738,1.07382,7794.95291147
Kraken:EURUSD,2024-06-10T14:03:00Z,1.07377,1.07377,1.07377,1.07377,5.18704621
Kraken:EURUSD,2024-06-10T14:04:00Z,1.07376,1.07376,1.07376,1.07376,62.41583999
Kraken:EURUSD,2024-06-10T14:05:00Z,1.07379,1.07384,1.07379,1.07384,12381.44923662
Kraken:EURUSD,2024-06-10T14:06:00Z,1.07379,1.07386,1.07378,1.07383,27738.49663117
Kraken:EURUSD,2024-06-10T14:07:00Z,1.07382,1.07385,1.07377,1.07377,161177.78821982
Kraken:EURUSD,2024-06-10T14:08:00Z,1.07381,1.07382,1.07373,1.07374,24270.17357289
Kraken:EURUSD,2024-06-10T14:09:00Z,1.0738,1.07383,1.07372,1.07379,337.5133539
Kraken:EURUSD,2024-06-10T14:10:00Z,1.07377,1.07377,1.07376,1.07376,103.3202
Kraken:EURUSD,2024-06-10T14:11:00Z,1.07376,1.07376,1.07375,1.07375,517.7763673
Kraken:EURUSD,2024-06-10T14:12:00Z,1.07374,1.07376,1.07374,1.07376,36.1061058
Kraken:EURUSD,2024-06-10T14:13:00Z,1.07363,1.07375,1.07361,1.07375,1353.68358146
Kraken:EURUSD,2024-06-10T14:14:00Z,1.07373,1.07383,1.0737,1.07374,161714.0321159801
Kraken:EURUSD,2024-06-10T14:15:00Z,1.07386,1.07386,1.07386,1.07386,2442.97270481
Kraken:EURUSD,2024-06-10T14:16:00Z,1.0739,1.0739,1.07387,1.07387,190.98457267
Kraken:EURUSD,2024-06-10T14:17:00Z,1.07391,1.07396,1.07391,1.07396,68606.7593369201
Kraken:EURUSD,2024-06-10T14:18:00Z,1.07396,1.07398,1.07396,1.07398,2880.66584569
Kraken:EURUSD,2024-06-10T14:19:00Z,1.07396,1.07396,1.07395,1.07395,16167.72085644
Kraken:EURUSD,2024-06-10T14:20:00Z,1.07395,1.07395,1.07391,1.07391,232543.24128358
Kraken:EURUSD,2024-06-10T14:21:00Z,1.07392,1.07392,1.07376,1.07387,164383.62575999
Kraken:EURUSD,2024-06-10T14:22:00Z,1.07387,1.07398,1.07387,1.07398,689.92712693
Kraken:EURUSD,2024-06-10T14:23:00Z,1.07399,1.07413,1.07399,1.07406,2278.98269965
Kraken:EURUSD,2024-06-10T14:24:00Z,1.07412,1.07417,1.07412,1.07417,1427.20867351
Kraken:EURUSD,2024-06-10T14:25:00Z,1.07414,1.07414,1.07413,1.07413,336.31096699
Kraken:EURUSD,2024-06-10T14:26:00Z,1.07406,1.07407,1.07406,1.07406,80570.67788765
Kraken:EURUSD,2024-06-10T14:27:00Z,1.07406,1.07407,1.074,1.07402,49144.3018377199
Kraken:EURUSD,2024-06-10T14:28:00Z,1.07402,1.07404,1.07397,1.07397,554.36177761
Kraken:EURUSD,2024-06-10T14:30:00Z,1.07397,1.07397,1.07389,1.07389,67449.65901287
Kraken:EURUSD,2024-06-10T14:31:00Z,1.07389,1.07389,1.07389,1.07389,8.2091
Kraken:EURUSD,2024-06-10T14:33:00Z,1.07387,1.07395,1.07387,1.07395,10176.59809271
Kraken:EURUSD,2024-06-10T14:34:00Z,1.07396,1.07418,1.07396,1.07418,19635.00718652
Kraken:EURUSD,2024-06-10T14:35:00Z,1.0742,1.0743,1.07419,1.0743,2312.42455608
Kraken:EURUSD,2024-06-10T14:36:00Z,1.07425,1.07426,1.07413,1.07419,426.76978692
Kraken:EURUSD,2024-06-10T14:37:00Z,1.07427,1.07429,1.07421,1.07429,6075.49493851
Kraken:EURUSD,2024-06-10T14:38:00Z,1.0742,1.07427,1.07418,1.07427,657.46877081
Kraken:EURUSD,2024-06-10T14:39:00Z,1.07424,1.07435,1.07424,1.07435,25305.60237848
Kraken:EURUSD,2024-06-10T14:40:00Z,1.07435,1.07438,1.07435,1.07438,1959.57978824
Kraken:EURUSD,2024-06-10T14:41:00Z,1.07442,1.07442,1.07442,1.07442,1049.64222557
Kraken:EURUSD,2024-06-10T14:42:00Z,1.07444,1.07444,1.07435,1.07435,143.7258303
Kraken:EURUSD,2024-06-10T14:43:00Z,1.07428,1.07428,1.07418,1.07418,6862.32778233
Kraken:EURUSD,2024-06-10T14:44:00Z,1.07417,1.0742,1.07417,1.0742,2099.1567212
Kraken:EURUSD,2024-06-10T14:45:00Z,1.07418,1.07445,1.07418,1.07442,2654.73484416
Kraken:EURUSD,2024-06-10T14:46:00Z,1.0744,1.07449,1.0744,1.07449,540.24075789
Kraken:EURUSD,2024-06-10T14:47:00Z,1.07449,1.0745,1.07448,1.0745,6491.21880405
Kraken:EURUSD,2024-06-10T14:48:00Z,1.07445,1.07459,1.07445,1.07445,13465.29964661
Kraken:EURUSD,2024-06-10T14:49:00Z,1.07443,1.07445,1.07435,1.07435,744.44816002
Kraken:EURUSD,2024-06-10T14:50:00Z,1.07426,1.07437,1.07426,1.07431,6561.62172432
Kraken:EURUSD,2024-06-10T14:51:00Z,1.07432,1.07432,1.07418,1.07418,19741.17906872
Kraken:EURUSD,2024-06-10T14:52:00Z,1.07416,1.07417,1.07402,1.07407,5302.18513554
Kraken:EURUSD,2024-06-10T14:53:00Z,1.07407,1.0741,1.07404,1.07406,596.68824224
Kraken:EURUSD,2024-06-10T14:54:00Z,1.07409,1.07409,1.07409,1.07409,19.0348
Kraken:EURUSD,2024-06-10T14:55:00Z,1.07407,1.0741,1.0739,1.0739,8753.12765087
Kraken:EURUSD,2024-06-10T14:56:00Z,1.0739,1.0739,1.07375,1.07385,143231.91230469
Kraken:EURUSD,2024-06-10T14:57:00Z,1.07384,1.07384,1.07366,1.07371,320271.1643546894
Kraken:EURUSD,2024-06-10T14:58:00Z,1.0737,1.07375,1.07369,1.0737,97852.2845279798
Kraken:EURUSD,2024-06-10T14:59:00Z,1.07366,1.07366,1.07356,1.07356,4608.14205158
Kraken:EURUSD,2024-06-10T15:00:00Z,1.07357,1.0736,1.07357,1.07358,185806.33711836
Kraken:EURUSD,2024-06-10T15:01:00Z,1.07358,1.07367,1.07352,1.07367,52942.14457678
Kraken:EURUSD,2024-06-10T15:02:00Z,1.07366,1.07383,1.07366,1.07383,7271.65171347
Kraken:EURUSD,2024-06-10T15:03:00Z,1.07383,1.07384,1.07382,1.07383,4041.17963553
Kraken:EURUSD,2024-06-10T15:04:00Z,1.07382,1.07382,1.07369,1.07371,6004.43990369
Kraken:EURUSD,2024-06-10T15:05:00Z,1.07371,1.0738,1.07371,1.07377,264.71248231
Kraken:EURUSD,2024-06-10T15:06:00Z,1.07377,1.07377,1.07371,1.07376,6992.42151626
Kraken:EURUSD,2024-06-10T15:07:00Z,1.07381,1.07387,1.0738,1.07387,6823.39690626
Kraken:EURUSD,2024-06-10T15:08:00Z,1.07392,1.07405,1.07391,1.07405,487.81457668
Kraken:EURUSD,2024-06-10T15:09:00Z,1.0738,1.07384,1.07371,1.07373,7813.67393232
Kraken:EURUSD,2024-06-10T15:10:00Z,1.0737,1.0737,1.07352,1.07353,27416.92008639
Kraken:EURUSD,2024-06-10T15:11:00Z,1.07353,1.07358,1.07342,1.07345,45714.69253029
Kraken:EURUSD,2024-06-10T15:12:00Z,1.07345,1.07376,1.07342,1.07359,16602.87128546
Kraken:EURUSD,2024-06-10T15:13:00Z,1.0736,1.07379,1.0736,1.07379,1475.36121311
Kraken:EURUSD,2024-06-10T15:14:00Z,1.07367,1.07385,1.07367,1.07377,1298.79284727
Kraken:EURUSD,2024-06-10T15:15:00Z,1.07382,1.074,1.07379,1.074,2832.01390783
Kraken:EURUSD,2024-06-10T15:16:00Z,1.07392,1.07403,1.0739,1.07403,1152.74565219
Kraken:EURUSD,2024-06-10T15:17:00Z,1.07403,1.07406,1.07378,1.07378,5059.11837971
Kraken:EURUSD,2024-06-10T15:18:00Z,1.07399,1.07419,1.07399,1.07415,3221.21796778
Kraken:EURUSD,2024-06-10T15:19:00Z,1.07421,1.07424,1.07411,1.07411,41794.7052523
Kraken:EURUSD,2024-06-10T15:20:00Z,1.07416,1.07421,1.07412,1.0742,5975.90439802
Kraken:EURUSD,2024-06-10T15:21:00Z,1.07411,1.07422,1.07405,1.07421,148757.83103323
Kraken:EURUSD,2024-06-10T15:22:00Z,1.07421,1.07423,1.07411,1.07421,62332.03649335
Kraken:EURUSD,2024-06-10T15:23:00Z,1.07422,1.07428,1.07415,1.07424,540.41505382
Kraken:EURUSD,2024-06-10T15:24:00Z,1.07424,1.07434,1.07418,1.07419,1630.20779483
Kraken:EURUSD,2024-06-10T15:25:00Z,1.07426,1.07426,1.07418,1.07418,2525.57634587
Kraken:EURUSD,2024-06-10T15:26:00Z,1.07419,1.07429,1.07419,1.07429,1672.24493464
Kraken:EURUSD,2024-06-10T15:27:00Z,1.07429,1.07437,1.07429,1.0743,515.65881924
Kraken:EURUSD,2024-06-10T15:28:00Z,1.07434,1.07434,1.07413,1.07429,12165.39261329
Kraken:EURUSD,2024-06-10T15:29:00Z,1.07429,1.07429,1.07422,1.07425,3149.64092116
Kraken:EURUSD,2024-06-10T15:30:00Z,1.07427,1.07436,1.07422,1.07436,1492.8677098
Kraken:EURUSD,2024-06-10T15:31:00Z,1.07429,1.07431,1.07424,1.07425,13316.5111741
Kraken:EURUSD,2024-06-10T15:32:00Z,1.07425,1.07426,1.07414,1.07414,6049.17625246
Kraken:EURUSD,2024-06-10T15:33:00Z,1.07415,1.07417,1.07412,1.07416,12187.77039338
Kraken:EURUSD,2024-06-10T15:34:00Z,1.0742,1.07433,1.07418,1.07433,29922.79245764
Kraken:EURUSD,2024-06-10T15:35:00Z,1.07431,1.07446,1.07431,1.07441,881.92256316
Kraken:EURUSD,2024-06-10T15:36:00Z,1.07446,1.07446,1.07433,1.07433,2931.21263754
Kraken:EURUSD,2024-06-10T15:37:00Z,1.07447,1.07457,1.07444,1.07457,19653.90111179
Kraken:EURUSD,2024-06-10T15:38:00Z,1.07455,1.07464,1.07451,1.07459,9438.0174372
Kraken:EURUSD,2024-06-10T15:39:00Z,1.07461,1.07464,1.0746,1.07464,187.52222778
Kraken:EURUSD,2024-06-10T15:40:00Z,1.07467,1.07474,1.07467,1.07467,2699.82726338
Kraken:EURUSD,2024-06-10T15:41:00Z,1.07464,1.07465,1.07464,1.07465,202.79821587
Kraken:EURUSD,2024-06-10T15:42:00Z,1.07465,1.07465,1.07463,1.07464,5062.38178982
Kraken:EURUSD,2024-06-10T15:43:00Z,1.07468,1.07483,1.07467,1.07483,884.38259785
Kraken:EURUSD,2024-06-10T15:44:00Z,1.0748,1.07486,1.0748,1.07481,5309.96759797
Kraken:EURUSD,2024-06-10T15:45:00Z,1.0748,1.07484,1.07477,1.07477,1249.28396186
Kraken:EURUSD,2024-06-10T15:46:00Z,1.07474,1.07474,1.0747,1.07471,3798.78510455
Kraken:EURUSD,2024-06-10T15:47:00Z,1.07473,1.07473,1.0747,1.07471,6882.18719426
Kraken:EURUSD,2024-06-10T15:48:00Z,1.07471,1.07472,1.0747,1.07471,45774.97373726
Kraken:EURUSD,2024-06-10T15:49:00Z,1.07471,1.07473,1.07471,1.07472,89755.2745802601
Kraken:EURUSD,2024-06-10T15:50:00Z,1.07472,1.07478,1.07472,1.07478,20275.31354931
Kraken:EURUSD,2024-06-10T15:51:00Z,1.07473,1.07479,1.07473,1.07479,2078.11544343
Kraken:EURUSD,2024-06-10T15:52:00Z,1.07478,1.07478,1.07472,1.07472,664.9289631
Kraken:EURUSD,2024-06-10T15:53:00Z,1.07472,1.07473,1.07471,1.07471,1197.00097045
Kraken:EURUSD,2024-06-10T15:54:00Z,1.07473,1.07481,1.07472,1.07476,1894.08106996
Kraken:EURUSD,2024-06-10T15:55:00Z,1.07479,1.0748,1.07479,1.07479,3543.15465823
Kraken:EURUSD,2024-06-10T15:56:00Z,1.0748,1.07487,1.07479,1.07487,26401.48906836
Kraken:EURUSD,2024-06-10T15:57:00Z,1.07487,1.07493,1.07483,1.07492,6722.94626841
Kraken:EURUSD,2024-06-10T15:58:00Z,1.07492,1.07492,1.07492,1.07492,153.41233728
Kraken:EURUSD,2024-06-10T15:59:00Z,1.0749,1.07492,1.07488,1.07492,1289.76899715
Kraken:EURUSD,2024-06-10T16:00:00Z,1.07493,1.07509,1.07493,1.07509,8718.99488964
Kraken:EURUSD,2024-06-10T16:01:00Z,1.0752,1.07534,1.07511,1.07534,4529.95117431
Kraken:EURUSD,2024-06-10T16:02:00Z,1.07535,1.07535,1.07527,1.07535,15069.57510989
Kraken:EURUSD,2024-06-10T16:03:00Z,1.07533,1.07536,1.07525,1.07536,2451.01617096
Kraken:EURUSD,2024-06-10T16:04:00Z,1.07536,1.07538,1.07531,1.07531,1456.13460054
Kraken:EURUSD,2024-06-10T16:05:00Z,1.07522,1.07522,1.07512,1.07512,11.7521734
Kraken:EURUSD,2024-06-10T16:06:00Z,1.07518,1.0752,1.07512,1.07517,107.55170729
Kraken:EURUSD,2024-06-10T16:07:00Z,1.07514,1.07516,1.07509,1.07516,32513.04810784
Kraken:EURUSD,2024-06-10T16:08:00Z,1.07516,1.0753,1.07513,1.0753,162144.6061397499
Kraken:EURUSD,2024-06-10T16:09:00Z,1.07527,1.07533,1.07527,1.07533,925.15976827
Kraken:EURUSD,2024-06-10T16:10:00Z,1.07532,1.07548,1.07532,1.07548,2580.23843774
Kraken:EURUSD,2024-06-10T16:11:00Z,1.07548,1.07548,1.07545,1.07546,1859.19651375
Kraken:EURUSD,2024-06-10T16:12:00Z,1.07546,1.07555,1.07532,1.07538,24392.8610062
Kraken:EURUSD,2024-06-10T16:13:00Z,1.07538,1.07544,1.07538,1.07544,4855.49765847
Kraken:EURUSD,2024-06-10T16:14:00Z,1.07543,1.07555,1.07543,1.07555,2143.19983854
Kraken:EURUSD,2024-06-10T16:15:00Z,1.07551,1.07555,1.0755,1.07552,456.33732702
Kraken:EURUSD,2024-06-10T16:16:00Z,1.07553,1.07564,1.07553,1.07564,1547.64791135
Kraken:EURUSD,2024-06-10T16:17:00Z,1.07562,1.07564,1.07561,1.07562,260.24419931
Kraken:EURUSD,2024-06-10T16:18:00Z,1.07554,1.07558,1.07546,1.07546,39905.52581798
Kraken:EURUSD,2024-06-10T16:19:00Z,1.07571,1.07572,1.07571,1.07572,392.85216664
Kraken:EURUSD,2024-06-10T16:20:00Z,1.07566,1.0758,1.07566,1.07569,4769.25609618
Kraken:EURUSD,2024-06-10T16:21:00Z,1.07569,1.07569,1.07561,1.07563,4893.8871369
Kraken:EURUSD,2024-06-10T16:22:00Z,1.07563,1.07567,1.07563,1.07563,2970.18471371
Kraken:EURUSD,2024-06-10T16:23:00Z,1.07564,1.07577,1.07564,1.0757,3241.65888331
Kraken:EURUSD,2024-06-10T16:24:00Z,1.07566,1.07582,1.07566,1.07577,14244.59151694
Kraken:EURUSD,2024-06-10T16:25:00Z,1.07572,1.07579,1.07567,1.07567,2522.21736573
Kraken:EURUSD,2024-06-10T16:26:00Z,1.07571,1.07582,1.07571,1.07582,2473.56379039
Kraken:EURUSD,2024-06-10T16:27:00Z,1.0758,1.0758,1.07578,1.0758,315.46892974
Kraken:EURUSD,2024-06-10T16:28:00Z,1.07566,1.07572,1.07565,1.07572,535.27496319
Kraken:EURUSD,2024-06-10T16:29:00Z,1.07567,1.07571,1.07565,1.07567,1518.93389648
Kraken:EURUSD,2024-06-10T16:30:00Z,1.07568,1.0757,1.07565,1.07567,11055.45107479
Kraken:EURUSD,2024-06-10T16:31:00Z,1.07568,1.07572,1.07568,1.07572,352.8095456
Kraken:EURUSD,2024-06-10T16:32:00Z,1.07568,1.07568,1.07558,1.07568,1955.46407618
Kraken:EURUSD,2024-06-10T16:33:00Z,1.07568,1.07572,1.07563,1.07571,6220.003709
Kraken:EURUSD,2024-06-10T16:34:00Z,1.07563,1.07569,1.0756,1.07569,2514.00489473
Kraken:EURUSD,2024-06-10T16:35:00Z,1.07568,1.07568,1.07568,1.07568,478.11079813
Kraken:EURUSD,2024-06-10T16:37:00Z,1.07565,1.07568,1.07564,1.07568,1080.37034696
Kraken:EURUSD,2024-06-10T16:38:00Z,1.07568,1.07568,1.07564,1.07567,2193.94907811
Kraken:EURUSD,2024-06-10T16:39:00Z,1.07567,1.07568,1.07567,1.07568,164.89096739
Kraken:EURUSD,2024-06-10T16:40:00Z,1.07568,1.07578,1.07568,1.07578,379.00282757
Kraken:EURUSD,2024-06-10T16:41:00Z,1.07578,1.07587,1.07573,1.07577,1981.80907547
Kraken:EURUSD,2024-06-10T16:42:00Z,1.07577,1.07579,1.07566,1.07566,41168.20342393
Kraken:EURUSD,2024-06-10T16:43:00Z,1.07563,1.07579,1.07562,1.07573,1951.34055604
Kraken:EURUSD,2024-06-10T16:44:00Z,1.07574,1.07585,1.07572,1.07584,684.71849403
Kraken:EURUSD,2024-06-10T16:45:00Z,1.07571,1.07575,1.07571,1.07575,518.38107138
Kraken:EURUSD,2024-06-10T16:46:00Z,1.07568,1.07568,1.07559,1.07561,830.457974
Kraken:EURUSD,2024-06-10T16:47:00Z,1.07565,1.07568,1.07561,1.07561,6711.4788901
Kraken:EURUSD,2024-06-10T16:48:00Z,1.07561,1.07562,1.07552,1.07556,571.12926012
Kraken:EURUSD,2024-06-10T16:49:00Z,1.07553,1.07559,1.07553,1.07559,414.63550527
Kraken:EURUSD,2024-06-10T16:50:00Z,1.07553,1.07568,1.07553,1.07568,140.61670747
Kraken:EURUSD,2024-06-10T16:51:00Z,1.07553,1.0756,1.07553,1.0756,1596.79125152
Kraken:EURUSD,2024-06-10T16:52:00Z,1.07558,1.0756,1.07557,1.07557,845.15330115
Kraken:EURUSD,2024-06-10T16:53:00Z,1.0756,1.07564,1.07553,1.07553,84548.5552314802
Kraken:EURUSD,2024-06-10T16:54:00Z,1.07553,1.07561,1.0755,1.07553,1389.63412824
Kraken:EURUSD,2024-06-10T16:55:00Z,1.07559,1.07561,1.07551,1.07551,884.52132594
Kraken:EURUSD,2024-06-10T16:57:00Z,1.07554,1.0756,1.07551,1.0756,888.43563084
Kraken:EURUSD,2024-06-10T16:58:00Z,1.07558,1.07558,1.07552,1.07552,171.01629328
Kraken:EURUSD,2024-06-10T16:59:00Z,1.07551,1.07552,1.07547,1.07547,1649.81989222
Kraken:EURUSD,2024-06-10T17:00:00Z,1.07554,1.07558,1.07546,1.07546,12503.68798054
Kraken:EURUSD,2024-06-10T17:02:00Z,1.07543,1.07549,1.07543,1.07548,6358.22210519
Kraken:EURUSD,2024-06-10T17:03:00Z,1.07544,1.07554,1.07544,1.07552,6009.88798581
Kraken:EURUSD,2024-06-10T17:04:00Z,1.07555,1.07556,1.07551,1.07554,12004.9263398
Kraken:EURUSD,2024-06-10T17:05:00Z,1.07559,1.07564,1.07551,1.07553,3198.51133861
Kraken:EURUSD,2024-06-10T17:06:00Z,1.07556,1.07559,1.07554,1.07559,243.02222272
Kraken:EURUSD,2024-06-10T17:07:00Z,1.07557,1.07558,1.07551,1.07551,1404.32378808
Kraken:EURUSD,2024-06-10T17:08:00Z,1.07554,1.07555,1.0754,1.0754,1163.86112464
Kraken:EURUSD,2024-06-10T17:09:00Z,1.07543,1.07544,1.07537,1.07537,486.10907371
Kraken:EURUSD,2024-06-10T17:10:00Z,1.07542,1.07542,1.07533,1.07537,17915.82614439
Kraken:EURUSD,2024-06-10T17:11:00Z,1.07537,1.0754,1.07532,1.07538,84378.5344760203
Kraken:EURUSD,2024-06-10T17:12:00Z,1.07538,1.07548,1.07538,1.07548,145.91529981
Kraken:EURUSD,2024-06-10T17:13:00Z,1.07549,1.07549,1.07546,1.07546,2432.31072283
Kraken:EURUSD,2024-06-10T17:14:00Z,1.0754,1.07541,1.0754,1.0754,1065.15730762
Kraken:EURUSD,2024-06-10T17:15:00Z,1.0754,1.0754,1.07536,1.07537,8006.42225919
Kraken:EURUSD,2024-06-10T17:16:00Z,1.07535,1.07536,1.07535,1.07536,2052.71063924
Kraken:EURUSD,2024-06-10T17:17:00Z,1.07531,1.07531,1.07531,1.07531,28.7511201
Kraken:EURUSD,2024-06-10T17:18:00Z,1.07536,1.07537,1.07536,1.07537,125.7472754
Kraken:EURUSD,2024-06-10T17:19:00Z,1.07543,1.07545,1.07543,1.07545,102.2851275
Kraken:EURUSD,2024-06-10T17:20:00Z,1.07549,1.07555,1.07549,1.07555,1433.52621804
Kraken:EURUSD,2024-06-10T17:21:00Z,1.07555,1.07556,1.0755,1.0755,3602.20515825
Kraken:EURUSD,2024-06-10T17:22:00Z,1.07549,1.07557,1.07548,1.07548,1128.15270318
Kraken:EURUSD,2024-06-10T17:23:00Z,1.07549,1.0755,1.07549,1.0755,817.21444695
Kraken:EURUSD,2024-06-10T17:24:00Z,1.07551,1.07557,1.07551,1.07557,654.07830875
Kraken:EURUSD,2024-06-10T17:26:00Z,1.07561,1.07567,1.07561,1.07567,226.72832797
Kraken:EURUSD,2024-06-10T17:27:00Z,1.07572,1.07572,1.07572,1.07572,748.57420518
Kraken:EURUSD,2024-06-10T17:28:00Z,1.07587,1.07595,1.07586,1.0759,696.03223634
Kraken:EURUSD,2024-06-10T17:30:00Z,1.07603,1.07604,1.07603,1.07603,1384.81927875
Kraken:EURUSD,2024-06-10T17:31:00Z,1.07603,1.07603,1.07599,1.07601,98.50119739
Kraken:EURUSD,2024-06-10T17:32:00Z,1.07602,1.07604,1.07602,1.07604,603.4948715
Kraken:EURUSD,2024-06-10T17:33:00Z,1.07597,1.07597,1.07597,1.07597,484.13659927
Kraken:EURUSD,2024-06-10T17:34:00Z,1.07597,1.07607,1.07596,1.07597,412.81339394
Kraken:EURUSD,2024-06-10T17:35:00Z,1.076,1.076,1.07597,1.07597,464.38779237
Kraken:EURUSD,2024-06-10T17:36:00Z,1.07602,1.07603,1.07602,1.07603,62.74697719
Kraken:EURUSD,2024-06-10T17:37:00Z,1.07599,1.07599,1.07598,1.07599,30668.16041582
Kraken:EURUSD,2024-06-10T17:38:00Z,1.07598,1.07599,1.07598,1.07599,18.05683781
Kraken:EURUSD,2024-06-10T17:40:00Z,1.07603,1.07604,1.07603,1.07604,37210.75003342
Kraken:EURUSD,2024-06-10T17:41:00Z,1.07603,1.07604,1.07603,1.07604,507.75127814
Kraken:EURUSD,2024-06-10T17:42:00Z,1.07598,1.07598,1.07598,1.07598,50.5597663
Kraken:EURUSD,2024-06-10T17:43:00Z,1.07599,1.07599,1.07598,1.07598,381.88417308
Kraken:EURUSD,2024-06-10T17:44:00Z,1.07599,1.07599,1.07599,1.07599,1389.9002639
Kraken:EURUSD,2024-06-10T17:45:00Z,1.07599,1.07599,1.07598,1.07599,3025.19369547
Kraken:EURUSD,2024-06-10T17:46:00Z,1.07598,1.07607,1.07598,1.07607,2763.46979552
Kraken:EURUSD,2024-06-10T17:47:00Z,1.07607,1.07608,1.07604,1.07606,7640.1401398
Kraken:EURUSD,2024-06-10T17:48:00Z,1.07603,1.07613,1.07602,1.07607,11847.16803421
Kraken:EURUSD,2024-06-10T17:49:00Z,1.07609,1.07611,1.07607,1.07611,1351.64639723
Kraken:EURUSD,2024-06-10T17:50:00Z,1.07611,1.07613,1.07611,1.07613,66.68864915
Kraken:EURUSD,2024-06-10T17:51:00Z,1.07618,1.07619,1.07618,1.07618,194082.9725358804
Kraken:EURUSD,2024-06-10T17:52:00Z,1.07615,1.07615,1.07606,1.07606,3017.18099639
Kraken:EURUSD,2024-06-10T17:53:00Z,1.07615,1.07615,1.07615,1.07615,162.24893284
Kraken:EURUSD,2024-06-10T17:54:00Z,1.07616,1.07616,1.07616,1.07616,2.8E+2
Kraken:EURUSD,2024-06-10T17:55:00Z,1.07615,1.07615,1.07615,1.07615,13.9689171
Kraken:EURUSD,2024-06-10T17:56:00Z,1.07615,1.07615,1.07611,1.07614,1128.97558435
Kraken:EURUSD,2024-06-10T17:57:00Z,1.07614,1.07614,1.07614,1.07614,83.14299254
Kraken:EURUSD,2024-06-10T17:58:00Z,1.07601,1.07601,1.076,1.076,331.21208485
Kraken:EURUSD,2024-06-10T17:59:00Z,1.07605,1.07608,1.07603,1.07608,1772.26174165
Kraken:EURUSD,2024-06-10T18:00:00Z,1.07603,1.07606,1.07601,1.07606,13508.50269997
Kraken:EURUSD,2024-06-10T18:01:00Z,1.07605,1.07605,1.07605,1.07605,566.62934918
Kraken:EURUSD,2024-06-10T18:02:00Z,1.0761,1.07614,1.0761,1.07614,68.02072747
Kraken:EURUSD,2024-06-10T18:03:00Z,1.07613,1.07614,1.07613,1.07613,3275.84772949
Kraken:EURUSD,2024-06-10T18:04:00Z,1.07614,1.07614,1.07613,1.07613,638.63900953
Kraken:EURUSD,2024-06-10T18:05:00Z,1.07607,1.07607,1.07596,1.07602,62.05161148
Kraken:EURUSD,2024-06-10T18:06:00Z,1.07605,1.07605,1.07605,1.07605,929.52158353
Kraken:EURUSD,2024-06-10T18:07:00Z,1.07609,1.07618,1.07603,1.07618,2311.2209993
Kraken:EURUSD,2024-06-10T18:08:00Z,1.07613,1.07619,1.07613,1.07618,2348.33162133
Kraken:EURUSD,2024-06-10T18:09:00Z,1.07621,1.07626,1.07621,1.07621,592.37568432
Kraken:EURUSD,2024-06-10T18:10:00Z,1.07619,1.07628,1.07617,1.07628,20262.3011312
Kraken:EURUSD,2024-06-10T18:11:00Z,1.07617,1.07617,1.07612,1.07614,41686.70614674
Kraken:EURUSD,2024-06-10T18:12:00Z,1.07608,1.0761,1.07608,1.0761,86545.8061152601
Kraken:EURUSD,2024-06-10T18:13:00Z,1.07612,1.07612,1.07606,1.07609,21574.84048664
Kraken:EURUSD,2024-06-10T18:14:00Z,1.07609,1.07609,1.07609,1.07609,19035.4422024
Kraken:EURUSD,2024-06-10T18:15:00Z,1.07609,1.07609,1.07609,1.07609,13141.48288151
Kraken:EURUSD,2024-06-10T18:16:00Z,1.07609,1.0761,1.07609,1.0761,22956.76964947
Kraken:EURUSD,2024-06-10T18:17:00Z,1.0761,1.0761,1.07601,1.0761,19443.39873122
Kraken:EURUSD,2024-06-10T18:18:00Z,1.0761,1.0761,1.07609,1.0761,1284.52085882
Kraken:EURUSD,2024-06-10T18:19:00Z,1.0761,1.0761,1.07595,1.07602,103256.4413223
Kraken:EURUSD,2024-06-10T18:20:00Z,1.07601,1.07602,1.07596,1.07597,16661.33968027
Kraken:EURUSD,2024-06-10T18:21:00Z,1.07597,1.07597,1.07596,1.07597,2753.5841509
Kraken:EURUSD,2024-06-10T18:22:00Z,1.07597,1.07597,1.07596,1.07596,575.48952852
Kraken:EURUSD,2024-06-10T18:23:00Z,1.076,1.07601,1.076,1.07601,1783.38285803
Kraken:EURUSD,2024-06-10T18:24:00Z,1.07601,1.07601,1.07601,1.07601,5040.49378535
Kraken:EURUSD,2024-06-10T18:25:00Z,1.07602,1.07602,1.07601,1.07602,1824.27428031
Kraken:EURUSD,2024-06-10T18:26:00Z,1.07601,1.07601,1.07601,1.07601,22145.45735061
Kraken:EURUSD,2024-06-10T18:27:00Z,1.07602,1.07603,1.07602,1.07602,3787.95252819
Kraken:EURUSD,2024-06-10T18:28:00Z,1.07602,1.07603,1.07602,1.07602,12881.564952
Kraken:EURUSD,2024-06-10T18:29:00Z,1.07602,1.07602,1.0759,1.07593,109464.89244723
Kraken:EURUSD,2024-06-10T18:30:00Z,1.07593,1.07593,1.07593,1.07593,3909.51512444
Kraken:EURUSD,2024-06-10T18:31:00Z,1.07593,1.07594,1.0759,1.07592,27459.81079727
Kraken:EURUSD,2024-06-10T18:32:00Z,1.07595,1.07597,1.07587,1.07592,27547.86746536
Kraken:EURUSD,2024-06-10T18:33:00Z,1.07592,1.07594,1.07589,1.07593,6490.65345665
Kraken:EURUSD,2024-06-10T18:34:00Z,1.07593,1.07593,1.07587,1.0759,49371.39908644
Kraken:EURUSD,2024-06-10T18:35:00Z,1.07589,1.07591,1.07586,1.07586,7320.26930053
Kraken:EURUSD,2024-06-10T18:36:00Z,1.07589,1.07594,1.07589,1.07593,54778.33677329
Kraken:EURUSD,2024-06-10T18:37:00Z,1.07594,1.07603,1.07594,1.07598,8798.47027377
Kraken:EURUSD,2024-06-10T18:38:00Z,1.07599,1.07599,1.07598,1.07598,3776.77799228
Kraken:EURUSD,2024-06-10T18:39:00Z,1.07598,1.07598,1.07598,1.07598,6911.216
Kraken:EURUSD,2024-06-10T18:40:00Z,1.07598,1.076,1.07598,1.076,7878.70096197
Kraken:EURUSD,2024-06-10T18:41:00Z,1.07599,1.076,1.07599,1.07599,8199.87781928
Kraken:EURUSD,2024-06-10T18:42:00Z,1.07599,1.07599,1.07599,1.07599,8588.03852387
Kraken:EURUSD,2024-06-10T18:43:00Z,1.07599,1.07605,1.07598,1.07599,13452.02911887
Kraken:EURUSD,2024-06-10T18:44:00Z,1.07599,1.07621,1.07599,1.07619,16964.51045454
Kraken:EURUSD,2024-06-10T18:45:00Z,1.07616,1.07622,1.0761,1.07615,10712.19608836
Kraken:EURUSD,2024-06-10T18:46:00Z,1.07615,1.07615,1.07607,1.07613,2025.18132624
Kraken:EURUSD,2024-06-10T18:47:00Z,1.07609,1.07609,1.07602,1.07602,658.11280892
Kraken:EURUSD,2024-06-10T18:48:00Z,1.07605,1.07605,1.07605,1.07605,24.8491515
Kraken:EURUSD,2024-06-10T18:50:00Z,1.07611,1.07611,1.07611,1.07611,3.5135829
Kraken:EURUSD,2024-06-10T18:51:00Z,1.07608,1.07612,1.07608,1.07612,704.86170625
Kraken:EURUSD,2024-06-10T18:52:00Z,1.07614,1.0763,1.07614,1.07619,4061.79056097
Kraken:EURUSD,2024-06-10T18:53:00Z,1.0762,1.0762,1.0762,1.0762,58.6888
Kraken:EURUSD,2024-06-10T18:54:00Z,1.07624,1.07624,1.07624,1.07624,9.7154
Kraken:EURUSD,2024-06-10T18:55:00Z,1.07617,1.07617,1.07617,1.07617,9.10181476
Kraken:EURUSD,2024-06-10T18:56:00Z,1.07631,1.07632,1.07626,1.07626,275.39971267
Kraken:EURUSD,2024-06-10T18:57:00Z,1.07622,1.07628,1.07619,1.07625,5778.74544381
Kraken:EURUSD,2024-06-10T18:58:00Z,1.07629,1.07629,1.07629,1.07629,87.5742022
Kraken:EURUSD,2024-06-10T18:59:00Z,1.07634,1.07635,1.07631,1.07631,25049.9994
Kraken:EURUSD,2024-06-10T19:00:00Z,1.07631,1.07632,1.07627,1.0763,4069.42611935
Kraken:EURUSD,2024-06-10T19:01:00Z,1.0763,1.0764,1.0763,1.07635,30157.53554814
Kraken:EURUSD,2024-06-10T19:02:00Z,1.07635,1.07639,1.07632,1.07636,6316.61490741
Kraken:EURUSD,2024-06-10T19:03:00Z,1.07632,1.07634,1.07632,1.07634,2514.14379564
Kraken:EURUSD,2024-06-10T19:04:00Z,1.07634,1.07634,1.07634,1.07634,2501.59183365
Kraken:EURUSD,2024-06-10T19:05:00Z,1.07634,1.07634,1.07629,1.07629,143.1727752
Kraken:EURUSD,2024-06-10T19:06:00Z,1.07642,1.07642,1.07639,1.07639,795.50063276
Kraken:EURUSD,2024-06-10T19:07:00Z,1.07642,1.07643,1.07636,1.07637,6324.26510108
Kraken:EURUSD,2024-06-10T19:08:00Z,1.07634,1.07636,1.07634,1.07636,26.90643093
Kraken:EURUSD,2024-06-10T19:09:00Z,1.07639,1.07639,1.07632,1.07634,1014.95773715
Kraken:EURUSD,2024-06-10T19:10:00Z,1.07636,1.07638,1.07636,1.07638,966.22374131
Kraken:EURUSD,2024-06-10T19:11:00Z,1.07638,1.07646,1.07638,1.07646,953.37513373
Kraken:EURUSD,2024-06-10T19:12:00Z,1.07646,1.07646,1.07643,1.07643,261.40398695
Kraken:EURUSD,2024-06-10T19:13:00Z,1.07642,1.07642,1.07638,1.07639,2723.0194775
Kraken:EURUSD,2024-06-10T19:14:00Z,1.07644,1.07644,1.07644,1.07644,27.35721452
Kraken:EURUSD,2024-06-10T19:15:00Z,1.07653,1.0766,1.07651,1.07654,1758.46619105
Kraken:EURUSD,2024-06-10T19:17:00Z,1.07654,1.07654,1.0765,1.07654,1492.56332284
Kraken:EURUSD,2024-06-10T19:18:00Z,1.07648,1.07652,1.07646,1.07646,852.2985078
Kraken:EURUSD,2024-06-10T19:19:00Z,1.07653,1.07653,1.07647,1.07647,174.68720276
Kraken:EURUSD,2024-06-10T19:20:00Z,1.07646,1.07646,1.07646,1.07646,18084.29392566
Kraken:EURUSD,2024-06-10T19:21:00Z,1.07646,1.07647,1.07646,1.07646,1997.18074788
Kraken:EURUSD,2024-06-10T19:22:00Z,1.07646,1.0765,1.07646,1.07648,889.74821132
Kraken:EURUSD,2024-06-10T19:23:00Z,1.07643,1.07644,1.07643,1.07643,1104.72122995
Kraken:EURUSD,2024-06-10T19:25:00Z,1.07645,1.07645,1.07645,1.07645,202.13054313
Kraken:EURUSD,2024-06-10T19:26:00Z,1.07647,1.07648,1.07647,1.07648,687.32093867
Kraken:EURUSD,2024-06-10T19:27:00Z,1.07647,1.07647,1.07647,1.07647,112.0286634
Kraken:EURUSD,2024-06-10T19:28:00Z,1.07645,1.07646,1.0764,1.0764,2523.08391077
Kraken:EURUSD,2024-06-10T19:29:00Z,1.07644,1.07644,1.07642,1.07644,460.58372498
Kraken:EURUSD,2024-06-10T19:30:00Z,1.07638,1.07644,1.07634,1.07634,1130.82540333
Kraken:EURUSD,2024-06-10T19:31:00Z,1.07641,1.07642,1.07632,1.07639,33488.08528387
Kraken:EURUSD,2024-06-10T19:33:00Z,1.07638,1.0764,1.07637,1.0764,210.0444115
Kraken:EURUSD,2024-06-10T19:34:00Z,1.07645,1.0765,1.07645,1.0765,647.99463263
Kraken:EURUSD,2024-06-10T19:35:00Z,1.0765,1.0765,1.0765,1.0765,24.0563
Kraken:EURUSD,2024-06-10T19:36:00Z,1.07647,1.07648,1.07647,1.07648,493.8882
Kraken:EURUSD,2024-06-10T19:37:00Z,1.07647,1.07647,1.07647,1.07647,106.09965907
Kraken:EURUSD,2024-06-10T19:38:00Z,1.07645,1.07645,1.07645,1.07645,34.5411
Kraken:EURUSD,2024-06-10T19:39:00Z,1.07653,1.0766,1.07649,1.07649,9065.2571997
Kraken:EURUSD,2024-06-10T19:41:00Z,1.07646,1.07649,1.07645,1.07649,759.95452211
Kraken:EURUSD,2024-06-10T19:42:00Z,1.07655,1.07656,1.07644,1.07645,20912.43139676
Kraken:EURUSD,2024-06-10T19:43:00Z,1.07647,1.07653,1.07645,1.07647,2336.24626706
Kraken:EURUSD,2024-06-10T19:44:00Z,1.07649,1.07652,1.07649,1.0765,1214.42919324
Kraken:EURUSD,2024-06-10T19:45:00Z,1.0765,1.07651,1.07633,1.07648,49977.73822075
Kraken:EURUSD,2024-06-10T19:46:00Z,1.07643,1.07649,1.07635,1.07644,77351.14483689
Kraken:EURUSD,2024-06-10T19:47:00Z,1.07641,1.07642,1.07638,1.07639,35352.2218622
Kraken:EURUSD,2024-06-10T19:48:00Z,1.07638,1.07639,1.07636,1.07638,25109.28583489
Kraken:EURUSD,2024-06-10T19:49:00Z,1.07642,1.07642,1.07631,1.07632,49173.77970255
Kraken:EURUSD,2024-06-10T19:50:00Z,1.07632,1.07642,1.07632,1.0764,259.21494636
Kraken:EURUSD,2024-06-10T19:51:00Z,1.0764,1.07646,1.07635,1.07646,5653.42873417
Kraken:EURUSD,2024-06-10T19:52:00Z,1.07646,1.07646,1.07638,1.07642,632.6220508
Kraken:EURUSD,2024-06-10T19:54:00Z,1.07653,1.07653,1.07653,1.07653,231.1379
Kraken:EURUSD,2024-06-10T19:55:00Z,1.07652,1.07652,1.07636,1.07641,1301.94198368
Kraken:EURUSD,2024-06-10T19:56:00Z,1.07643,1.07647,1.07637,1.07638,1417.63417651
Kraken:EURUSD,2024-06-10T19:57:00Z,1.0764,1.07644,1.07638,1.07638,473.18490467
Kraken:EURUSD,2024-06-10T19:58:00Z,1.07641,1.07641,1.07641,1.07641,6.44317685
Kraken:EURUSD,2024-06-10T19:59:00Z,1.07634,1.07638,1.07634,1.07638,1782.54683076
Kraken:EURUSD,2024-06-10T20:00:00Z,1.07643,1.07644,1.07634,1.07638,20615.71965378
Kraken:EURUSD,2024-06-10T20:01:00Z,1.07639,1.07643,1.07632,1.07632,133564.67840886
Kraken:EURUSD,2024-06-10T20:02:00Z,1.07632,1.07639,1.07631,1.07633,20940.51160685
Kraken:EURUSD,2024-06-10T20:03:00Z,1.07635,1.07635,1.07631,1.07631,34348.32553287
Kraken:EURUSD,2024-06-10T20:04:00Z,1.07631,1.07632,1.0763,1.07631,58425.5110781299
Kraken:EURUSD,2024-06-10T20:05:00Z,1.07631,1.07632,1.0763,1.07632,17687.3097547
Kraken:EURUSD,2024-06-10T20:06:00Z,1.07632,1.07632,1.07631,1.07631,3134.85140356
Kraken:EURUSD,2024-06-10T20:07:00Z,1.07632,1.07633,1.07632,1.07632,1930.07600917
Kraken:EURUSD,2024-06-10T20:08:00Z,1.07633,1.07633,1.07631,1.07631,27581.96453272
Kraken:EURUSD,2024-06-10T20:09:00Z,1.07632,1.07642,1.07632,1.07633,3218.23107022
Kraken:EURUSD,2024-06-10T20:10:00Z,1.07631,1.07633,1.07631,1.07631,1265.76736221
Kraken:EURUSD,2024-06-10T20:11:00Z,1.07631,1.07631,1.07631,1.07631,1075.49748516
Kraken:EURUSD,2024-06-10T20:12:00Z,1.07631,1.07631,1.07631,1.07631,30016.09763902
Kraken:EURUSD,2024-06-10T20:13:00Z,1.07631,1.07632,1.07631,1.07631,773.30096198
Kraken:EURUSD,2024-06-10T20:14:00Z,1.07631,1.07631,1.07631,1.07631,7632.45359367
Kraken:EURUSD,2024-06-10T20:15:00Z,1.07631,1.07635,1.07631,1.07631,42567.40113233
Kraken:EURUSD,2024-06-10T20:16:00Z,1.07634,1.07649,1.07633,1.07635,24276.86454704
Kraken:EURUSD,2024-06-10T20:17:00Z,1.07635,1.07637,1.07635,1.07637,12986.74270914
Kraken:EURUSD,2024-06-10T20:18:00Z,1.07635,1.07636,1.07635,1.07635,1135.03576382
Kraken:EURUSD,2024-06-10T20:19:00Z,1.07635,1.07635,1.07635,1.07635,967.7618613
Kraken:EURUSD,2024-06-10T20:20:00Z,1.07635,1.07635,1.07635,1.07635,46.80134751
Kraken:EURUSD,2024-06-10T20:21:00Z,1.07635,1.07636,1.07635,1.07635,2418.0309097
Kraken:EURUSD,2024-06-10T20:22:00Z,1.07637,1.07637,1.07637,1.07637,107.08111522
Kraken:EURUSD,2024-06-10T20:23:00Z,1.07637,1.07645,1.07637,1.07638,2366.82976768
Kraken:EURUSD,2024-06-10T20:24:00Z,1.07638,1.07642,1.07638,1.07642,45343.67428227
Kraken:EURUSD,2024-06-10T20:25:00Z,1.07642,1.07642,1.07638,1.07638,115.2172478
Kraken:EURUSD,2024-06-10T20:26:00Z,1.07642,1.07643,1.07639,1.07639,1251.37454377
Kraken:EURUSD,2024-06-10T20:27:00Z,1.07643,1.07643,1.07638,1.07639,164.48313072
Kraken:EURUSD,2024-06-10T20:28:00Z,1.07639,1.07644,1.07638,1.07644,4507.65458143
Kraken:EURUSD,2024-06-10T20:29:00Z,1.07645,1.07653,1.07637,1.07637,14382.63418785
Kraken:EURUSD,2024-06-10T20:30:00Z,1.07637,1.07637,1.07637,1.07637,35.39858007
Kraken:EURUSD,2024-06-10T20:31:00Z,1.07638,1.07647,1.07638,1.07647,3346.42475995
Kraken:EURUSD,2024-06-10T20:32:00Z,1.07645,1.07647,1.0764,1.07647,17971.72730498
Kraken:EURUSD,2024-06-10T20:33:00Z,1.07647,1.07647,1.07646,1.07646,6651.40923207
Kraken:EURUSD,2024-06-10T20:34:00Z,1.0764,1.07647,1.0764,1.07647,1938.60129562
Kraken:EURUSD,2024-06-10T20:35:00Z,1.07643,1.07647,1.07642,1.07642,834.94462139
Kraken:EURUSD,2024-06-10T20:36:00Z,1.07642,1.07648,1.07642,1.07642,1570.53389136
Kraken:EURUSD,2024-06-10T20:37:00Z,1.07643,1.07643,1.07642,1.07642,13.45336545
Kraken:EURUSD,2024-06-10T20:38:00Z,1.07642,1.0765,1.07642,1.07643,6619.94074551
Kraken:EURUSD,2024-06-10T20:39:00Z,1.07643,1.07644,1.07639,1.07644,450.15458338
Kraken:EURUSD,2024-06-10T20:40:00Z,1.07642,1.07643,1.07642,1.07643,51.24801021
Kraken:EURUSD,2024-06-10T20:41:00Z,1.07644,1.07644,1.07644,1.07644,6.5697343
Kraken:EURUSD,2024-06-10T20:42:00Z,1.07638,1.07645,1.07637,1.07641,3266.51758319
Kraken:EURUSD,2024-06-10T20:43:00Z,1.07641,1.07641,1.07641,1.07641,1315.74048012
Kraken:EURUSD,2024-06-10T20:44:00Z,1.07642,1.07642,1.07641,1.07641,24.93835276
Kraken:EURUSD,2024-06-10T20:45:00Z,1.07641,1.07641,1.07641,1.07641,303.26661642
Kraken:EURUSD,2024-06-10T20:46:00Z,1.07641,1.07642,1.07641,1.07642,21.39598652
Kraken:EURUSD,2024-06-10T20:47:00Z,1.07641,1.07654,1.07641,1.07653,13860.07775012
Kraken:EURUSD,2024-06-10T20:48:00Z,1.07651,1.07651,1.07645,1.07646,11520.55966623
Kraken:EURUSD,2024-06-10T20:49:00Z,1.0765,1.07658,1.07646,1.07651,7609.56062738
Kraken:EURUSD,2024-06-10T20:50:00Z,1.07656,1.07657,1.07656,1.07657,191.47602198
Kraken:EURUSD,2024-06-10T20:51:00Z,1.07645,1.07656,1.07645,1.07656,5899.74870334
Kraken:EURUSD,2024-06-10T20:52:00Z,1.07653,1.07656,1.07653,1.07656,728.21257666
Kraken:EURUSD,2024-06-10T20:53:00Z,1.07654,1.07662,1.07636,1.07641,64783.13513601
Kraken:EURUSD,2024-06-10T20:54:00Z,1.07651,1.07657,1.07649,1.07649,668.08517414
Kraken:EURUSD,2024-06-10T20:55:00Z,1.07659,1.0766,1.0765,1.0765,1504.13435954
Kraken:EURUSD,2024-06-10T20:56:00Z,1.0766,1.07661,1.0766,1.07661,1308.25200817
Kraken:EURUSD,2024-06-10T20:57:00Z,1.07661,1.07666,1.07661,1.07666,1188.72093349
Kraken:EURUSD,2024-06-10T20:58:00Z,1.07668,1.07669,1.07658,1.07669,576.27579914
Kraken:EURUSD,2024-06-10T20:59:00Z,1.07657,1.07657,1.07651,1.07652,4308.61333603
Kraken:EURUSD,2024-06-10T21:00:00Z,1.07653,1.07664,1.07649,1.07661,18489.96160835
Kraken:EURUSD,2024-06-10T21:01:00Z,1.07661,1.07664,1.07647,1.0766,5546.36278027
Kraken:EURUSD,2024-06-10T21:02:00Z,1.07651,1.07664,1.07651,1.07659,990.49481297
Kraken:EURUSD,2024-06-10T21:03:00Z,1.07658,1.07664,1.07653,1.07663,21048.43233118
Kraken:EURUSD,2024-06-10T21:04:00Z,1.07657,1.07668,1.07657,1.07667,23198.2791715
Kraken:EURUSD,2024-06-10T21:05:00Z,1.07661,1.07663,1.07661,1.07662,697.5053281
Kraken:EURUSD,2024-06-10T21:06:00Z,1.07656,1.07657,1.07644,1.07644,11351.72902253
Kraken:EURUSD,2024-06-10T21:07:00Z,1.07647,1.07647,1.07636,1.07636,33521.12362729
Kraken:EURUSD,2024-06-10T21:09:00Z,1.07644,1.07652,1.07644,1.07652,1888.43359252
Kraken:EURUSD,2024-06-10T21:10:00Z,1.07654,1.07654,1.07654,1.07654,71.74690647
Kraken:EURUSD,2024-06-10T21:11:00Z,1.07654,1.07657,1.07631,1.07635,52870.76189249
Kraken:EURUSD,2024-06-10T21:12:00Z,1.07644,1.07651,1.07644,1.07651,300.4115385
Kraken:EURUSD,2024-06-10T21:13:00Z,1.07656,1.07656,1.07653,1.07655,47.46659531
Kraken:EURUSD,2024-06-10T21:14:00Z,1.07655,1.07659,1.07633,1.07658,19370.84606405
Kraken:EURUSD,2024-06-10T21:15:00Z,1.07653,1.07653,1.07631,1.07653,18996.30771952
Kraken:EURUSD,2024-06-10T21:16:00Z,1.07653,1.07653,1.07653,1.07653,528.65279977
Kraken:EURUSD,2024-06-10T21:17:00Z,1.07653,1.07664,1.07653,1.07664,807.59676956
Kraken:EURUSD,2024-06-10T21:18:00Z,1.07655,1.07655,1.07641,1.07641,30470.48553248
Kraken:EURUSD,2024-06-10T21:19:00Z,1.07645,1.07648,1.07645,1.07648,392.45569136
Kraken:EURUSD,2024-06-10T21:20:00Z,1.07648,1.07662,1.07634,1.07651,22692.02075406
Kraken:EURUSD,2024-06-10T21:21:00Z,1.07651,1.07651,1.07635,1.07644,35720.76342685
Kraken:EURUSD,2024-06-10T21:22:00Z,1.07651,1.07651,1.0765,1.07651,40974.98830399
Kraken:EURUSD,2024-06-10T21:23:00Z,1.07651,1.07664,1.0765,1.07656,29317.36988361
Kraken:EURUSD,2024-06-10T21:24:00Z,1.07655,1.07663,1.07655,1.07655,2722.57183932
Kraken:EURUSD,2024-06-10T21:25:00Z,1.07662,1.07662,1.07646,1.07655,37758.26695089
Kraken:EURUSD,2024-06-10T21:26:00Z,1.07655,1.07657,1.07641,1.07657,18842.78371401
Kraken:EURUSD,2024-06-10T21:27:00Z,1.07657,1.07665,1.07657,1.07659,25248.62350925
Kraken:EURUSD,2024-06-10T21:28:00Z,1.07661,1.07677,1.07646,1.07666,63244.62389739
Kraken:EURUSD,2024-06-10T21:29:00Z,1.07674,1.07703,1.07666,1.07667,21028.08120505
Kraken:EURUSD,2024-06-10T21:30:00Z,1.07668,1.07669,1.07668,1.07668,2459.43065568
Kraken:EURUSD,2024-06-10T21:31:00Z,1.07668,1.07668,1.07667,1.07667,36.15844774
Kraken:EURUSD,2024-06-10T21:32:00Z,1.07668,1.07668,1.07667,1.07667,4508.90653915
Kraken:EURUSD,2024-06-10T21:33:00Z,1.07667,1.07668,1.07667,1.07667,778.53141596
Kraken:EURUSD,2024-06-10T21:34:00Z,1.07667,1.07667,1.07667,1.07667,154.70454683
Kraken:EURUSD,2024-06-10T21:35:00Z,1.07667,1.07667,1.07666,1.07666,7876.14828865
Kraken:EURUSD,2024-06-10T21:36:00Z,1.07667,1.07667,1.07651,1.07658,30316.87743857
Kraken:EURUSD,2024-06-10T21:37:00Z,1.07659,1.07659,1.07655,1.07655,126.92663069
Kraken:EURUSD,2024-06-10T21:38:00Z,1.07658,1.07658,1.07652,1.07655,18030.15818985
Kraken:EURUSD,2024-06-10T21:39:00Z,1.07657,1.07657,1.07653,1.07657,1447.42925029
Kraken:EURUSD,2024-06-10T21:40:00Z,1.07661,1.07665,1.07656,1.07656,468.14446715
Kraken:EURUSD,2024-06-10T21:41:00Z,1.07657,1.07657,1.07647,1.07647,17112.78508158
Kraken:EURUSD,2024-06-10T21:42:00Z,1.07656,1.07656,1.07647,1.07654,24237.31329064
Kraken:EURUSD,2024-06-10T21:43:00Z,1.07654,1.07654,1.07638,1.07654,126134.83009668
Kraken:EURUSD,2024-06-10T21:44:00Z,1.07654,1.0768,1.07636,1.0768,62024.19582369
Kraken:EURUSD,2024-06-10T21:45:00Z,1.07659,1.0768,1.07659,1.07675,5073.60466921
Kraken:EURUSD,2024-06-10T21:46:00Z,1.07661,1.07661,1.07661,1.07661,56.5651277
Kraken:EURUSD,2024-06-10T21:47:00Z,1.07662,1.07662,1.07646,1.07659,36745.29431365
Kraken:EURUSD,2024-06-10T21:48:00Z,1.07659,1.07659,1.0764,1.0764,7978.96188812
Kraken:EURUSD,2024-06-10T21:51:00Z,1.07671,1.07671,1.07671,1.07671,509.5406316
Kraken:EURUSD,2024-06-10T21:52:00Z,1.07672,1.07672,1.07672,1.07672,14.74951705
Kraken:EURUSD,2024-06-10T21:53:00Z,1.07675,1.07675,1.07667,1.07667,551.19738031
Kraken:EURUSD,2024-06-10T21:54:00Z,1.0767,1.07682,1.07656,1.07682,4794.30246155
Kraken:EURUSD,2024-06-10T21:55:00Z,1.07681,1.07686,1.0766,1.07674,8498.38173361
Kraken:EURUSD,2024-06-10T21:56:00Z,1.07678,1.07685,1.07678,1.0768,1737.77303623
Kraken:EURUSD,2024-06-10T21:57:00Z,1.07679,1.07679,1.07679,1.07679,85.47895949
Kraken:EURUSD,2024-06-10T21:58:00Z,1.07686,1.07689,1.07683,1.07683,762.10005261
Kraken:EURUSD,2024-06-10T21:59:00Z,1.07683,1.07683,1.07683,1.07683,36.34723652
Kraken:EURUSD,2024-06-10T22:00:00Z,1.07705,1.07706,1.07705,1.07706,18369.16513226
Kraken:EURUSD,2024-06-10T22:01:00Z,1.07707,1.07708,1.07707,1.07708,1802.28669565
Kraken:EURUSD,2024-06-10T22:02:00Z,1.07704,1.07704,1.07703,1.07703,1896.68753869
Kraken:EURUSD,2024-06-10T22:03:00Z,1.07708,1.07718,1.07705,1.07717,154007.5668785896
Kraken:EURUSD,2024-06-10T22:04:00Z,1.07707,1.07708,1.07707,1.07707,3753.1402897
Kraken:EURUSD,2024-06-10T22:05:00Z,1.07714,1.07714,1.07707,1.07707,1382.76747448
Kraken:EURUSD,2024-06-10T22:06:00Z,1.07714,1.07714,1.07707,1.07707,2504.91801333
Kraken:EURUSD,2024-06-10T22:07:00Z,1.07711,1.07715,1.0769,1.07706,7588.58323457
Kraken:EURUSD,2024-06-10T22:08:00Z,1.07713,1.0772,1.07713,1.0772,3713.98723892
Kraken:EURUSD,2024-06-10T22:09:00Z,1.07706,1.07706,1.07706,1.07706,500.40190905
Kraken:EURUSD,2024-06-10T22:10:00Z,1.07701,1.07703,1.07701,1.07703,3511.09836261
Kraken:EURUSD,2024-06-10T22:11:00Z,1.07704,1.0771,1.07704,1.0771,4410.84948659
Kraken:EURUSD,2024-06-10T22:12:00Z,1.07708,1.07708,1.07708,1.07708,88.80243062
Kraken:EURUSD,2024-06-10T22:13:00Z,1.07708,1.07708,1.07708,1.07708,112.99387003
Kraken:EURUSD,2024-06-10T22:14:00Z,1.07709,1.07709,1.07708,1.07708,1023.67888803
Kraken:EURUSD,2024-06-10T22:15:00Z,1.07719,1.07719,1.07708,1.07709,142.40952866
Kraken:EURUSD,2024-06-10T22:16:00Z,1.07709,1.07709,1.07709,1.07709,216.24517254
Kraken:EURUSD,2024-06-10T22:17:00Z,1.07709,1.07709,1.07709,1.07709,85.85724141
Kraken:EURUSD,2024-06-10T22:18:00Z,1.07705,1.07705,1.07705,1.07705,539.52280207
Kraken:EURUSD,2024-06-10T22:19:00Z,1.07704,1.07704,1.07703,1.07704,525.13473393
Kraken:EURUSD,2024-06-10T22:20:00Z,1.07699,1.07702,1.07699,1.07699,168650.27478368
Kraken:EURUSD,2024-06-10T22:21:00Z,1.07699,1.07704,1.07699,1.07703,257.51003043
Kraken:EURUSD,2024-06-10T22:22:00Z,1.07704,1.07715,1.07703,1.07709,5021.13301035
Kraken:EURUSD,2024-06-10T22:23:00Z,1.07704,1.07711,1.07703,1.07711,2427.00851753
Kraken:EURUSD,2024-06-10T22:24:00Z,1.07713,1.0772,1.07711,1.0772,8645.43907279
Kraken:EURUSD,2024-06-10T22:25:00Z,1.07719,1.07727,1.07715,1.07725,4451.81176967
Kraken:EURUSD,2024-06-10T22:26:00Z,1.0771,1.07723,1.07704,1.07723,2471.09012325
Kraken:EURUSD,2024-06-10T22:27:00Z,1.07702,1.07723,1.07702,1.07702,2303.50316663
Kraken:EURUSD,2024-06-10T22:28:00Z,1.07722,1.07723,1.07722,1.07723,405.02830303
Kraken:EURUSD,2024-06-10T22:29:00Z,1.077,1.07717,1.077,1.07716,309.54215023
Kraken:EURUSD,2024-06-10T22:33:00Z,1.07702,1.07702,1.07702,1.07702,14.79385206
Kraken:EURUSD,2024-06-10T22:34:00Z,1.077,1.07718,1.077,1.07718,484.28479439
Kraken:EURUSD,2024-06-10T22:35:00Z,1.07717,1.07717,1.07717,1.07717,422.63291773
Kraken:EURUSD,2024-06-10T22:36:00Z,1.07705,1.07705,1.07705,1.07705,3.5068896
Kraken:EURUSD,2024-06-10T22:37:00Z,1.07715,1.07716,1.07715,1.07716,131.75436852
Kraken:EURUSD,2024-06-10T22:38:00Z,1.077,1.077,1.077,1.077,177.99812523
Kraken:EURUSD,2024-06-10T22:40:00Z,1.07701,1.07702,1.077,1.07701,4236.0727237
Kraken:EURUSD,2024-06-10T22:41:00Z,1.077,1.07701,1.077,1.07701,69.15800559
Kraken:EURUSD,2024-06-10T22:42:00Z,1.077,1.07719,1.07695,1.07699,37717.08529039
Kraken:EURUSD,2024-06-10T22:43:00Z,1.07699,1.07699,1.07699,1.07699,3863.27751106
Kraken:EURUSD,2024-06-10T22:44:00Z,1.077,1.07721,1.07681,1.07699,25037.2568457599
Kraken:EURUSD,2024-06-10T22:45:00Z,1.07709,1.0771,1.07709,1.0771,19.95619295
Kraken:EURUSD,2024-06-10T22:46:00Z,1.07698,1.07699,1.07647,1.07699,21692.87787125
Kraken:EURUSD,2024-06-10T22:47:00Z,1.07702,1.07703,1.07702,1.07703,832.15703493
Kraken:EURUSD,2024-06-10T22:48:00Z,1.07709,1.07711,1.07705,1.07711,5426.35360367
Kraken:EURUSD,2024-06-10T22:50:00Z,1.07706,1.07714,1.07674,1.07674,21007.19403711
Kraken:EURUSD,2024-06-10T22:51:00Z,1.07708,1.07713,1.07708,1.07713,730.37515319
Kraken:EURUSD,2024-06-10T22:52:00Z,1.0771,1.07711,1.0771,1.07711,2513.46757793
Kraken:EURUSD,2024-06-10T22:53:00Z,1.07718,1.07718,1.07709,1.0771,463.18260566
Kraken:EURUSD,2024-06-10T22:54:00Z,1.07709,1.07711,1.07709,1.07709,4120.37676377
Kraken:EURUSD,2024-06-10T22:55:00Z,1.07707,1.07707,1.0768,1.07707,14382.55985881
Kraken:EURUSD,2024-06-10T22:56:00Z,1.07709,1.07711,1.07685,1.07711,17087.20340987
Kraken:EURUSD,2024-06-10T22:57:00Z,1.07711,1.07711,1.07684,1.07709,21191.64549475
Kraken:EURUSD,2024-06-10T22:58:00Z,1.07711,1.07711,1.07711,1.07711,5417.68867808
Kraken:EURUSD,2024-06-10T22:59:00Z,1.07719,1.07719,1.07719,1.07719,10.87
Kraken:EURUSD,2024-06-10T23:00:00Z,1.07712,1.07725,1.07691,1.07713,9216.2651952
Kraken:EURUSD,2024-06-10T23:01:00Z,1.07711,1.0772,1.0769,1.07719,17236.00624489
Kraken:EURUSD,2024-06-10T23:02:00Z,1.0772,1.07725,1.07712,1.0772,1283.27930362
Kraken:EURUSD,2024-06-10T23:03:00Z,1.07723,1.07744,1.07714,1.07719,7990.49549086
Kraken:EURUSD,2024-06-10T23:04:00Z,1.07717,1.07731,1.07717,1.07731,29230.62270765
Kraken:EURUSD,2024-06-10T23:05:00Z,1.07713,1.07729,1.07705,1.07714,10327.43689408
Kraken:EURUSD,2024-06-10T23:06:00Z,1.07715,1.07724,1.07713,1.07724,639.35029325
Kraken:EURUSD,2024-06-10T23:07:00Z,1.07715,1.07715,1.07715,1.07715,13.03695
Kraken:EURUSD,2024-06-10T23:08:00Z,1.07713,1.07717,1.07695,1.07717,15176.39781861
Kraken:EURUSD,2024-06-10T23:09:00Z,1.07715,1.07715,1.077,1.07715,8457.76557919
Kraken:EURUSD,2024-06-10T23:10:00Z,1.07717,1.07718,1.07717,1.07718,2614.07594781
Kraken:EURUSD,2024-06-10T23:11:00Z,1.07707,1.07711,1.07707,1.07711,41500.30646611
Kraken:EURUSD,2024-06-10T23:12:00Z,1.07711,1.07719,1.07705,1.0771,33028.72685635
Kraken:EURUSD,2024-06-10T23:13:00Z,1.07718,1.07719,1.07718,1.07718,6784.71351621
Kraken:EURUSD,2024-06-10T23:14:00Z,1.07718,1.07724,1.07694,1.07714,30053.23837514
Kraken:EURUSD,2024-06-10T23:15:00Z,1.07705,1.07714,1.07694,1.07694,1791.8244701
Kraken:EURUSD,2024-06-10T23:16:00Z,1.07696,1.0771,1.07669,1.07696,8857.77259918
Kraken:EURUSD,2024-06-10T23:17:00Z,1.07697,1.07711,1.07697,1.07709,888.15571232
Kraken:EURUSD,2024-06-10T23:18:00Z,1.0771,1.0771,1.07702,1.07702,1982.92247899
Kraken:EURUSD,2024-06-10T23:19:00Z,1.07707,1.07712,1.07657,1.07709,14438.51132495
Kraken:EURUSD,2024-06-10T23:21:00Z,1.07712,1.07713,1.077,1.07713,246.31382896
Kraken:EURUSD,2024-06-10T23:22:00Z,1.07702,1.07702,1.07677,1.07677,7021.51612806
Kraken:EURUSD,2024-06-10T23:23:00Z,1.077,1.0771,1.07679,1.07699,28492.21622973
Kraken:EURUSD,2024-06-10T23:24:00Z,1.07699,1.07708,1.07646,1.07707,58549.29175256
Kraken:EURUSD,2024-06-10T23:25:00Z,1.07709,1.07709,1.07697,1.077,5478.63103487
Kraken:EURUSD,2024-06-10T23:26:00Z,1.07707,1.0771,1.07682,1.07682,7469.4028778
Kraken:EURUSD,2024-06-10T23:27:00Z,1.07698,1.07698,1.07697,1.07698,2386.11282144
Kraken:EURUSD,2024-06-10T23:28:00Z,1.07697,1.07697,1.07688,1.07688,373.07625037
Kraken:EURUSD,2024-06-10T23:29:00Z,1.07696,1.07696,1.07678,1.07696,15046.99526173
Kraken:EURUSD,2024-06-10T23:30:00Z,1.07703,1.07708,1.07691,1.07705,2737.715757
Kraken:EURUSD,2024-06-10T23:31:00Z,1.07705,1.07705,1.07692,1.07693,166.39214848
Kraken:EURUSD,2024-06-10T23:32:00Z,1.07691,1.07691,1.07691,1.07691,4671.52577276
Kraken:EURUSD,2024-06-10T23:33:00Z,1.07691,1.07698,1.07648,1.07689,36985.96955704
Kraken:EURUSD,2024-06-10T23:34:00Z,1.07691,1.07691,1.07638,1.07676,668513.4629347001
Kraken:EURUSD,2024-06-10T23:35:00Z,1.07681,1.07682,1.07656,1.07682,22001.12559468
Kraken:EURUSD,2024-06-10T23:36:00Z,1.07683,1.07684,1.07682,1.07682,955.52687034
Kraken:EURUSD,2024-06-10T23:37:00Z,1.07683,1.07684,1.07678,1.07678,768.15149532
Kraken:EURUSD,2024-06-10T23:38:00Z,1.07682,1.07683,1.07681,1.07681,121.15447723
Kraken:EURUSD,2024-06-10T23:39:00Z,1.07679,1.07683,1.07679,1.0768,500.99531596
Kraken:EURUSD,2024-06-10T23:40:00Z,1.07679,1.07684,1.07661,1.07684,11117.93864491
Kraken:EURUSD,2024-06-10T23:41:00Z,1.07683,1.07683,1.0766,1.07677,10984.976786
Kraken:EURUSD,2024-06-10T23:42:00Z,1.07677,1.07681,1.07674,1.07676,17375.06200301
Kraken:EURUSD,2024-06-10T23:43:00Z,1.07676,1.07684,1.07676,1.07678,1445.72254973
Kraken:EURUSD,2024-06-10T23:44:00Z,1.07681,1.07681,1.07681,1.07681,380.36120184
Kraken:EURUSD,2024-06-10T23:45:00Z,1.07681,1.07683,1.07681,1.07681,2857.60894908
Kraken:EURUSD,2024-06-10T23:46:00Z,1.07687,1.07689,1.07665,1.07689,15113.55228722
Kraken:EURUSD,2024-06-10T23:47:00Z,1.07688,1.0769,1.07666,1.0769,11968.00185063
Kraken:EURUSD,2024-06-10T23:49:00Z,1.0769,1.0769,1.0769,1.0769,82.5484745
Kraken:EURUSD,2024-06-10T23:50:00Z,1.07688,1.07694,1.07672,1.07694,9525.41537241
Kraken:EURUSD,2024-06-10T23:51:00Z,1.07689,1.07689,1.07689,1.07689,410.65584147
Kraken:EURUSD,2024-06-10T23:52:00Z,1.0769,1.07695,1.0769,1.07693,335.19284018
Kraken:EURUSD,2024-06-10T23:53:00Z,1.07694,1.07694,1.07668,1.07694,13691.85265447
Kraken:EURUSD,2024-06-10T23:54:00Z,1.07693,1.07693,1.07677,1.07689,10710.36762663
Kraken:EURUSD,2024-06-10T23:55:00Z,1.07689,1.07689,1.07689,1.07689,19.2981
Kraken:EURUSD,2024-06-10T23:56:00Z,1.07689,1.07689,1.07689,1.07689,1466.48967797
Kraken:EURUSD,2024-06-10T23:57:00Z,1.07689,1.0769,1.0767,1.0769,19430.91004834
Kraken:EURUSD,2024-06-10T23:58:00Z,1.07691,1.07691,1.07691,1.07691,19.6642161
Kraken:EURUSD,2024-06-10T23:59:00Z,1.07691,1.07697,1.07691,1.07693,158.1643777
