Kraken:XRPUSD,2023-04-07T00:00:00Z,0.50264,0.50265,0.50264,0.50265,3734.26338412
Kraken:XRPUSD,2023-04-07T00:04:00Z,0.50283,0.50283,0.50283,0.50283,12.11468
Kraken:XRPUSD,2023-04-07T00:05:00Z,0.50304,0.50304,0.50304,0.50304,5963.74045801
Kraken:XRPUSD,2023-04-07T00:06:00Z,0.50246,0.50246,0.50246,0.50246,28.329883
Kraken:XRPUSD,2023-04-07T00:09:00Z,0.5019,0.5019,0.5019,0.5019,16
Kraken:XRPUSD,2023-04-07T00:11:00Z,0.50156,0.50156,0.50156,0.50156,28
Kraken:XRPUSD,2023-04-07T00:12:00Z,0.50171,0.50175,0.5017,0.50175,1672.10431655
Kraken:XRPUSD,2023-04-07T00:14:00Z,0.50148,0.50148,0.50124,0.50124,770.32434061
Kraken:XRPUSD,2023-04-07T00:15:00Z,0.50129,0.50129,0.50107,0.50111,259.4544172
Kraken:XRPUSD,2023-04-07T00:17:00Z,0.50078,0.50078,0.50064,0.50064,504.13772775
Kraken:XRPUSD,2023-04-07T00:20:00Z,0.50018,0.50035,0.50018,0.50035,8517.86560844
Kraken:XRPUSD,2023-04-07T00:21:00Z,0.50046,0.50046,0.50036,0.50036,460.18114
Kraken:XRPUSD,2023-04-07T00:23:00Z,0.50095,0.50095,0.50069,0.50069,308.58726
Kraken:XRPUSD,2023-04-07T00:28:00Z,0.50135,0.50135,0.50135,0.50135,7E+2
Kraken:XRPUSD,2023-04-07T00:29:00Z,0.50042,0.50042,0.50042,0.50042,22
Kraken:XRPUSD,2023-04-07T00:30:00Z,0.50047,0.50047,0.50047,0.50047,3E+2
Kraken:XRPUSD,2023-04-07T00:31:00Z,0.50001,0.5005,0.49987,0.5005,1624.27889504
Kraken:XRPUSD,2023-04-07T00:32:00Z,0.50049,0.50067,0.50049,0.50067,507.812
Kraken:XRPUSD,2023-04-07T00:43:00Z,0.50236,0.50236,0.50235,0.50235,2.25E+3
Kraken:XRPUSD,2023-04-07T00:45:00Z,0.50267,0.50267,0.50267,0.50267,2.5E+2
Kraken:XRPUSD,2023-04-07T00:46:00Z,0.50303,0.50303,0.50303,0.50303,17.7351703
Kraken:XRPUSD,2023-04-07T00:49:00Z,0.50388,0.50415,0.50388,0.50415,3E+4
Kraken:XRPUSD,2023-04-07T00:50:00Z,0.50378,0.50378,0.50378,0.50378,22
Kraken:XRPUSD,2023-04-07T00:51:00Z,0.50352,0.50352,0.50352,0.50352,899
Kraken:XRPUSD,2023-04-07T00:53:00Z,0.50366,0.50366,0.50366,0.50366,114.23374
Kraken:XRPUSD,2023-04-07T00:54:00Z,0.50367,0.50401,0.50367,0.50401,2.2E+2
Kraken:XRPUSD,2023-04-07T00:56:00Z,0.50361,0.50362,0.50361,0.50362,899
Kraken:XRPUSD,2023-04-07T00:57:00Z,0.50388,0.50389,0.50388,0.50389,687.23374
Kraken:XRPUSD,2023-04-07T00:58:00Z,0.5039,0.5039,0.5039,0.5039,449
Kraken:XRPUSD,2023-04-07T00:59:00Z,0.5039,0.5039,0.5039,0.5039,36.30246
Kraken:XRPUSD,2023-04-07T01:00:00Z,0.50389,0.50389,0.50389,0.50389,37687.82351455
Kraken:XRPUSD,2023-04-07T01:03:00Z,0.50278,0.50278,0.50278,0.50278,5E+2
Kraken:XRPUSD,2023-04-07T01:04:00Z,0.50308,0.50308,0.50308,0.50308,43.46147729
Kraken:XRPUSD,2023-04-07T01:05:00Z,0.50279,0.50279,0.50277,0.50278,5.6E+2
Kraken:XRPUSD,2023-04-07T01:21:00Z,0.5029,0.5029,0.5029,0.5029,395
Kraken:XRPUSD,2023-04-07T01:26:00Z,0.50321,0.50321,0.50321,0.50321,12.10954
Kraken:XRPUSD,2023-04-07T01:30:00Z,0.50297,0.50297,0.50297,0.50297,1914.46904
Kraken:XRPUSD,2023-04-07T01:31:00Z,0.50292,0.50296,0.50292,0.50296,245.50635402
Kraken:XRPUSD,2023-04-07T01:36:00Z,0.50282,0.50282,0.50282,0.50282,624.66377
Kraken:XRPUSD,2023-04-07T01:39:00Z,0.50259,0.50259,0.50259,0.50259,359.8884103
Kraken:XRPUSD,2023-04-07T01:48:00Z,0.5016,0.5016,0.50143,0.50143,994
Kraken:XRPUSD,2023-04-07T01:54:00Z,0.50116,0.50116,0.50116,0.50116,27.33717774
Kraken:XRPUSD,2023-04-07T01:56:00Z,0.5012,0.5012,0.5012,0.5012,81.430477
Kraken:XRPUSD,2023-04-07T01:59:00Z,0.50118,0.50118,0.50118,0.50118,58.49533055
Kraken:XRPUSD,2023-04-07T02:03:00Z,0.5002,0.50026,0.5002,0.50026,227
Kraken:XRPUSD,2023-04-07T02:05:00Z,0.50038,0.50038,0.50038,0.50038,489.1783029
Kraken:XRPUSD,2023-04-07T02:07:00Z,0.49991,0.49992,0.49991,0.49992,280.24218716
Kraken:XRPUSD,2023-04-07T02:12:00Z,0.50022,0.50022,0.50022,0.50022,461.58462
Kraken:XRPUSD,2023-04-07T02:15:00Z,0.50076,0.50076,0.50076,0.50076,15
Kraken:XRPUSD,2023-04-07T02:27:00Z,0.50054,0.50054,0.50002,0.50002,120907
Kraken:XRPUSD,2023-04-07T02:33:00Z,0.4998,0.4998,0.49955,0.49955,863.68775632
Kraken:XRPUSD,2023-04-07T02:34:00Z,0.499,0.499,0.4973,0.4985,35269.78273565
Kraken:XRPUSD,2023-04-07T02:35:00Z,0.49774,0.49861,0.49774,0.49861,506.313
Kraken:XRPUSD,2023-04-07T02:36:00Z,0.49828,0.49841,0.49743,0.49743,625608.0604089699
Kraken:XRPUSD,2023-04-07T02:37:00Z,0.4982,0.49836,0.49702,0.4972,802858.3039268099
Kraken:XRPUSD,2023-04-07T02:41:00Z,0.4983,0.4983,0.4983,0.4983,1569.8
Kraken:XRPUSD,2023-04-07T02:42:00Z,0.49816,0.49854,0.49816,0.49847,287.33946
Kraken:XRPUSD,2023-04-07T02:49:00Z,0.49817,0.49817,0.49817,0.49817,839.0819
Kraken:XRPUSD,2023-04-07T02:56:00Z,0.49948,0.49948,0.49948,0.49948,1213.57228957
Kraken:XRPUSD,2023-04-07T02:57:00Z,0.49949,0.49981,0.49949,0.49979,15319.91850269
Kraken:XRPUSD,2023-04-07T02:58:00Z,0.49973,0.49979,0.49973,0.49979,3595.72723543
Kraken:XRPUSD,2023-04-07T03:03:00Z,0.50032,0.50032,0.50022,0.50022,444.959
Kraken:XRPUSD,2023-04-07T03:06:00Z,0.5,0.5,0.5,0.5,5
Kraken:XRPUSD,2023-04-07T03:08:00Z,0.50027,0.50028,0.50027,0.50028,1998.92058288
Kraken:XRPUSD,2023-04-07T03:17:00Z,0.50063,0.50063,0.50063,0.50063,3581.22723543
Kraken:XRPUSD,2023-04-07T03:21:00Z,0.50105,0.50105,0.50105,0.50105,17
Kraken:XRPUSD,2023-04-07T03:22:00Z,0.50099,0.50099,0.50037,0.50037,10010.60547195
Kraken:XRPUSD,2023-04-07T03:28:00Z,0.5002,0.5002,0.5002,0.5002,1E+1
Kraken:XRPUSD,2023-04-07T03:29:00Z,0.5,0.5,0.5,0.5,1E+1
Kraken:XRPUSD,2023-04-07T03:30:00Z,0.50017,0.50017,0.50017,0.50017,1E+1
Kraken:XRPUSD,2023-04-07T03:33:00Z,0.50136,0.50139,0.50136,0.50139,4084.54659
Kraken:XRPUSD,2023-04-07T03:34:00Z,0.5015,0.5015,0.5015,0.5015,1964.58887
Kraken:XRPUSD,2023-04-07T03:37:00Z,0.50154,0.50154,0.50154,0.50154,39.37868773
Kraken:XRPUSD,2023-04-07T03:38:00Z,0.50205,0.50205,0.50205,0.50205,45.68165425
Kraken:XRPUSD,2023-04-07T03:39:00Z,0.50209,0.50211,0.50209,0.50211,4901.25455
Kraken:XRPUSD,2023-04-07T03:40:00Z,0.50213,0.50233,0.50213,0.50233,1005.10118807
Kraken:XRPUSD,2023-04-07T03:41:00Z,0.50237,0.50237,0.50237,0.50237,22.22982
Kraken:XRPUSD,2023-04-07T03:45:00Z,0.50236,0.50237,0.50236,0.50237,1579.39210494
Kraken:XRPUSD,2023-04-07T03:46:00Z,0.5024,0.5024,0.5024,0.5024,5E+2
Kraken:XRPUSD,2023-04-07T03:47:00Z,0.5024,0.5024,0.5024,0.5024,324
Kraken:XRPUSD,2023-04-07T03:51:00Z,0.5021,0.5021,0.5021,0.5021,21.5
Kraken:XRPUSD,2023-04-07T03:52:00Z,0.5021,0.50212,0.5021,0.50212,32007.19811676
Kraken:XRPUSD,2023-04-07T03:53:00Z,0.50162,0.50162,0.50162,0.50162,87.71580081
Kraken:XRPUSD,2023-04-07T03:57:00Z,0.50212,0.50227,0.50212,0.50227,95.502412
Kraken:XRPUSD,2023-04-07T04:04:00Z,0.50154,0.50155,0.50154,0.50155,5293.92288215
Kraken:XRPUSD,2023-04-07T04:19:00Z,0.50241,0.50241,0.50241,0.50241,15
Kraken:XRPUSD,2023-04-07T04:21:00Z,0.50358,0.50359,0.50358,0.50359,3936.09513515
Kraken:XRPUSD,2023-04-07T04:30:00Z,0.50326,0.5035,0.50326,0.5035,59.59131186
Kraken:XRPUSD,2023-04-07T04:33:00Z,0.5038,0.5038,0.5038,0.5038,16.59323587
Kraken:XRPUSD,2023-04-07T04:48:00Z,0.50296,0.50296,0.50295,0.50295,1579.39210494
Kraken:XRPUSD,2023-04-07T04:50:00Z,0.50255,0.50255,0.50255,0.50255,29
Kraken:XRPUSD,2023-04-07T04:52:00Z,0.50248,0.50248,0.50248,0.50248,1E+2
Kraken:XRPUSD,2023-04-07T04:58:00Z,0.50195,0.50195,0.50191,0.50191,2E+2
Kraken:XRPUSD,2023-04-07T05:11:00Z,0.5028,0.50281,0.5028,0.50281,3E+2
Kraken:XRPUSD,2023-04-07T05:19:00Z,0.503,0.503,0.503,0.503,100.10902
Kraken:XRPUSD,2023-04-07T05:21:00Z,0.50321,0.50321,0.50321,0.50321,1529.51364241
Kraken:XRPUSD,2023-04-07T05:24:00Z,0.50208,0.50208,0.50208,0.50208,1192.34514417
Kraken:XRPUSD,2023-04-07T05:25:00Z,0.50214,0.50214,0.50214,0.50214,111
Kraken:XRPUSD,2023-04-07T05:32:00Z,0.50126,0.50126,0.50126,0.50126,3E+2
Kraken:XRPUSD,2023-04-07T05:34:00Z,0.50068,0.50068,0.50063,0.50063,6080.46517185
Kraken:XRPUSD,2023-04-07T05:36:00Z,0.50135,0.50144,0.50135,0.50144,217.020837
Kraken:XRPUSD,2023-04-07T05:39:00Z,0.50191,0.50191,0.50191,0.50191,1401.22298018
Kraken:XRPUSD,2023-04-07T05:40:00Z,0.50144,0.50144,0.50144,0.50144,32
Kraken:XRPUSD,2023-04-07T05:43:00Z,0.50228,0.50228,0.50228,0.50228,2803.70360675
Kraken:XRPUSD,2023-04-07T05:44:00Z,0.50265,0.50268,0.50265,0.50268,3182.49565
Kraken:XRPUSD,2023-04-07T05:45:00Z,0.50211,0.50211,0.50211,0.50211,75
Kraken:XRPUSD,2023-04-07T05:48:00Z,0.50329,0.50363,0.50319,0.50363,466.42451747
Kraken:XRPUSD,2023-04-07T05:50:00Z,0.50377,0.50377,0.50377,0.50377,118.44866871
Kraken:XRPUSD,2023-04-07T05:51:00Z,0.50381,0.50381,0.50381,0.50381,526.44195679
Kraken:XRPUSD,2023-04-07T05:52:00Z,0.50413,0.50527,0.50413,0.50527,10057.60026
Kraken:XRPUSD,2023-04-07T05:53:00Z,0.50494,0.50541,0.50494,0.50541,1214.10261528
Kraken:XRPUSD,2023-04-07T05:54:00Z,0.50609,0.50609,0.50589,0.50589,20015
Kraken:XRPUSD,2023-04-07T05:55:00Z,0.50615,0.507,0.50615,0.50696,2289.42891327
Kraken:XRPUSD,2023-04-07T05:56:00Z,0.507,0.50717,0.507,0.50717,11834.13439985
Kraken:XRPUSD,2023-04-07T05:57:00Z,0.5076,0.50775,0.50661,0.50661,771.47617895
Kraken:XRPUSD,2023-04-07T06:03:00Z,0.50632,0.50632,0.50632,0.50632,903
Kraken:XRPUSD,2023-04-07T06:04:00Z,0.50776,0.50785,0.50776,0.50785,4519.05438134
Kraken:XRPUSD,2023-04-07T06:05:00Z,0.50792,0.508,0.50792,0.508,536.75563605
Kraken:XRPUSD,2023-04-07T06:06:00Z,0.50839,0.50839,0.50839,0.50839,34.935827
Kraken:XRPUSD,2023-04-07T06:07:00Z,0.50839,0.5084,0.50839,0.5084,34.966916
Kraken:XRPUSD,2023-04-07T06:08:00Z,0.50863,0.5097,0.50863,0.5097,602.48166578
Kraken:XRPUSD,2023-04-07T06:09:00Z,0.50987,0.51332,0.50987,0.51332,29219.07104682
Kraken:XRPUSD,2023-04-07T06:10:00Z,0.51352,0.51403,0.51193,0.51204,9446.93929259
Kraken:XRPUSD,2023-04-07T06:11:00Z,0.51159,0.51159,0.51117,0.51117,34.68586086
Kraken:XRPUSD,2023-04-07T06:12:00Z,0.51405,0.51479,0.51405,0.51479,50695.64440817
Kraken:XRPUSD,2023-04-07T06:13:00Z,0.51338,0.51344,0.51338,0.51344,1.5E+2
Kraken:XRPUSD,2023-04-07T06:14:00Z,0.51328,0.51413,0.51306,0.51331,255.0461
Kraken:XRPUSD,2023-04-07T06:15:00Z,0.51246,0.51246,0.51166,0.51166,313.40652796
Kraken:XRPUSD,2023-04-07T06:16:00Z,0.51202,0.51463,0.51202,0.51377,4778.87472552
Kraken:XRPUSD,2023-04-07T06:17:00Z,0.51346,0.51355,0.51328,0.51328,40369.72877133
Kraken:XRPUSD,2023-04-07T06:18:00Z,0.51314,0.51314,0.512,0.512,3299.91534474
Kraken:XRPUSD,2023-04-07T06:19:00Z,0.51135,0.51136,0.51135,0.51136,775.64610421
Kraken:XRPUSD,2023-04-07T06:20:00Z,0.51132,0.51201,0.51132,0.512,629156.625889
Kraken:XRPUSD,2023-04-07T06:23:00Z,0.51336,0.51336,0.51241,0.51241,423.35644856
Kraken:XRPUSD,2023-04-07T06:24:00Z,0.51225,0.51231,0.512,0.512,44645.15776702
Kraken:XRPUSD,2023-04-07T06:25:00Z,0.51184,0.51184,0.51184,0.51184,1.6E+2
Kraken:XRPUSD,2023-04-07T06:27:00Z,0.51136,0.51136,0.51049,0.51049,10715
Kraken:XRPUSD,2023-04-07T06:29:00Z,0.5102,0.5102,0.51001,0.51001,4127.34756958
Kraken:XRPUSD,2023-04-07T06:31:00Z,0.50944,0.50944,0.50881,0.50881,5063
Kraken:XRPUSD,2023-04-07T06:32:00Z,0.50862,0.50862,0.50862,0.50862,15
Kraken:XRPUSD,2023-04-07T06:33:00Z,0.50785,0.50785,0.50774,0.50774,533.09725313
Kraken:XRPUSD,2023-04-07T06:34:00Z,0.50706,0.50711,0.50706,0.50711,51.99154584
Kraken:XRPUSD,2023-04-07T06:35:00Z,0.50705,0.50705,0.50517,0.50537,5546.03395908
Kraken:XRPUSD,2023-04-07T06:40:00Z,0.50605,0.50623,0.50605,0.50623,3482.91047
Kraken:XRPUSD,2023-04-07T06:42:00Z,0.50506,0.50506,0.50378,0.50378,10558.45272322
Kraken:XRPUSD,2023-04-07T06:43:00Z,0.50392,0.50392,0.50392,0.50392,15
Kraken:XRPUSD,2023-04-07T06:48:00Z,0.50272,0.50437,0.50272,0.50407,9828.44864903
Kraken:XRPUSD,2023-04-07T06:49:00Z,0.50405,0.50431,0.50405,0.50431,61.78925
Kraken:XRPUSD,2023-04-07T06:55:00Z,0.50443,0.50443,0.50443,0.50443,1525.81440437
Kraken:XRPUSD,2023-04-07T07:05:00Z,0.50547,0.50547,0.50547,0.50547,15
Kraken:XRPUSD,2023-04-07T07:06:00Z,0.50599,0.50599,0.50599,0.50599,5E+2
Kraken:XRPUSD,2023-04-07T07:14:00Z,0.50718,0.50755,0.50718,0.50755,341.11520608
Kraken:XRPUSD,2023-04-07T07:15:00Z,0.5076,0.5076,0.50678,0.50678,1550.28557919
Kraken:XRPUSD,2023-04-07T07:16:00Z,0.50668,0.50668,0.50668,0.50668,22
Kraken:XRPUSD,2023-04-07T07:17:00Z,0.50785,0.50811,0.50785,0.50811,11071.53098827
Kraken:XRPUSD,2023-04-07T07:18:00Z,0.50849,0.50849,0.50849,0.50849,130.949113
Kraken:XRPUSD,2023-04-07T07:19:00Z,0.50871,0.50871,0.50871,0.50871,131.02151217
Kraken:XRPUSD,2023-04-07T07:21:00Z,0.5071,0.5071,0.5071,0.5071,1365.88788714
Kraken:XRPUSD,2023-04-07T07:25:00Z,0.50858,0.50858,0.50858,0.50858,256.53269889
Kraken:XRPUSD,2023-04-07T07:27:00Z,0.50911,0.50911,0.50911,0.50911,312.02748066
Kraken:XRPUSD,2023-04-07T07:28:00Z,0.50863,0.50863,0.50863,0.50863,1513.05662096
Kraken:XRPUSD,2023-04-07T07:34:00Z,0.50498,0.50525,0.5048,0.50525,13983.31335128
Kraken:XRPUSD,2023-04-07T07:36:00Z,0.50639,0.50639,0.50639,0.50639,129.96645723
Kraken:XRPUSD,2023-04-07T07:39:00Z,0.50543,0.50543,0.50543,0.50543,2189.59400867
Kraken:XRPUSD,2023-04-07T07:41:00Z,0.50644,0.50669,0.50644,0.50669,903
Kraken:XRPUSD,2023-04-07T07:43:00Z,0.50646,0.50654,0.50646,0.50654,10986.54141781
Kraken:XRPUSD,2023-04-07T07:47:00Z,0.50538,0.50538,0.50538,0.50538,365.96865
Kraken:XRPUSD,2023-04-07T07:49:00Z,0.50595,0.50595,0.50595,0.50595,763.26282
Kraken:XRPUSD,2023-04-07T07:50:00Z,0.50575,0.50575,0.50575,0.50575,391.72524
Kraken:XRPUSD,2023-04-07T07:53:00Z,0.50671,0.50671,0.50635,0.50635,990.31671
Kraken:XRPUSD,2023-04-07T07:54:00Z,0.50708,0.50709,0.50708,0.50709,893
Kraken:XRPUSD,2023-04-07T07:56:00Z,0.50571,0.50571,0.50541,0.50565,5755.41304404
Kraken:XRPUSD,2023-04-07T07:57:00Z,0.50663,0.50683,0.50663,0.50683,1502.723394
Kraken:XRPUSD,2023-04-07T07:58:00Z,0.50754,0.50794,0.50754,0.50779,10375.91933717
Kraken:XRPUSD,2023-04-07T07:59:00Z,0.50821,0.50821,0.50759,0.50794,12625.615825
Kraken:XRPUSD,2023-04-07T08:00:00Z,0.50789,0.50835,0.50789,0.50835,21319.225344
Kraken:XRPUSD,2023-04-07T08:01:00Z,0.5084,0.50895,0.5084,0.50894,12021.854018
Kraken:XRPUSD,2023-04-07T08:02:00Z,0.50911,0.51032,0.50911,0.51032,20360.24283834
Kraken:XRPUSD,2023-04-07T08:03:00Z,0.51041,0.5111,0.51,0.51038,1045.44735948
Kraken:XRPUSD,2023-04-07T08:04:00Z,0.51002,0.51002,0.50977,0.50977,2587.189271
Kraken:XRPUSD,2023-04-07T08:05:00Z,0.51062,0.51081,0.51062,0.51081,46740.11846966
Kraken:XRPUSD,2023-04-07T08:07:00Z,0.50927,0.50928,0.50927,0.50928,887
Kraken:XRPUSD,2023-04-07T08:08:00Z,0.50907,0.50987,0.50907,0.50987,962.03944
Kraken:XRPUSD,2023-04-07T08:14:00Z,0.50812,0.50852,0.50812,0.50852,15251.984494
Kraken:XRPUSD,2023-04-07T08:15:00Z,0.50869,0.50869,0.50815,0.50815,62.50815964
Kraken:XRPUSD,2023-04-07T08:16:00Z,0.51031,0.51081,0.51031,0.51066,3810.22786299
Kraken:XRPUSD,2023-04-07T08:17:00Z,0.5103,0.5103,0.5103,0.5103,1315.36501799
Kraken:XRPUSD,2023-04-07T08:18:00Z,0.51069,0.51069,0.51069,0.51069,493.067757
Kraken:XRPUSD,2023-04-07T08:21:00Z,0.5108,0.5108,0.5108,0.5108,2434.76209
Kraken:XRPUSD,2023-04-07T08:22:00Z,0.5108,0.51081,0.5108,0.51081,24919.9943179
Kraken:XRPUSD,2023-04-07T08:23:00Z,0.51079,0.5108,0.51079,0.5108,2720.81673532
Kraken:XRPUSD,2023-04-07T08:24:00Z,0.51079,0.51079,0.51079,0.51079,1769.08044402
Kraken:XRPUSD,2023-04-07T08:27:00Z,0.51081,0.5118,0.51081,0.5118,28643.32879786
Kraken:XRPUSD,2023-04-07T08:28:00Z,0.51075,0.51075,0.51075,0.51075,178.74848
Kraken:XRPUSD,2023-04-07T08:32:00Z,0.5118,0.5118,0.51176,0.51176,492.813816
Kraken:XRPUSD,2023-04-07T08:33:00Z,0.51165,0.51175,0.51165,0.51172,700.409552
Kraken:XRPUSD,2023-04-07T08:34:00Z,0.51123,0.51159,0.51123,0.51159,16624.42327399
Kraken:XRPUSD,2023-04-07T08:35:00Z,0.51157,0.51158,0.51157,0.51158,153.29833
Kraken:XRPUSD,2023-04-07T08:38:00Z,0.51038,0.51038,0.51036,0.51036,8.9E+2
Kraken:XRPUSD,2023-04-07T08:45:00Z,0.50946,0.51001,0.50935,0.51001,12218.87110816
Kraken:XRPUSD,2023-04-07T08:46:00Z,0.50982,0.50982,0.50982,0.50982,107.819473
Kraken:XRPUSD,2023-04-07T08:47:00Z,0.51008,0.5101,0.51008,0.5101,1960.41385162
Kraken:XRPUSD,2023-04-07T08:48:00Z,0.51084,0.51085,0.51084,0.51085,3329.654823
Kraken:XRPUSD,2023-04-07T08:50:00Z,0.51003,0.51003,0.50989,0.50989,5952.904653
Kraken:XRPUSD,2023-04-07T08:51:00Z,0.50974,0.50977,0.50974,0.50974,7987.51380076
Kraken:XRPUSD,2023-04-07T08:52:00Z,0.51025,0.51029,0.51009,0.5102,21064.32752097
Kraken:XRPUSD,2023-04-07T08:53:00Z,0.51017,0.51017,0.50946,0.50946,2287.720132
Kraken:XRPUSD,2023-04-07T08:54:00Z,0.50932,0.50942,0.50913,0.50913,1887.329468
Kraken:XRPUSD,2023-04-07T08:55:00Z,0.50912,0.50912,0.50864,0.50864,65
Kraken:XRPUSD,2023-04-07T08:57:00Z,0.50813,0.50813,0.50813,0.50813,3827.843014
Kraken:XRPUSD,2023-04-07T09:00:00Z,0.50892,0.50892,0.50892,0.50892,132.01456547
Kraken:XRPUSD,2023-04-07T09:01:00Z,0.50847,0.50847,0.50847,0.50847,104.16667
Kraken:XRPUSD,2023-04-07T09:03:00Z,0.50812,0.50812,0.50755,0.50768,20936.30746362
Kraken:XRPUSD,2023-04-07T09:04:00Z,0.5081,0.5081,0.5081,0.5081,16.05760799
Kraken:XRPUSD,2023-04-07T09:06:00Z,0.50815,0.50836,0.50815,0.50836,9490.04620013
Kraken:XRPUSD,2023-04-07T09:11:00Z,0.50745,0.50745,0.50745,0.50745,15
Kraken:XRPUSD,2023-04-07T09:12:00Z,0.50748,0.50748,0.50747,0.50747,1960.41385937
Kraken:XRPUSD,2023-04-07T09:14:00Z,0.50826,0.50826,0.50826,0.50826,15
Kraken:XRPUSD,2023-04-07T09:22:00Z,0.50946,0.50946,0.50946,0.50946,15
Kraken:XRPUSD,2023-04-07T09:23:00Z,0.51042,0.51042,0.51042,0.51042,389.23229
Kraken:XRPUSD,2023-04-07T09:24:00Z,0.51029,0.5104,0.51029,0.5104,3839.04474762
Kraken:XRPUSD,2023-04-07T09:26:00Z,0.5102,0.5102,0.50973,0.50973,807.86777236
Kraken:XRPUSD,2023-04-07T09:30:00Z,0.51066,0.51072,0.51066,0.51072,2015
Kraken:XRPUSD,2023-04-07T09:32:00Z,0.51028,0.511,0.51028,0.511,2436.05864522
Kraken:XRPUSD,2023-04-07T09:33:00Z,0.51192,0.51198,0.51192,0.51198,1955.49297978
Kraken:XRPUSD,2023-04-07T09:34:00Z,0.51214,0.51232,0.51214,0.51232,1.3E+2
Kraken:XRPUSD,2023-04-07T09:35:00Z,0.51169,0.51169,0.51169,0.51169,642.14694706
Kraken:XRPUSD,2023-04-07T09:36:00Z,0.51194,0.51194,0.51194,0.51194,1E+1
Kraken:XRPUSD,2023-04-07T09:39:00Z,0.51246,0.51277,0.51246,0.51277,19561.81533646
Kraken:XRPUSD,2023-04-07T09:40:00Z,0.51286,0.51298,0.51286,0.51298,223.00432
Kraken:XRPUSD,2023-04-07T09:41:00Z,0.51298,0.51316,0.51298,0.51315,1074.77265208
Kraken:XRPUSD,2023-04-07T09:44:00Z,0.5121,0.5121,0.5121,0.5121,976.27648149
Kraken:XRPUSD,2023-04-07T09:46:00Z,0.51232,0.51232,0.51232,0.51232,975.6097561
Kraken:XRPUSD,2023-04-07T09:47:00Z,0.51256,0.51256,0.51256,0.51256,228.13324749
Kraken:XRPUSD,2023-04-07T09:48:00Z,0.51197,0.51207,0.51145,0.51145,37025.45215707
Kraken:XRPUSD,2023-04-07T09:51:00Z,0.51155,0.51223,0.51126,0.51223,204903.17610432
Kraken:XRPUSD,2023-04-07T09:52:00Z,0.51195,0.51219,0.51195,0.51219,857.14787682
Kraken:XRPUSD,2023-04-07T09:54:00Z,0.51212,0.51212,0.51212,0.51212,1E+2
Kraken:XRPUSD,2023-04-07T09:55:00Z,0.51205,0.51213,0.51205,0.51213,572.503281
Kraken:XRPUSD,2023-04-07T09:56:00Z,0.51169,0.51169,0.51169,0.51169,5.74313
Kraken:XRPUSD,2023-04-07T09:58:00Z,0.51121,0.51122,0.51114,0.51114,939.06913
Kraken:XRPUSD,2023-04-07T09:59:00Z,0.51112,0.51115,0.51075,0.51111,7745.48167384
Kraken:XRPUSD,2023-04-07T10:00:00Z,0.51117,0.5113,0.51117,0.5113,602.10523
Kraken:XRPUSD,2023-04-07T10:01:00Z,0.51116,0.51126,0.51116,0.51126,52.58885985
Kraken:XRPUSD,2023-04-07T10:02:00Z,0.51132,0.51132,0.51128,0.51129,1039.3204195
Kraken:XRPUSD,2023-04-07T10:04:00Z,0.51114,0.51125,0.51114,0.51125,11858.141826
Kraken:XRPUSD,2023-04-07T10:05:00Z,0.51207,0.51207,0.51207,0.51207,83.6636
Kraken:XRPUSD,2023-04-07T10:08:00Z,0.51085,0.51085,0.51066,0.51068,536.61032349
Kraken:XRPUSD,2023-04-07T10:09:00Z,0.51055,0.51072,0.51055,0.51072,415
Kraken:XRPUSD,2023-04-07T10:10:00Z,0.51079,0.51079,0.51078,0.51079,2343.14283262
Kraken:XRPUSD,2023-04-07T10:11:00Z,0.51011,0.51011,0.51011,0.51011,4E+2
Kraken:XRPUSD,2023-04-07T10:13:00Z,0.51008,0.51008,0.50972,0.50972,9489.69359706
Kraken:XRPUSD,2023-04-07T10:15:00Z,0.5095,0.5095,0.5095,0.5095,247
Kraken:XRPUSD,2023-04-07T10:17:00Z,0.51,0.51,0.51,0.51,490.06155173
Kraken:XRPUSD,2023-04-07T10:18:00Z,0.50971,0.50971,0.50971,0.50971,482.37185771
Kraken:XRPUSD,2023-04-07T10:19:00Z,0.50995,0.50995,0.50995,0.50995,209.01808126
Kraken:XRPUSD,2023-04-07T10:20:00Z,0.50965,0.5098,0.50965,0.5098,354.83515059
Kraken:XRPUSD,2023-04-07T10:21:00Z,0.50984,0.50984,0.50984,0.50984,240.30953315
Kraken:XRPUSD,2023-04-07T10:22:00Z,0.51063,0.51063,0.51063,0.51063,15
Kraken:XRPUSD,2023-04-07T10:24:00Z,0.51025,0.51124,0.51025,0.51124,1339.89416
Kraken:XRPUSD,2023-04-07T10:25:00Z,0.51073,0.51073,0.51073,0.51073,5.2E+2
Kraken:XRPUSD,2023-04-07T10:26:00Z,0.51056,0.51056,0.51049,0.51049,1.17E+3
Kraken:XRPUSD,2023-04-07T10:27:00Z,0.51109,0.51109,0.51096,0.51096,4979.89584173
Kraken:XRPUSD,2023-04-07T10:30:00Z,0.51087,0.51087,0.51087,0.51087,38.57035
Kraken:XRPUSD,2023-04-07T10:31:00Z,0.51116,0.51127,0.51102,0.51102,2.08E+3
Kraken:XRPUSD,2023-04-07T10:33:00Z,0.51104,0.51104,0.51073,0.51073,4365.07021251
Kraken:XRPUSD,2023-04-07T10:35:00Z,0.50956,0.50956,0.50956,0.50956,250.70778
Kraken:XRPUSD,2023-04-07T10:37:00Z,0.50923,0.50923,0.50922,0.50922,1952.2995016
Kraken:XRPUSD,2023-04-07T10:40:00Z,0.50931,0.50943,0.50928,0.50943,322.69729
Kraken:XRPUSD,2023-04-07T10:43:00Z,0.50997,0.50998,0.50997,0.50998,407.16591172
Kraken:XRPUSD,2023-04-07T10:49:00Z,0.50833,0.50833,0.50754,0.50759,7153.63842278
Kraken:XRPUSD,2023-04-07T10:50:00Z,0.50795,0.50795,0.50771,0.50771,99.8
Kraken:XRPUSD,2023-04-07T10:52:00Z,0.50852,0.50852,0.50802,0.50802,203.1638894
Kraken:XRPUSD,2023-04-07T10:53:00Z,0.50774,0.50774,0.50774,0.50774,492.6651395
Kraken:XRPUSD,2023-04-07T10:55:00Z,0.50778,0.50778,0.50752,0.50752,8E+1
Kraken:XRPUSD,2023-04-07T10:56:00Z,0.50766,0.50773,0.50761,0.50768,2.19E+3
Kraken:XRPUSD,2023-04-07T10:58:00Z,0.50762,0.50762,0.50762,0.50762,1.51E+3
Kraken:XRPUSD,2023-04-07T11:00:00Z,0.50766,0.50766,0.50761,0.50761,77.6166122
Kraken:XRPUSD,2023-04-07T11:02:00Z,0.50814,0.50826,0.50814,0.50826,2998.56597312
Kraken:XRPUSD,2023-04-07T11:04:00Z,0.50838,0.50838,0.50838,0.50838,20.77965651
Kraken:XRPUSD,2023-04-07T11:11:00Z,0.50749,0.50749,0.50749,0.50749,643.54033
Kraken:XRPUSD,2023-04-07T11:13:00Z,0.50766,0.50766,0.50766,0.50766,36.71087026
Kraken:XRPUSD,2023-04-07T11:14:00Z,0.50745,0.50745,0.50745,0.50745,107.26013
Kraken:XRPUSD,2023-04-07T11:15:00Z,0.50716,0.50716,0.50706,0.50706,40.16155022
Kraken:XRPUSD,2023-04-07T11:19:00Z,0.50724,0.50728,0.50724,0.50728,325
Kraken:XRPUSD,2023-04-07T11:20:00Z,0.5072,0.5072,0.50719,0.50719,786.35041403
Kraken:XRPUSD,2023-04-07T11:21:00Z,0.507,0.507,0.507,0.507,20.46250125
Kraken:XRPUSD,2023-04-07T11:22:00Z,0.5067,0.5067,0.50646,0.50646,2430.87889801
Kraken:XRPUSD,2023-04-07T11:26:00Z,0.50663,0.50663,0.50663,0.50663,736.02043464
Kraken:XRPUSD,2023-04-07T11:30:00Z,0.50689,0.50689,0.50689,0.50689,515.82716
Kraken:XRPUSD,2023-04-07T11:32:00Z,0.50647,0.5065,0.50647,0.5065,1121.14196791
Kraken:XRPUSD,2023-04-07T11:33:00Z,0.50652,0.50652,0.50643,0.50643,377
Kraken:XRPUSD,2023-04-07T11:35:00Z,0.50666,0.50666,0.50666,0.50666,22
Kraken:XRPUSD,2023-04-07T11:37:00Z,0.50639,0.50639,0.50639,0.50639,149.98831796
Kraken:XRPUSD,2023-04-07T11:38:00Z,0.50636,0.50636,0.50627,0.50627,40.34867
Kraken:XRPUSD,2023-04-07T11:39:00Z,0.506,0.506,0.50582,0.50582,4464.20416386
Kraken:XRPUSD,2023-04-07T11:40:00Z,0.50625,0.50625,0.50625,0.50625,691
Kraken:XRPUSD,2023-04-07T11:42:00Z,0.5058,0.5058,0.5058,0.5058,3.6E+2
Kraken:XRPUSD,2023-04-07T11:44:00Z,0.50556,0.50556,0.50543,0.50543,2518.84769
Kraken:XRPUSD,2023-04-07T11:45:00Z,0.50535,0.50535,0.5043,0.5043,16691.97187
Kraken:XRPUSD,2023-04-07T11:46:00Z,0.5047,0.5047,0.50469,0.50469,920.2522
Kraken:XRPUSD,2023-04-07T11:47:00Z,0.50447,0.50447,0.50404,0.50404,4250.77980357
Kraken:XRPUSD,2023-04-07T11:48:00Z,0.50404,0.50405,0.50404,0.50405,520.7105606
Kraken:XRPUSD,2023-04-07T11:49:00Z,0.50404,0.50404,0.50323,0.50369,22842.10398861
Kraken:XRPUSD,2023-04-07T11:50:00Z,0.50395,0.50419,0.50395,0.50419,6809.77108
Kraken:XRPUSD,2023-04-07T11:51:00Z,0.5047,0.5047,0.5047,0.5047,1499.61032349
Kraken:XRPUSD,2023-04-07T11:53:00Z,0.50373,0.50373,0.50373,0.50373,154.803256
Kraken:XRPUSD,2023-04-07T11:54:00Z,0.50408,0.50408,0.50408,0.50408,895
Kraken:XRPUSD,2023-04-07T11:58:00Z,0.50384,0.50385,0.50384,0.50385,895
Kraken:XRPUSD,2023-04-07T12:02:00Z,0.5045,0.5045,0.5045,0.5045,697.81603215
Kraken:XRPUSD,2023-04-07T12:03:00Z,0.50434,0.50461,0.50434,0.50461,895.02
Kraken:XRPUSD,2023-04-07T12:04:00Z,0.50443,0.50443,0.50443,0.50443,894
Kraken:XRPUSD,2023-04-07T12:05:00Z,0.504,0.504,0.50341,0.50341,4944.40992063
Kraken:XRPUSD,2023-04-07T12:06:00Z,0.50375,0.50414,0.50375,0.50414,817.2681938
Kraken:XRPUSD,2023-04-07T12:07:00Z,0.5047,0.50488,0.5047,0.50484,1707.91537375
Kraken:XRPUSD,2023-04-07T12:08:00Z,0.50453,0.50454,0.50453,0.50454,839.77229046
Kraken:XRPUSD,2023-04-07T12:09:00Z,0.50461,0.50461,0.50461,0.50461,700.79345918
Kraken:XRPUSD,2023-04-07T12:10:00Z,0.5045,0.50473,0.5045,0.50473,976.59990094
Kraken:XRPUSD,2023-04-07T12:11:00Z,0.50465,0.50518,0.50465,0.50518,898
Kraken:XRPUSD,2023-04-07T12:12:00Z,0.50547,0.50568,0.50536,0.50537,1348.87478938
Kraken:XRPUSD,2023-04-07T12:13:00Z,0.50559,0.50559,0.50559,0.50559,689.12526
Kraken:XRPUSD,2023-04-07T12:14:00Z,0.50559,0.50559,0.50559,0.50559,6233.52108968
Kraken:XRPUSD,2023-04-07T12:15:00Z,0.5056,0.5056,0.50559,0.50559,10265.28828978
Kraken:XRPUSD,2023-04-07T12:18:00Z,0.50579,0.50579,0.50579,0.50579,704.71073679
Kraken:XRPUSD,2023-04-07T12:20:00Z,0.50542,0.50542,0.50495,0.50495,892
Kraken:XRPUSD,2023-04-07T12:21:00Z,0.50532,0.50532,0.50532,0.50532,1E+1
Kraken:XRPUSD,2023-04-07T12:22:00Z,0.50556,0.50584,0.50555,0.50584,77.61038
Kraken:XRPUSD,2023-04-07T12:23:00Z,0.50557,0.50557,0.50557,0.50557,223
Kraken:XRPUSD,2023-04-07T12:24:00Z,0.50599,0.50599,0.50599,0.50599,448
Kraken:XRPUSD,2023-04-07T12:27:00Z,0.50529,0.50529,0.50529,0.50529,3E+1
Kraken:XRPUSD,2023-04-07T12:28:00Z,0.50533,0.50578,0.50533,0.50578,1465.9257
Kraken:XRPUSD,2023-04-07T12:29:00Z,0.50579,0.50602,0.50579,0.50602,247.275
Kraken:XRPUSD,2023-04-07T12:30:00Z,0.50597,0.50616,0.50597,0.50616,916
Kraken:XRPUSD,2023-04-07T12:32:00Z,0.50761,0.50769,0.5076,0.50769,10994.2348757
Kraken:XRPUSD,2023-04-07T12:34:00Z,0.50669,0.50669,0.50669,0.50669,990.11861621
Kraken:XRPUSD,2023-04-07T12:35:00Z,0.50691,0.50696,0.50691,0.50696,304.79816
Kraken:XRPUSD,2023-04-07T12:36:00Z,0.50691,0.50691,0.50659,0.50659,50.2
Kraken:XRPUSD,2023-04-07T12:37:00Z,0.50658,0.50658,0.50601,0.50601,10950.12956845
Kraken:XRPUSD,2023-04-07T12:38:00Z,0.50538,0.50538,0.50437,0.50437,1890.8316956
Kraken:XRPUSD,2023-04-07T12:40:00Z,0.50608,0.50608,0.50608,0.50608,158.0475051
Kraken:XRPUSD,2023-04-07T12:41:00Z,0.50522,0.50522,0.50522,0.50522,49.4502711
Kraken:XRPUSD,2023-04-07T12:43:00Z,0.50558,0.50558,0.50551,0.50551,3E+4
Kraken:XRPUSD,2023-04-07T12:48:00Z,0.50665,0.50665,0.50648,0.50648,1300.66014618
Kraken:XRPUSD,2023-04-07T12:50:00Z,0.50601,0.50601,0.50601,0.50601,211.21952087
Kraken:XRPUSD,2023-04-07T12:51:00Z,0.50634,0.50634,0.50634,0.50634,500.05772
Kraken:XRPUSD,2023-04-07T12:55:00Z,0.50665,0.50667,0.50638,0.50638,3968.7153709
Kraken:XRPUSD,2023-04-07T12:56:00Z,0.50616,0.50616,0.50616,0.50616,15.31074013
Kraken:XRPUSD,2023-04-07T12:58:00Z,0.50671,0.50671,0.50639,0.50639,17.75056823
Kraken:XRPUSD,2023-04-07T12:59:00Z,0.50623,0.50623,0.50622,0.50623,1313.06107837
Kraken:XRPUSD,2023-04-07T13:00:00Z,0.50631,0.50707,0.50631,0.50707,570.10013327
Kraken:XRPUSD,2023-04-07T13:01:00Z,0.50688,0.50688,0.50688,0.50688,1.6E+2
Kraken:XRPUSD,2023-04-07T13:13:00Z,0.50695,0.50695,0.50695,0.50695,332.11317389
Kraken:XRPUSD,2023-04-07T13:17:00Z,0.50713,0.5073,0.50713,0.5073,870.501963
Kraken:XRPUSD,2023-04-07T13:18:00Z,0.50748,0.50779,0.50748,0.50779,473.61882992
Kraken:XRPUSD,2023-04-07T13:23:00Z,0.50711,0.50711,0.50692,0.50692,17855.68668493
Kraken:XRPUSD,2023-04-07T13:24:00Z,0.50756,0.50756,0.50756,0.50756,205.39851
Kraken:XRPUSD,2023-04-07T13:34:00Z,0.50667,0.50667,0.50667,0.50667,899
Kraken:XRPUSD,2023-04-07T13:35:00Z,0.50708,0.5072,0.50708,0.5072,455.97325
Kraken:XRPUSD,2023-04-07T13:37:00Z,0.50776,0.50776,0.50776,0.50776,2.5E+2
Kraken:XRPUSD,2023-04-07T13:38:00Z,0.50785,0.50785,0.50785,0.50785,522.25182113
Kraken:XRPUSD,2023-04-07T13:40:00Z,0.50838,0.50845,0.50838,0.50845,5E+1
Kraken:XRPUSD,2023-04-07T13:42:00Z,0.5083,0.5083,0.5083,0.5083,96.5937
Kraken:XRPUSD,2023-04-07T13:44:00Z,0.50826,0.50826,0.50826,0.50826,11192.68799433
Kraken:XRPUSD,2023-04-07T13:48:00Z,0.50724,0.50724,0.50724,0.50724,96.41406342
Kraken:XRPUSD,2023-04-07T13:50:00Z,0.50724,0.50724,0.50724,0.50724,32.66525364
Kraken:XRPUSD,2023-04-07T13:51:00Z,0.50732,0.50732,0.50732,0.50732,54.75
Kraken:XRPUSD,2023-04-07T13:52:00Z,0.50736,0.50736,0.50736,0.50736,36.62033301
Kraken:XRPUSD,2023-04-07T13:54:00Z,0.50724,0.50724,0.50724,0.50724,584.14083764
Kraken:XRPUSD,2023-04-07T13:55:00Z,0.50723,0.50723,0.50609,0.50609,301.34640912
Kraken:XRPUSD,2023-04-07T13:57:00Z,0.50674,0.50674,0.50674,0.50674,763.3719563
Kraken:XRPUSD,2023-04-07T13:59:00Z,0.5069,0.5069,0.5069,0.5069,37
Kraken:XRPUSD,2023-04-07T14:00:00Z,0.50677,0.50677,0.50674,0.50674,250.65919379
Kraken:XRPUSD,2023-04-07T14:02:00Z,0.50728,0.5073,0.50721,0.50721,3751.21071586
Kraken:XRPUSD,2023-04-07T14:03:00Z,0.50712,0.50736,0.50712,0.50736,2179.81353201
Kraken:XRPUSD,2023-04-07T14:05:00Z,0.50736,0.50736,0.50736,0.50736,26.3459325
Kraken:XRPUSD,2023-04-07T14:06:00Z,0.50694,0.50736,0.50694,0.50736,473
Kraken:XRPUSD,2023-04-07T14:07:00Z,0.50756,0.50756,0.50756,0.50756,67.9626629
Kraken:XRPUSD,2023-04-07T14:08:00Z,0.5074,0.50748,0.5074,0.50748,874.27364072
Kraken:XRPUSD,2023-04-07T14:09:00Z,0.50742,0.50749,0.50734,0.50734,1587.83198106
Kraken:XRPUSD,2023-04-07T14:10:00Z,0.50742,0.50742,0.50742,0.50742,84.05540347
Kraken:XRPUSD,2023-04-07T14:11:00Z,0.50725,0.50749,0.50725,0.50749,1903.40997321
Kraken:XRPUSD,2023-04-07T14:13:00Z,0.50748,0.50748,0.50748,0.50748,5E+2
Kraken:XRPUSD,2023-04-07T14:16:00Z,0.50654,0.50654,0.50654,0.50654,1469.9556006
Kraken:XRPUSD,2023-04-07T14:18:00Z,0.5071,0.5071,0.50707,0.50707,164.60726727
Kraken:XRPUSD,2023-04-07T14:20:00Z,0.50693,0.50718,0.50693,0.50718,547
Kraken:XRPUSD,2023-04-07T14:22:00Z,0.50714,0.50714,0.50714,0.50714,629.04197547
Kraken:XRPUSD,2023-04-07T14:25:00Z,0.50686,0.50686,0.50686,0.50686,898
Kraken:XRPUSD,2023-04-07T14:26:00Z,0.50673,0.50673,0.50673,0.50673,1143.37651063
Kraken:XRPUSD,2023-04-07T14:27:00Z,0.50673,0.50673,0.50647,0.50657,1380.17716
Kraken:XRPUSD,2023-04-07T14:28:00Z,0.50673,0.5072,0.50673,0.5072,3924.18706799
Kraken:XRPUSD,2023-04-07T14:29:00Z,0.5072,0.5077,0.5072,0.50769,1047.00108673
Kraken:XRPUSD,2023-04-07T14:30:00Z,0.5077,0.5077,0.50769,0.5077,2861.0255279
Kraken:XRPUSD,2023-04-07T14:31:00Z,0.508,0.5083,0.508,0.5083,4329.61232842
Kraken:XRPUSD,2023-04-07T14:32:00Z,0.508,0.5086,0.508,0.5086,71295.81339835
Kraken:XRPUSD,2023-04-07T14:33:00Z,0.50731,0.50731,0.50731,0.50731,49
Kraken:XRPUSD,2023-04-07T14:34:00Z,0.50743,0.50743,0.50743,0.50743,39.42751252
Kraken:XRPUSD,2023-04-07T14:35:00Z,0.50774,0.50774,0.50774,0.50774,29
Kraken:XRPUSD,2023-04-07T14:38:00Z,0.50825,0.50825,0.50825,0.50825,157.23269
Kraken:XRPUSD,2023-04-07T14:41:00Z,0.508,0.50803,0.508,0.50803,8724.39383
Kraken:XRPUSD,2023-04-07T14:49:00Z,0.50835,0.50836,0.50835,0.50836,292
Kraken:XRPUSD,2023-04-07T14:51:00Z,0.50835,0.50835,0.50835,0.50835,6293.2587784
Kraken:XRPUSD,2023-04-07T14:55:00Z,0.50749,0.50761,0.50749,0.50761,140.39935745
Kraken:XRPUSD,2023-04-07T14:56:00Z,0.50755,0.50755,0.50755,0.50755,182.23643
Kraken:XRPUSD,2023-04-07T14:57:00Z,0.50801,0.50802,0.50801,0.50802,196.84465616
Kraken:XRPUSD,2023-04-07T15:04:00Z,0.50834,0.50834,0.50834,0.50834,18.16586
Kraken:XRPUSD,2023-04-07T15:14:00Z,0.50801,0.50801,0.50801,0.50801,134
Kraken:XRPUSD,2023-04-07T15:18:00Z,0.50734,0.50778,0.50734,0.50778,693.98261196
Kraken:XRPUSD,2023-04-07T15:21:00Z,0.50775,0.50775,0.50775,0.50775,43.34847745
Kraken:XRPUSD,2023-04-07T15:22:00Z,0.5078,0.50781,0.5078,0.50781,623.80870085
Kraken:XRPUSD,2023-04-07T15:26:00Z,0.50778,0.50778,0.50718,0.50718,2825.71897061
Kraken:XRPUSD,2023-04-07T15:27:00Z,0.50701,0.50701,0.50701,0.50701,1083.10452
Kraken:XRPUSD,2023-04-07T15:29:00Z,0.50658,0.50663,0.50658,0.50663,1181.12868586
Kraken:XRPUSD,2023-04-07T15:32:00Z,0.507,0.507,0.50669,0.50669,1540.73460102
Kraken:XRPUSD,2023-04-07T15:34:00Z,0.50706,0.50706,0.50706,0.50706,203
Kraken:XRPUSD,2023-04-07T15:37:00Z,0.50719,0.50719,0.50719,0.50719,315
Kraken:XRPUSD,2023-04-07T15:39:00Z,0.50713,0.50713,0.50713,0.50713,34
Kraken:XRPUSD,2023-04-07T15:40:00Z,0.50705,0.50708,0.50702,0.50708,1432.4485
Kraken:XRPUSD,2023-04-07T15:42:00Z,0.50709,0.50709,0.50709,0.50709,3E+1
Kraken:XRPUSD,2023-04-07T15:43:00Z,0.50709,0.50791,0.50709,0.50791,7426.83567
Kraken:XRPUSD,2023-04-07T15:47:00Z,0.50734,0.50734,0.50734,0.50734,886.1988811
Kraken:XRPUSD,2023-04-07T15:48:00Z,0.50716,0.50716,0.50716,0.50716,1E+1
Kraken:XRPUSD,2023-04-07T15:50:00Z,0.50773,0.50773,0.50773,0.50773,1E+1
Kraken:XRPUSD,2023-04-07T15:52:00Z,0.50796,0.50796,0.50796,0.50796,1294.85219
Kraken:XRPUSD,2023-04-07T15:57:00Z,0.50757,0.50757,0.50757,0.50757,1000.84717379
Kraken:XRPUSD,2023-04-07T16:04:00Z,0.5088,0.5088,0.5088,0.5088,15
Kraken:XRPUSD,2023-04-07T16:07:00Z,0.50863,0.50863,0.50863,0.50863,15.87121366
Kraken:XRPUSD,2023-04-07T16:08:00Z,0.50837,0.50853,0.50837,0.50853,22736.79478206
Kraken:XRPUSD,2023-04-07T16:10:00Z,0.50831,0.50831,0.50831,0.50831,2.5E+2
Kraken:XRPUSD,2023-04-07T16:11:00Z,0.50832,0.50833,0.50832,0.50833,2726.68702073
Kraken:XRPUSD,2023-04-07T16:12:00Z,0.50871,0.50871,0.50871,0.50871,261.90608
Kraken:XRPUSD,2023-04-07T16:14:00Z,0.50818,0.50818,0.50818,0.50818,629.17
Kraken:XRPUSD,2023-04-07T16:17:00Z,0.50761,0.50761,0.50761,0.50761,5E+1
Kraken:XRPUSD,2023-04-07T16:19:00Z,0.50763,0.50763,0.50763,0.50763,100.78206568
Kraken:XRPUSD,2023-04-07T16:21:00Z,0.50728,0.50728,0.50728,0.50728,4.29995
Kraken:XRPUSD,2023-04-07T16:27:00Z,0.50703,0.50703,0.50703,0.50703,5.48491
Kraken:XRPUSD,2023-04-07T16:31:00Z,0.5073,0.5073,0.5073,0.5073,1.5E+2
Kraken:XRPUSD,2023-04-07T16:32:00Z,0.5073,0.50787,0.5073,0.50787,434.64036072
Kraken:XRPUSD,2023-04-07T16:33:00Z,0.50787,0.50787,0.50787,0.50787,40.69006
Kraken:XRPUSD,2023-04-07T16:39:00Z,0.50774,0.50774,0.50774,0.50774,61.21717334
Kraken:XRPUSD,2023-04-07T16:40:00Z,0.50727,0.50727,0.50727,0.50727,16.29868506
Kraken:XRPUSD,2023-04-07T16:41:00Z,0.50727,0.50727,0.50704,0.50704,321.16976217
Kraken:XRPUSD,2023-04-07T16:43:00Z,0.50708,0.50708,0.50665,0.50665,1.2E+5
Kraken:XRPUSD,2023-04-07T16:48:00Z,0.50623,0.50623,0.5062,0.5062,211.88489
Kraken:XRPUSD,2023-04-07T16:49:00Z,0.50619,0.50619,0.50594,0.50594,3336.63904988
Kraken:XRPUSD,2023-04-07T16:50:00Z,0.50581,0.50581,0.50581,0.50581,15
Kraken:XRPUSD,2023-04-07T16:54:00Z,0.50619,0.50619,0.50619,0.50619,105.682203
Kraken:XRPUSD,2023-04-07T16:55:00Z,0.50649,0.50651,0.50645,0.50645,692.72129
Kraken:XRPUSD,2023-04-07T16:58:00Z,0.50662,0.50662,0.50662,0.50662,15
Kraken:XRPUSD,2023-04-07T16:59:00Z,0.50661,0.50661,0.50661,0.50661,176.7199
Kraken:XRPUSD,2023-04-07T17:01:00Z,0.50753,0.50759,0.50753,0.50758,2385.38685899
Kraken:XRPUSD,2023-04-07T17:04:00Z,0.5074,0.5074,0.5074,0.5074,2E+2
Kraken:XRPUSD,2023-04-07T17:06:00Z,0.50778,0.5078,0.50778,0.5078,910.79477089
Kraken:XRPUSD,2023-04-07T17:07:00Z,0.5078,0.5078,0.5078,0.5078,187.67113037
Kraken:XRPUSD,2023-04-07T17:08:00Z,0.50782,0.50782,0.50782,0.50782,15
Kraken:XRPUSD,2023-04-07T17:10:00Z,0.50823,0.50823,0.50823,0.50823,1E+2
Kraken:XRPUSD,2023-04-07T17:11:00Z,0.50878,0.50878,0.50878,0.50878,194.6022448
Kraken:XRPUSD,2023-04-07T17:14:00Z,0.50865,0.50865,0.50865,0.50865,3E+2
Kraken:XRPUSD,2023-04-07T17:17:00Z,0.50817,0.50817,0.50817,0.50817,175.624
Kraken:XRPUSD,2023-04-07T17:20:00Z,0.50902,0.50902,0.50902,0.50902,15
Kraken:XRPUSD,2023-04-07T17:25:00Z,0.51,0.51,0.51,0.51,2018.13521359
Kraken:XRPUSD,2023-04-07T17:27:00Z,0.51028,0.51056,0.51028,0.51056,154.03797
Kraken:XRPUSD,2023-04-07T17:29:00Z,0.51029,0.51029,0.51029,0.51029,5
Kraken:XRPUSD,2023-04-07T17:30:00Z,0.51043,0.5105,0.51043,0.5105,38.54322808
Kraken:XRPUSD,2023-04-07T17:31:00Z,0.51019,0.51019,0.51019,0.51019,18
Kraken:XRPUSD,2023-04-07T17:32:00Z,0.5103,0.51043,0.5103,0.51036,1.6E+2
Kraken:XRPUSD,2023-04-07T17:37:00Z,0.50934,0.50967,0.50934,0.50967,298.43795
Kraken:XRPUSD,2023-04-07T17:41:00Z,0.50945,0.50945,0.50945,0.50945,29.96
Kraken:XRPUSD,2023-04-07T17:42:00Z,0.50946,0.50946,0.50946,0.50946,161.88107582
Kraken:XRPUSD,2023-04-07T17:43:00Z,0.51008,0.51009,0.51008,0.51009,186.03797
Kraken:XRPUSD,2023-04-07T17:49:00Z,0.50978,0.50978,0.50978,0.50978,92.42718
Kraken:XRPUSD,2023-04-07T17:50:00Z,0.51004,0.51004,0.51004,0.51004,164.85586973
Kraken:XRPUSD,2023-04-07T17:54:00Z,0.50953,0.50953,0.50953,0.50953,98.08922195
Kraken:XRPUSD,2023-04-07T17:57:00Z,0.50978,0.50978,0.50978,0.50978,473.82057
Kraken:XRPUSD,2023-04-07T17:59:00Z,0.50994,0.50994,0.50994,0.50994,1E+3
Kraken:XRPUSD,2023-04-07T18:01:00Z,0.50992,0.51009,0.50987,0.51009,50704.18660165
Kraken:XRPUSD,2023-04-07T18:03:00Z,0.50971,0.50971,0.50971,0.50971,171.4508
Kraken:XRPUSD,2023-04-07T18:05:00Z,0.50979,0.50979,0.50973,0.50973,16480.06641269
Kraken:XRPUSD,2023-04-07T18:08:00Z,0.5103,0.5103,0.5103,0.5103,330.942482
Kraken:XRPUSD,2023-04-07T18:09:00Z,0.51076,0.5117,0.51076,0.5117,1868.93362526
Kraken:XRPUSD,2023-04-07T18:12:00Z,0.51151,0.51151,0.51085,0.51085,2.001E+4
Kraken:XRPUSD,2023-04-07T18:13:00Z,0.5111,0.5111,0.51077,0.51077,473.61092
Kraken:XRPUSD,2023-04-07T18:16:00Z,0.51007,0.51014,0.51,0.51014,10500.00000426
Kraken:XRPUSD,2023-04-07T18:19:00Z,0.5104,0.51043,0.5104,0.51043,21.43673
Kraken:XRPUSD,2023-04-07T18:23:00Z,0.51043,0.51062,0.51043,0.51062,1438.92445145
Kraken:XRPUSD,2023-04-07T18:24:00Z,0.51041,0.51041,0.51041,0.51041,15.0050191
Kraken:XRPUSD,2023-04-07T18:25:00Z,0.51089,0.51089,0.51089,0.51089,9E+2
Kraken:XRPUSD,2023-04-07T18:26:00Z,0.51089,0.51214,0.51089,0.51214,17755.51691038
Kraken:XRPUSD,2023-04-07T18:28:00Z,0.51269,0.5131,0.51269,0.5131,323.42519
Kraken:XRPUSD,2023-04-07T18:30:00Z,0.51284,0.51284,0.51282,0.51282,2E+4
Kraken:XRPUSD,2023-04-07T18:31:00Z,0.51223,0.51256,0.51223,0.51256,121.76658948
Kraken:XRPUSD,2023-04-07T18:34:00Z,0.51237,0.51246,0.51237,0.51242,5.07E+3
Kraken:XRPUSD,2023-04-07T18:36:00Z,0.51233,0.51233,0.51206,0.51206,1635.98
Kraken:XRPUSD,2023-04-07T18:46:00Z,0.51206,0.51207,0.51206,0.51207,864.32547587
Kraken:XRPUSD,2023-04-07T18:47:00Z,0.51213,0.51213,0.51187,0.51189,21727.61143147
Kraken:XRPUSD,2023-04-07T18:48:00Z,0.51217,0.51226,0.51217,0.51226,40.35439
Kraken:XRPUSD,2023-04-07T18:49:00Z,0.51226,0.51226,0.51226,0.51226,2.5E+2
Kraken:XRPUSD,2023-04-07T18:50:00Z,0.51234,0.51282,0.51234,0.51282,9567.80679749
Kraken:XRPUSD,2023-04-07T18:52:00Z,0.5131,0.51311,0.5131,0.5131,8.8E+2
Kraken:XRPUSD,2023-04-07T18:53:00Z,0.51213,0.51213,0.51213,0.51213,613.93467
Kraken:XRPUSD,2023-04-07T18:54:00Z,0.51225,0.5125,0.51225,0.5125,2733.18360517
Kraken:XRPUSD,2023-04-07T18:59:00Z,0.51319,0.51319,0.51319,0.51319,5.36495
Kraken:XRPUSD,2023-04-07T19:00:00Z,0.51331,0.51332,0.51331,0.51332,37357.5558289
Kraken:XRPUSD,2023-04-07T19:01:00Z,0.51374,0.51399,0.51374,0.51399,583.08893603
Kraken:XRPUSD,2023-04-07T19:02:00Z,0.51244,0.51244,0.51244,0.51244,369.62155
Kraken:XRPUSD,2023-04-07T19:03:00Z,0.51187,0.51188,0.5117,0.5117,5255.76407473
Kraken:XRPUSD,2023-04-07T19:04:00Z,0.51194,0.51194,0.51194,0.51194,5E+3
Kraken:XRPUSD,2023-04-07T19:05:00Z,0.51266,0.51266,0.51266,0.51266,1634
Kraken:XRPUSD,2023-04-07T19:07:00Z,0.51275,0.51275,0.51275,0.51275,2.5E+3
Kraken:XRPUSD,2023-04-07T19:09:00Z,0.51201,0.51201,0.51201,0.51201,4319.73663312
Kraken:XRPUSD,2023-04-07T19:10:00Z,0.51145,0.51145,0.51138,0.51138,69.78597725
Kraken:XRPUSD,2023-04-07T19:12:00Z,0.51098,0.51098,0.51098,0.51098,1592.08599313
Kraken:XRPUSD,2023-04-07T19:15:00Z,0.51099,0.51099,0.51099,0.51099,21.9771756
Kraken:XRPUSD,2023-04-07T19:16:00Z,0.51125,0.51125,0.51125,0.51125,55
Kraken:XRPUSD,2023-04-07T19:18:00Z,0.51069,0.51075,0.51069,0.51075,620.39398
Kraken:XRPUSD,2023-04-07T19:20:00Z,0.51083,0.51087,0.51083,0.51086,2273.10277997
Kraken:XRPUSD,2023-04-07T19:24:00Z,0.51087,0.51087,0.51087,0.51087,9976
Kraken:XRPUSD,2023-04-07T19:25:00Z,0.51158,0.51158,0.51158,0.51158,204.83798
Kraken:XRPUSD,2023-04-07T19:26:00Z,0.51203,0.51203,0.51203,0.51203,296.35027708
Kraken:XRPUSD,2023-04-07T19:29:00Z,0.51211,0.51211,0.51211,0.51211,34.4261975
Kraken:XRPUSD,2023-04-07T19:32:00Z,0.512,0.512,0.512,0.512,9.96354
Kraken:XRPUSD,2023-04-07T19:33:00Z,0.51227,0.51227,0.51227,0.51227,2.70366
Kraken:XRPUSD,2023-04-07T19:35:00Z,0.51196,0.51196,0.51196,0.51196,1000.00000001
Kraken:XRPUSD,2023-04-07T19:39:00Z,0.51252,0.51252,0.51238,0.51238,943.40515498
Kraken:XRPUSD,2023-04-07T19:41:00Z,0.51259,0.51259,0.51259,0.51259,8.6977
Kraken:XRPUSD,2023-04-07T19:42:00Z,0.51263,0.51263,0.51258,0.51258,5507.96576592
Kraken:XRPUSD,2023-04-07T19:44:00Z,0.51247,0.51247,0.51247,0.51247,273.46695
Kraken:XRPUSD,2023-04-07T19:45:00Z,0.51251,0.51251,0.51251,0.51251,300.65396
Kraken:XRPUSD,2023-04-07T19:52:00Z,0.51272,0.51272,0.51272,0.51272,4636.53304999
Kraken:XRPUSD,2023-04-07T19:54:00Z,0.51184,0.51185,0.51184,0.51185,1428.5714
Kraken:XRPUSD,2023-04-07T19:55:00Z,0.51201,0.51223,0.51201,0.51223,2E+4
Kraken:XRPUSD,2023-04-07T19:57:00Z,0.5129,0.51301,0.51283,0.51295,10029.43659226
Kraken:XRPUSD,2023-04-07T20:02:00Z,0.51296,0.51296,0.51296,0.51296,3382.73376788
Kraken:XRPUSD,2023-04-07T20:04:00Z,0.51296,0.51296,0.51296,0.51296,506.81881
Kraken:XRPUSD,2023-04-07T20:05:00Z,0.51296,0.51296,0.51296,0.51296,986.81936
Kraken:XRPUSD,2023-04-07T20:09:00Z,0.51336,0.51336,0.51331,0.51331,13601.52003004
Kraken:XRPUSD,2023-04-07T20:11:00Z,0.51314,0.51314,0.51314,0.51314,5.18514
Kraken:XRPUSD,2023-04-07T20:17:00Z,0.51311,0.51312,0.51311,0.51312,7803.87274374
Kraken:XRPUSD,2023-04-07T20:19:00Z,0.51232,0.51232,0.51232,0.51232,2E+1
Kraken:XRPUSD,2023-04-07T20:20:00Z,0.5121,0.5121,0.51201,0.51201,7E+1
Kraken:XRPUSD,2023-04-07T20:29:00Z,0.51195,0.51195,0.51195,0.51195,6836.55329076
Kraken:XRPUSD,2023-04-07T20:30:00Z,0.51195,0.51195,0.51195,0.51195,1763.68408741
Kraken:XRPUSD,2023-04-07T20:31:00Z,0.51195,0.51195,0.51195,0.51195,1.31E+3
Kraken:XRPUSD,2023-04-07T20:33:00Z,0.51201,0.51201,0.51201,0.51201,156.21307902
Kraken:XRPUSD,2023-04-07T20:38:00Z,0.51231,0.51231,0.51231,0.51231,294.116647
Kraken:XRPUSD,2023-04-07T20:42:00Z,0.51192,0.51192,0.51192,0.51192,346.78692097
Kraken:XRPUSD,2023-04-07T20:43:00Z,0.51166,0.51166,0.51166,0.51166,351.67239762
Kraken:XRPUSD,2023-04-07T20:46:00Z,0.51192,0.51192,0.51192,0.51192,138
Kraken:XRPUSD,2023-04-07T20:47:00Z,0.51192,0.51233,0.51192,0.51233,3.46E+3
Kraken:XRPUSD,2023-04-07T20:53:00Z,0.51209,0.51209,0.51209,0.51209,155.77044
Kraken:XRPUSD,2023-04-07T20:56:00Z,0.51187,0.51187,0.51187,0.51187,22.65842
Kraken:XRPUSD,2023-04-07T20:57:00Z,0.51186,0.51186,0.51166,0.51166,58.62123093
Kraken:XRPUSD,2023-04-07T20:58:00Z,0.51161,0.51161,0.51161,0.51161,1265.31819
Kraken:XRPUSD,2023-04-07T21:00:00Z,0.51114,0.51114,0.51017,0.51067,170592.30540293
Kraken:XRPUSD,2023-04-07T21:01:00Z,0.51088,0.51088,0.51088,0.51088,35.20093869
Kraken:XRPUSD,2023-04-07T21:02:00Z,0.51089,0.51102,0.51089,0.51102,700.30852749
Kraken:XRPUSD,2023-04-07T21:05:00Z,0.51096,0.51096,0.51095,0.51095,3E+3
Kraken:XRPUSD,2023-04-07T21:06:00Z,0.51101,0.51101,0.51099,0.51101,2003.95088059
Kraken:XRPUSD,2023-04-07T21:07:00Z,0.51067,0.51068,0.51067,0.51068,6066.48930174
Kraken:XRPUSD,2023-04-07T21:08:00Z,0.50999,0.51032,0.50999,0.51032,1225.5252
Kraken:XRPUSD,2023-04-07T21:09:00Z,0.51079,0.51079,0.51042,0.51042,444.3334
Kraken:XRPUSD,2023-04-07T21:10:00Z,0.51063,0.51065,0.51063,0.51065,864.30601361
Kraken:XRPUSD,2023-04-07T21:13:00Z,0.51105,0.51105,0.51105,0.51105,515.70138998
Kraken:XRPUSD,2023-04-07T21:15:00Z,0.51174,0.51174,0.51174,0.51174,336.45852747
Kraken:XRPUSD,2023-04-07T21:18:00Z,0.51215,0.51266,0.51215,0.51253,229.76177525
Kraken:XRPUSD,2023-04-07T21:19:00Z,0.51252,0.51252,0.51252,0.51252,58.76244848
Kraken:XRPUSD,2023-04-07T21:24:00Z,0.51319,0.51319,0.51293,0.51305,2639.01094516
Kraken:XRPUSD,2023-04-07T21:26:00Z,0.51302,0.51302,0.51302,0.51302,77.91499475
Kraken:XRPUSD,2023-04-07T21:27:00Z,0.51287,0.51287,0.51287,0.51287,9.5E+2
Kraken:XRPUSD,2023-04-07T21:28:00Z,0.51292,0.51292,0.51292,0.51292,42.34927
Kraken:XRPUSD,2023-04-07T21:29:00Z,0.51314,0.51314,0.51314,0.51314,54
Kraken:XRPUSD,2023-04-07T21:35:00Z,0.51287,0.51287,0.51287,0.51287,45.40848
Kraken:XRPUSD,2023-04-07T21:37:00Z,0.51286,0.51286,0.51286,0.51286,155.98798893
Kraken:XRPUSD,2023-04-07T21:40:00Z,0.51239,0.5124,0.51239,0.5124,100.75634429
Kraken:XRPUSD,2023-04-07T21:41:00Z,0.51255,0.51261,0.51253,0.51261,345.53257751
Kraken:XRPUSD,2023-04-07T21:44:00Z,0.51225,0.5124,0.51225,0.5124,44851.284548
Kraken:XRPUSD,2023-04-07T21:45:00Z,0.51226,0.51227,0.51226,0.51227,1964.28181577
Kraken:XRPUSD,2023-04-07T21:46:00Z,0.5121,0.5121,0.5121,0.5121,98.46590126
Kraken:XRPUSD,2023-04-07T21:48:00Z,0.5118,0.51191,0.5118,0.51191,4E+4
Kraken:XRPUSD,2023-04-07T21:55:00Z,0.51098,0.51098,0.51098,0.51098,195.70335434
Kraken:XRPUSD,2023-04-07T21:56:00Z,0.51198,0.51198,0.51198,0.51198,162.78946
Kraken:XRPUSD,2023-04-07T21:58:00Z,0.51254,0.51254,0.51254,0.51254,885
Kraken:XRPUSD,2023-04-07T21:59:00Z,0.51254,0.51265,0.51252,0.51254,20304.95902292
Kraken:XRPUSD,2023-04-07T22:00:00Z,0.51256,0.51256,0.51256,0.51256,22.62712711
Kraken:XRPUSD,2023-04-07T22:15:00Z,0.51214,0.51221,0.51214,0.51221,637.29099999
Kraken:XRPUSD,2023-04-07T22:18:00Z,0.51234,0.51234,0.51232,0.51232,147.6472248
Kraken:XRPUSD,2023-04-07T22:19:00Z,0.5122,0.5122,0.5122,0.5122,245.58811116
Kraken:XRPUSD,2023-04-07T22:20:00Z,0.51204,0.51204,0.51204,0.51204,488.84237867
Kraken:XRPUSD,2023-04-07T22:21:00Z,0.51208,0.51208,0.51208,0.51208,972.21183186
Kraken:XRPUSD,2023-04-07T22:22:00Z,0.51216,0.5122,0.51216,0.5122,2807.33116597
Kraken:XRPUSD,2023-04-07T22:23:00Z,0.51244,0.51244,0.51244,0.51244,997.17761373
Kraken:XRPUSD,2023-04-07T22:25:00Z,0.51233,0.51233,0.51233,0.51233,885
Kraken:XRPUSD,2023-04-07T22:27:00Z,0.51185,0.51185,0.51185,0.51185,105.59504
Kraken:XRPUSD,2023-04-07T22:31:00Z,0.51108,0.51108,0.51108,0.51108,100.22971
Kraken:XRPUSD,2023-04-07T22:33:00Z,0.51172,0.51172,0.51172,0.51172,19.62992
Kraken:XRPUSD,2023-04-07T22:37:00Z,0.51176,0.51185,0.51176,0.51185,7816.16382679
Kraken:XRPUSD,2023-04-07T22:38:00Z,0.51177,0.51177,0.51177,0.51177,1589
Kraken:XRPUSD,2023-04-07T22:40:00Z,0.51201,0.51201,0.51201,0.51201,294.116647
Kraken:XRPUSD,2023-04-07T22:43:00Z,0.51121,0.51121,0.51121,0.51121,6846.62674202
Kraken:XRPUSD,2023-04-07T22:44:00Z,0.51198,0.51198,0.51198,0.51198,1354.57466863
Kraken:XRPUSD,2023-04-07T22:46:00Z,0.51292,0.51292,0.51292,0.51292,6823.77664409
Kraken:XRPUSD,2023-04-07T22:48:00Z,0.51313,0.51321,0.51313,0.51321,15162.18091585
Kraken:XRPUSD,2023-04-07T22:51:00Z,0.51308,0.51308,0.51308,0.51308,97.45068996
Kraken:XRPUSD,2023-04-07T22:56:00Z,0.51273,0.51273,0.51273,0.51273,1E+2
Kraken:XRPUSD,2023-04-07T23:00:00Z,0.513,0.513,0.513,0.513,4546.47904105
Kraken:XRPUSD,2023-04-07T23:01:00Z,0.51299,0.513,0.51299,0.513,3898.63547758
Kraken:XRPUSD,2023-04-07T23:04:00Z,0.513,0.513,0.513,0.513,3554.88548137
Kraken:XRPUSD,2023-04-07T23:05:00Z,0.51365,0.51447,0.51365,0.51447,42227.79104376
Kraken:XRPUSD,2023-04-07T23:06:00Z,0.5136,0.5136,0.5136,0.5136,4260.187347
Kraken:XRPUSD,2023-04-07T23:07:00Z,0.51337,0.51412,0.51337,0.51409,3758.95687781
Kraken:XRPUSD,2023-04-07T23:08:00Z,0.514,0.514,0.51393,0.51393,5566.80519
Kraken:XRPUSD,2023-04-07T23:10:00Z,0.51446,0.5145,0.51446,0.5145,4743.67223177
Kraken:XRPUSD,2023-04-07T23:11:00Z,0.51434,0.51434,0.51401,0.51401,6669.09917882
Kraken:XRPUSD,2023-04-07T23:13:00Z,0.51401,0.51401,0.51401,0.51401,98.73672
Kraken:XRPUSD,2023-04-07T23:16:00Z,0.51378,0.51398,0.51363,0.51376,28173.67393767
Kraken:XRPUSD,2023-04-07T23:19:00Z,0.51332,0.51332,0.5132,0.5132,1533.56005486
Kraken:XRPUSD,2023-04-07T23:20:00Z,0.51318,0.5133,0.51318,0.5133,302.51904717
Kraken:XRPUSD,2023-04-07T23:22:00Z,0.5139,0.5139,0.5139,0.5139,2.5E+2
Kraken:XRPUSD,2023-04-07T23:23:00Z,0.51386,0.51386,0.51386,0.51386,45
Kraken:XRPUSD,2023-04-07T23:24:00Z,0.51379,0.51379,0.51379,0.51379,27
Kraken:XRPUSD,2023-04-07T23:34:00Z,0.51388,0.51388,0.51388,0.51388,1448.55037704
Kraken:XRPUSD,2023-04-07T23:35:00Z,0.51384,0.51384,0.51384,0.51384,5E+2
Kraken:XRPUSD,2023-04-07T23:36:00Z,0.51385,0.51385,0.51385,0.51385,41.8
Kraken:XRPUSD,2023-04-07T23:38:00Z,0.51374,0.51404,0.51374,0.51404,244.55631432
Kraken:XRPUSD,2023-04-07T23:39:00Z,0.51392,0.51393,0.51392,0.51393,1872.5386
Kraken:XRPUSD,2023-04-07T23:40:00Z,0.51381,0.51381,0.51381,0.51381,756.57415
Kraken:XRPUSD,2023-04-07T23:46:00Z,0.51403,0.51403,0.51403,0.51403,5E+1
Kraken:XRPUSD,2023-04-07T23:52:00Z,0.51308,0.51308,0.51308,0.51308,105.82607
