Kraken:XRPUSD,2020-06-03T00:04:00Z,0.20278,0.20278,0.20278,0.20278,1572.79596333
Kraken:XRPUSD,2020-06-03T00:05:00Z,0.20293,0.20293,0.20293,0.20293,2153.45278655
Kraken:XRPUSD,2020-06-03T00:06:00Z,0.20286,0.20286,0.20286,0.20286,1959.7418
Kraken:XRPUSD,2020-06-03T00:08:00Z,0.20285,0.20285,0.20256,0.20256,54718.7617969
Kraken:XRPUSD,2020-06-03T00:10:00Z,0.20276,0.20276,0.20273,0.20274,8966.84953113
Kraken:XRPUSD,2020-06-03T00:11:00Z,0.20274,0.20287,0.20274,0.20287,5E+4
Kraken:XRPUSD,2020-06-03T00:20:00Z,0.20315,0.20315,0.20307,0.20307,5E+4
Kraken:XRPUSD,2020-06-03T00:23:00Z,0.20352,0.20352,0.20352,0.20352,7.5E+2
Kraken:XRPUSD,2020-06-03T00:25:00Z,0.20349,0.20349,0.20349,0.20349,88.54645003
Kraken:XRPUSD,2020-06-03T00:30:00Z,0.20338,0.20344,0.20338,0.20344,1E+4
Kraken:XRPUSD,2020-06-03T00:32:00Z,0.20338,0.20353,0.20338,0.20353,19154.73666203
Kraken:XRPUSD,2020-06-03T00:37:00Z,0.20324,0.2034,0.20324,0.2034,1073.66731288
Kraken:XRPUSD,2020-06-03T00:41:00Z,0.20287,0.20287,0.20287,0.20287,984.373
Kraken:XRPUSD,2020-06-03T00:42:00Z,0.20276,0.20276,0.20276,0.20276,3625.12055026
Kraken:XRPUSD,2020-06-03T00:43:00Z,0.20283,0.20283,0.20282,0.20283,3767.884
Kraken:XRPUSD,2020-06-03T00:47:00Z,0.20302,0.20302,0.20302,0.20302,1E+4
Kraken:XRPUSD,2020-06-03T00:51:00Z,0.20263,0.20263,0.20263,0.20263,591.0748
Kraken:XRPUSD,2020-06-03T00:52:00Z,0.20281,0.20281,0.20276,0.20277,7578.07226768
Kraken:XRPUSD,2020-06-03T00:55:00Z,0.20282,0.20282,0.20282,0.20282,1718.65129764
Kraken:XRPUSD,2020-06-03T00:56:00Z,0.2027,0.2027,0.2027,0.2027,6E+2
Kraken:XRPUSD,2020-06-03T00:57:00Z,0.20276,0.20276,0.20276,0.20276,31.84442128
Kraken:XRPUSD,2020-06-03T00:58:00Z,0.20276,0.20276,0.20276,0.20276,663.986
Kraken:XRPUSD,2020-06-03T00:59:00Z,0.20274,0.20275,0.20274,0.20275,158.237301
Kraken:XRPUSD,2020-06-03T01:04:00Z,0.20307,0.20307,0.20307,0.20307,1E+3
Kraken:XRPUSD,2020-06-03T01:05:00Z,0.20309,0.20316,0.20309,0.20316,85365.85366
Kraken:XRPUSD,2020-06-03T01:06:00Z,0.20317,0.20317,0.20317,0.20317,3E+1
Kraken:XRPUSD,2020-06-03T01:08:00Z,0.20316,0.20316,0.20269,0.20269,10072.72255354
Kraken:XRPUSD,2020-06-03T01:18:00Z,0.20279,0.20279,0.20279,0.20279,71.71323014
Kraken:XRPUSD,2020-06-03T01:19:00Z,0.2025,0.2025,0.2025,0.2025,6E+1
Kraken:XRPUSD,2020-06-03T01:20:00Z,0.20281,0.20281,0.20261,0.20261,2.2E+3
Kraken:XRPUSD,2020-06-03T01:21:00Z,0.2025,0.2025,0.2025,0.2025,1.4E+2
Kraken:XRPUSD,2020-06-03T01:22:00Z,0.2025,0.20278,0.2025,0.20278,14057.07317
Kraken:XRPUSD,2020-06-03T01:23:00Z,0.20259,0.20259,0.20249,0.20249,2.3E+2
Kraken:XRPUSD,2020-06-03T01:24:00Z,0.20264,0.20264,0.20264,0.20264,124.57658902
Kraken:XRPUSD,2020-06-03T01:28:00Z,0.20247,0.20247,0.20247,0.20247,148.65573919
Kraken:XRPUSD,2020-06-03T01:29:00Z,0.20232,0.20241,0.20232,0.20241,1235.272
Kraken:XRPUSD,2020-06-03T01:31:00Z,0.20233,0.20233,0.20233,0.20233,1E+2
Kraken:XRPUSD,2020-06-03T01:36:00Z,0.20237,0.20237,0.20237,0.20237,5.1E+3
Kraken:XRPUSD,2020-06-03T01:40:00Z,0.20248,0.20248,0.20229,0.20229,670.92495
Kraken:XRPUSD,2020-06-03T01:43:00Z,0.20253,0.20253,0.20253,0.20253,123.462849
Kraken:XRPUSD,2020-06-03T01:47:00Z,0.20253,0.20253,0.20253,0.20253,198.65573919
Kraken:XRPUSD,2020-06-03T01:49:00Z,0.20252,0.20252,0.20252,0.20252,4274.95247075
Kraken:XRPUSD,2020-06-03T01:50:00Z,0.20252,0.20252,0.20252,0.20252,1838.84072788
Kraken:XRPUSD,2020-06-03T01:52:00Z,0.20209,0.20209,0.20209,0.20209,10293
Kraken:XRPUSD,2020-06-03T01:53:00Z,0.20241,0.20241,0.20241,0.20241,2E+2
Kraken:XRPUSD,2020-06-03T01:55:00Z,0.2025,0.2025,0.2025,0.2025,1E+2
Kraken:XRPUSD,2020-06-03T02:00:00Z,0.20238,0.20238,0.20238,0.20238,5E+1
Kraken:XRPUSD,2020-06-03T02:05:00Z,0.20229,0.20229,0.20229,0.20229,1058.34514403
Kraken:XRPUSD,2020-06-03T02:07:00Z,0.20161,0.20161,0.20147,0.20159,62591.550725
Kraken:XRPUSD,2020-06-03T02:08:00Z,0.20175,0.20175,0.2012,0.20122,10590.27714165
Kraken:XRPUSD,2020-06-03T02:09:00Z,0.20124,0.20132,0.20116,0.20116,15818.92279144
Kraken:XRPUSD,2020-06-03T02:10:00Z,0.20136,0.20136,0.20136,0.20136,1465.063
Kraken:XRPUSD,2020-06-03T02:12:00Z,0.20151,0.20151,0.2015,0.20151,2.005E+4
Kraken:XRPUSD,2020-06-03T02:13:00Z,0.20173,0.20173,0.20173,0.20173,3E+1
Kraken:XRPUSD,2020-06-03T02:14:00Z,0.20166,0.20166,0.20166,0.20166,4E+1
Kraken:XRPUSD,2020-06-03T02:15:00Z,0.20169,0.20169,0.20169,0.20169,1599.979
Kraken:XRPUSD,2020-06-03T02:17:00Z,0.20194,0.20195,0.20194,0.20195,892.03186877
Kraken:XRPUSD,2020-06-03T02:20:00Z,0.20214,0.20214,0.20179,0.20186,35049.99
Kraken:XRPUSD,2020-06-03T02:22:00Z,0.20203,0.20203,0.20203,0.20203,4.2E-7
Kraken:XRPUSD,2020-06-03T02:23:00Z,0.20203,0.20203,0.20197,0.20197,1168.737
Kraken:XRPUSD,2020-06-03T02:25:00Z,0.2019,0.2019,0.2019,0.2019,5E+1
Kraken:XRPUSD,2020-06-03T02:26:00Z,0.2017,0.2017,0.2017,0.2017,939.32
Kraken:XRPUSD,2020-06-03T02:30:00Z,0.20166,0.2018,0.20165,0.2018,6460.242
Kraken:XRPUSD,2020-06-03T02:31:00Z,0.2019,0.2019,0.2019,0.2019,709.1797
Kraken:XRPUSD,2020-06-03T02:34:00Z,0.20213,0.20213,0.20205,0.20205,43066.83475009
Kraken:XRPUSD,2020-06-03T02:36:00Z,0.20214,0.20234,0.20214,0.20234,1242.87098994
Kraken:XRPUSD,2020-06-03T02:37:00Z,0.20239,0.20239,0.20239,0.20239,1458.801
Kraken:XRPUSD,2020-06-03T02:38:00Z,0.20239,0.20239,0.20225,0.20225,190.895
Kraken:XRPUSD,2020-06-03T02:48:00Z,0.20227,0.20232,0.20227,0.20232,34999.99
Kraken:XRPUSD,2020-06-03T02:50:00Z,0.20219,0.20219,0.20219,0.20219,5E+1
Kraken:XRPUSD,2020-06-03T02:51:00Z,0.20224,0.20224,0.20224,0.20224,216.48057975
Kraken:XRPUSD,2020-06-03T02:52:00Z,0.2022,0.2022,0.2022,0.2022,2871.90495662
Kraken:XRPUSD,2020-06-03T02:54:00Z,0.20213,0.20213,0.20205,0.20205,13623.62046314
Kraken:XRPUSD,2020-06-03T02:57:00Z,0.20194,0.20208,0.20194,0.20208,1053.268
Kraken:XRPUSD,2020-06-03T02:59:00Z,0.2019,0.2019,0.2019,0.2019,321.602
Kraken:XRPUSD,2020-06-03T03:00:00Z,0.20165,0.20165,0.2015,0.2015,1318.377
Kraken:XRPUSD,2020-06-03T03:01:00Z,0.20162,0.20162,0.20162,0.20162,5E+1
Kraken:XRPUSD,2020-06-03T03:02:00Z,0.20159,0.20159,0.20159,0.20159,1.1E+2
Kraken:XRPUSD,2020-06-03T03:03:00Z,0.20161,0.20161,0.20161,0.20161,5E+1
Kraken:XRPUSD,2020-06-03T03:04:00Z,0.20155,0.20155,0.20155,0.20155,6E+1
Kraken:XRPUSD,2020-06-03T03:08:00Z,0.20177,0.20177,0.20177,0.20177,3E+1
Kraken:XRPUSD,2020-06-03T03:10:00Z,0.20164,0.20164,0.20164,0.20164,3E+1
Kraken:XRPUSD,2020-06-03T03:12:00Z,0.2017,0.2017,0.2017,0.2017,1599.979
Kraken:XRPUSD,2020-06-03T03:14:00Z,0.2016,0.2016,0.2016,0.2016,1.05E+3
Kraken:XRPUSD,2020-06-03T03:24:00Z,0.20209,0.20217,0.20209,0.20217,95366.1687934
Kraken:XRPUSD,2020-06-03T03:25:00Z,0.20217,0.20217,0.20217,0.20217,1448.38212048
Kraken:XRPUSD,2020-06-03T03:28:00Z,0.20204,0.20214,0.20204,0.20214,58359.74001909
Kraken:XRPUSD,2020-06-03T03:32:00Z,0.20198,0.20198,0.20198,0.20198,99.74067425
Kraken:XRPUSD,2020-06-03T03:34:00Z,0.20225,0.20225,0.20225,0.20225,138.69091
Kraken:XRPUSD,2020-06-03T03:38:00Z,0.20228,0.20228,0.20228,0.20228,350.16853281
Kraken:XRPUSD,2020-06-03T03:39:00Z,0.20227,0.20227,0.20227,0.20227,1E+3
Kraken:XRPUSD,2020-06-03T03:41:00Z,0.20227,0.20227,0.20227,0.20227,27775.01627027
Kraken:XRPUSD,2020-06-03T03:44:00Z,0.20178,0.20178,0.20178,0.20178,5E+3
Kraken:XRPUSD,2020-06-03T03:45:00Z,0.20201,0.20201,0.20168,0.20168,49339.95378868
Kraken:XRPUSD,2020-06-03T03:48:00Z,0.20178,0.20178,0.20175,0.20175,1924.39883576
Kraken:XRPUSD,2020-06-03T03:49:00Z,0.20178,0.20178,0.20178,0.20178,5E+2
Kraken:XRPUSD,2020-06-03T03:50:00Z,0.20193,0.20193,0.20193,0.20193,3E+1
Kraken:XRPUSD,2020-06-03T03:51:00Z,0.20191,0.20191,0.20191,0.20191,3E+1
Kraken:XRPUSD,2020-06-03T03:52:00Z,0.20207,0.20207,0.20207,0.20207,3E+1
Kraken:XRPUSD,2020-06-03T03:56:00Z,0.20204,0.20204,0.20204,0.20204,1E+2
Kraken:XRPUSD,2020-06-03T03:58:00Z,0.20191,0.20191,0.20191,0.20191,1E+3
Kraken:XRPUSD,2020-06-03T04:02:00Z,0.20192,0.20192,0.20192,0.20192,25005.625
Kraken:XRPUSD,2020-06-03T04:04:00Z,0.20181,0.20181,0.20181,0.20181,849.757
Kraken:XRPUSD,2020-06-03T04:16:00Z,0.20227,0.20227,0.20227,0.20227,5716.77468693
Kraken:XRPUSD,2020-06-03T04:20:00Z,0.20228,0.20229,0.20228,0.20229,30182
Kraken:XRPUSD,2020-06-03T04:26:00Z,0.20303,0.20303,0.20303,0.20303,1185.735
Kraken:XRPUSD,2020-06-03T04:27:00Z,0.20317,0.20317,0.20317,0.20317,5E+1
Kraken:XRPUSD,2020-06-03T04:28:00Z,0.20319,0.20324,0.20315,0.20315,8.4E+2
Kraken:XRPUSD,2020-06-03T04:32:00Z,0.20324,0.20324,0.20324,0.20324,44976.059
Kraken:XRPUSD,2020-06-03T04:45:00Z,0.20298,0.20302,0.20298,0.20302,6.9E+3
Kraken:XRPUSD,2020-06-03T04:49:00Z,0.20293,0.20293,0.20293,0.20293,3432.16206362
Kraken:XRPUSD,2020-06-03T04:50:00Z,0.20293,0.20293,0.20293,0.20293,2999.98504919
Kraken:XRPUSD,2020-06-03T04:51:00Z,0.20293,0.20293,0.20293,0.20293,25839.67595081
Kraken:XRPUSD,2020-06-03T04:52:00Z,0.20234,0.20234,0.20234,0.20234,2.8E+2
Kraken:XRPUSD,2020-06-03T04:53:00Z,0.20218,0.20218,0.20218,0.20218,5E+1
Kraken:XRPUSD,2020-06-03T04:55:00Z,0.20228,0.20228,0.20228,0.20228,1955.05091951
Kraken:XRPUSD,2020-06-03T04:58:00Z,0.20208,0.20208,0.20208,0.20208,1.1E+2
Kraken:XRPUSD,2020-06-03T05:05:00Z,0.20221,0.20221,0.20221,0.20221,814.995
Kraken:XRPUSD,2020-06-03T05:11:00Z,0.2022,0.2022,0.2022,0.2022,36055.39769924
Kraken:XRPUSD,2020-06-03T05:13:00Z,0.20191,0.20191,0.20191,0.20191,75.59398677
Kraken:XRPUSD,2020-06-03T05:15:00Z,0.20181,0.20181,0.20181,0.20181,1005.0859
Kraken:XRPUSD,2020-06-03T05:18:00Z,0.20115,0.20115,0.20115,0.20115,2380.95238
Kraken:XRPUSD,2020-06-03T05:23:00Z,0.20141,0.20141,0.20108,0.20108,34999.99
Kraken:XRPUSD,2020-06-03T05:24:00Z,0.2013,0.2013,0.2013,0.2013,170.779
Kraken:XRPUSD,2020-06-03T05:27:00Z,0.20135,0.20135,0.201,0.201,30421.38018905
Kraken:XRPUSD,2020-06-03T05:28:00Z,0.20142,0.20142,0.20142,0.20142,596.259
Kraken:XRPUSD,2020-06-03T05:29:00Z,0.20139,0.20139,0.20139,0.20139,859.72987735
Kraken:XRPUSD,2020-06-03T05:30:00Z,0.20146,0.20146,0.20146,0.20146,2587.17661074
Kraken:XRPUSD,2020-06-03T05:38:00Z,0.20213,0.20213,0.20213,0.20213,5543
Kraken:XRPUSD,2020-06-03T05:39:00Z,0.2023,0.2023,0.2023,0.2023,629.9906
Kraken:XRPUSD,2020-06-03T05:48:00Z,0.20291,0.20291,0.20291,0.20291,1417.13124045
Kraken:XRPUSD,2020-06-03T05:49:00Z,0.20278,0.20282,0.20278,0.20282,1.1E+2
Kraken:XRPUSD,2020-06-03T05:50:00Z,0.20278,0.20278,0.20278,0.20278,3E+1
Kraken:XRPUSD,2020-06-03T05:51:00Z,0.20288,0.20288,0.20288,0.20288,1.4E+2
Kraken:XRPUSD,2020-06-03T05:52:00Z,0.20282,0.20282,0.20282,0.20282,3E+1
Kraken:XRPUSD,2020-06-03T05:53:00Z,0.20281,0.20281,0.20281,0.20281,1E+2
Kraken:XRPUSD,2020-06-03T05:54:00Z,0.20279,0.20279,0.20279,0.20279,1.1E+2
Kraken:XRPUSD,2020-06-03T05:55:00Z,0.20284,0.20295,0.20284,0.20295,34999.99
Kraken:XRPUSD,2020-06-03T05:56:00Z,0.20296,0.20296,0.20296,0.20296,3.6E+2
Kraken:XRPUSD,2020-06-03T06:00:00Z,0.20297,0.20297,0.20297,0.20297,44.33073123
Kraken:XRPUSD,2020-06-03T06:01:00Z,0.20297,0.20297,0.20297,0.20297,3E+2
Kraken:XRPUSD,2020-06-03T06:11:00Z,0.20289,0.20289,0.20289,0.20289,105760.41230732
Kraken:XRPUSD,2020-06-03T06:23:00Z,0.20299,0.20299,0.20299,0.20299,38409.1305962
Kraken:XRPUSD,2020-06-03T06:24:00Z,0.20299,0.20299,0.20299,0.20299,583
Kraken:XRPUSD,2020-06-03T06:27:00Z,0.203,0.203,0.203,0.203,2.5E+4
Kraken:XRPUSD,2020-06-03T06:28:00Z,0.20301,0.20301,0.20301,0.20301,394.0693
Kraken:XRPUSD,2020-06-03T06:29:00Z,0.203,0.203,0.2029,0.2029,23467
Kraken:XRPUSD,2020-06-03T06:30:00Z,0.20292,0.20292,0.2029,0.2029,10816.41
Kraken:XRPUSD,2020-06-03T06:32:00Z,0.20278,0.20278,0.20278,0.20278,19065.774
Kraken:XRPUSD,2020-06-03T06:34:00Z,0.20266,0.20271,0.20266,0.20271,1.17E+5
Kraken:XRPUSD,2020-06-03T06:36:00Z,0.20267,0.20267,0.20267,0.20267,2474
Kraken:XRPUSD,2020-06-03T06:45:00Z,0.20292,0.20292,0.20292,0.20292,2946.60865454
Kraken:XRPUSD,2020-06-03T06:46:00Z,0.20282,0.20282,0.20282,0.20282,3E+1
Kraken:XRPUSD,2020-06-03T06:48:00Z,0.20281,0.20292,0.20281,0.20292,2.8E+2
Kraken:XRPUSD,2020-06-03T06:50:00Z,0.20286,0.20286,0.20286,0.20286,3E+1
Kraken:XRPUSD,2020-06-03T06:51:00Z,0.20286,0.20286,0.20286,0.20286,1.3E+2
Kraken:XRPUSD,2020-06-03T06:53:00Z,0.20287,0.20287,0.20287,0.20287,1.2E+2
Kraken:XRPUSD,2020-06-03T06:54:00Z,0.20299,0.20304,0.20289,0.20289,19689.36319698
Kraken:XRPUSD,2020-06-03T06:55:00Z,0.20289,0.20289,0.20289,0.20289,6E+1
Kraken:XRPUSD,2020-06-03T06:56:00Z,0.2029,0.20292,0.2029,0.20292,2.5E+3
Kraken:XRPUSD,2020-06-03T06:59:00Z,0.20289,0.20289,0.20289,0.20289,3E+1
Kraken:XRPUSD,2020-06-03T07:01:00Z,0.20289,0.2029,0.2026,0.2026,105605.60801774
Kraken:XRPUSD,2020-06-03T07:02:00Z,0.2026,0.2026,0.2026,0.2026,8.7E+2
Kraken:XRPUSD,2020-06-03T07:05:00Z,0.20229,0.20235,0.20229,0.20235,5950.47
Kraken:XRPUSD,2020-06-03T07:07:00Z,0.20215,0.20215,0.20215,0.20215,4E+1
Kraken:XRPUSD,2020-06-03T07:13:00Z,0.20219,0.20219,0.20219,0.20219,1E+2
Kraken:XRPUSD,2020-06-03T07:16:00Z,0.20222,0.20222,0.20222,0.20222,4E+1
Kraken:XRPUSD,2020-06-03T07:18:00Z,0.20217,0.20217,0.20217,0.20217,6E+1
Kraken:XRPUSD,2020-06-03T07:21:00Z,0.20232,0.20232,0.20232,0.20232,33
Kraken:XRPUSD,2020-06-03T07:22:00Z,0.20221,0.20221,0.20221,0.20221,12921.09061102
Kraken:XRPUSD,2020-06-03T07:23:00Z,0.20221,0.20222,0.20221,0.20222,31766.85678309
Kraken:XRPUSD,2020-06-03T07:24:00Z,0.20221,0.20221,0.20221,0.20221,8425.03049355
Kraken:XRPUSD,2020-06-03T07:27:00Z,0.2019,0.20208,0.2019,0.20208,1E+3
Kraken:XRPUSD,2020-06-03T07:29:00Z,0.20214,0.20223,0.20214,0.20217,1060.1634019
Kraken:XRPUSD,2020-06-03T07:31:00Z,0.20265,0.20265,0.20265,0.20265,149.99999999
Kraken:XRPUSD,2020-06-03T07:32:00Z,0.2027,0.2027,0.2027,0.2027,4.3E+2
Kraken:XRPUSD,2020-06-03T07:33:00Z,0.20265,0.20265,0.20265,0.20265,16851.1
Kraken:XRPUSD,2020-06-03T07:34:00Z,0.20265,0.20265,0.2026,0.2026,446.518
Kraken:XRPUSD,2020-06-03T07:36:00Z,0.20263,0.20263,0.20263,0.20263,7E+1
Kraken:XRPUSD,2020-06-03T07:47:00Z,0.20272,0.20277,0.20272,0.20277,51166.34611
Kraken:XRPUSD,2020-06-03T07:58:00Z,0.2027,0.20271,0.2027,0.20271,1307.731
Kraken:XRPUSD,2020-06-03T08:02:00Z,0.203,0.203,0.203,0.203,857.4818971
Kraken:XRPUSD,2020-06-03T08:04:00Z,0.20306,0.20306,0.20306,0.20306,857.06289532
Kraken:XRPUSD,2020-06-03T08:05:00Z,0.20307,0.20323,0.20307,0.20311,2336.03318584
Kraken:XRPUSD,2020-06-03T08:06:00Z,0.20313,0.20313,0.20313,0.20313,1.7E+2
Kraken:XRPUSD,2020-06-03T08:08:00Z,0.20314,0.20314,0.20314,0.20314,1.6E+2
Kraken:XRPUSD,2020-06-03T08:09:00Z,0.2031,0.2031,0.2031,0.2031,1.2E+2
Kraken:XRPUSD,2020-06-03T08:10:00Z,0.2031,0.2031,0.2031,0.2031,1.9E+2
Kraken:XRPUSD,2020-06-03T08:12:00Z,0.20311,0.20311,0.20311,0.20311,2.3E+3
Kraken:XRPUSD,2020-06-03T08:13:00Z,0.2031,0.2031,0.2031,0.2031,2E+2
Kraken:XRPUSD,2020-06-03T08:14:00Z,0.20312,0.20312,0.20312,0.20312,33
Kraken:XRPUSD,2020-06-03T08:15:00Z,0.20312,0.20312,0.20312,0.20312,2.5E+3
Kraken:XRPUSD,2020-06-03T08:16:00Z,0.2031,0.20311,0.2031,0.20311,6342.81554181
Kraken:XRPUSD,2020-06-03T08:17:00Z,0.20311,0.20311,0.20311,0.20311,99.284
Kraken:XRPUSD,2020-06-03T08:18:00Z,0.20311,0.20311,0.20311,0.20311,33
Kraken:XRPUSD,2020-06-03T08:22:00Z,0.2031,0.2031,0.2031,0.2031,2488.99713543
Kraken:XRPUSD,2020-06-03T08:24:00Z,0.2031,0.20311,0.2031,0.2031,31677.00488147
Kraken:XRPUSD,2020-06-03T08:25:00Z,0.20311,0.20311,0.20311,0.20311,4882.966
Kraken:XRPUSD,2020-06-03T08:26:00Z,0.2031,0.2031,0.2031,0.2031,46046.168
Kraken:XRPUSD,2020-06-03T08:31:00Z,0.20281,0.20281,0.20281,0.20281,1.2E+2
Kraken:XRPUSD,2020-06-03T08:33:00Z,0.20276,0.20276,0.20276,0.20276,3.7E+3
Kraken:XRPUSD,2020-06-03T08:35:00Z,0.20279,0.20279,0.20264,0.20264,1E+5
Kraken:XRPUSD,2020-06-03T08:41:00Z,0.20267,0.20267,0.20267,0.20267,151.547
Kraken:XRPUSD,2020-06-03T08:45:00Z,0.20268,0.20268,0.20268,0.20268,5E+3
Kraken:XRPUSD,2020-06-03T08:48:00Z,0.20272,0.20272,0.20267,0.20267,2.203E+4
Kraken:XRPUSD,2020-06-03T08:50:00Z,0.20273,0.20273,0.20273,0.20273,42.03463
Kraken:XRPUSD,2020-06-03T08:51:00Z,0.20288,0.20288,0.20284,0.20284,166.296
Kraken:XRPUSD,2020-06-03T08:54:00Z,0.20274,0.20274,0.20274,0.20274,28555.517
Kraken:XRPUSD,2020-06-03T08:56:00Z,0.20237,0.20237,0.20237,0.20237,5E+1
Kraken:XRPUSD,2020-06-03T08:58:00Z,0.20242,0.20242,0.20242,0.20242,5.1E+2
Kraken:XRPUSD,2020-06-03T08:59:00Z,0.20244,0.20244,0.20244,0.20244,2.4E+2
Kraken:XRPUSD,2020-06-03T09:02:00Z,0.20254,0.20254,0.20252,0.20252,6472.88585949
Kraken:XRPUSD,2020-06-03T09:03:00Z,0.20254,0.20259,0.20252,0.20252,415.446
Kraken:XRPUSD,2020-06-03T09:06:00Z,0.20258,0.20258,0.20258,0.20258,1719.62247368
Kraken:XRPUSD,2020-06-03T09:07:00Z,0.20258,0.20258,0.20258,0.20258,5158.86742105
Kraken:XRPUSD,2020-06-03T09:10:00Z,0.20276,0.20276,0.20276,0.20276,5E+1
Kraken:XRPUSD,2020-06-03T09:11:00Z,0.20267,0.20267,0.20267,0.20267,859.51393005
Kraken:XRPUSD,2020-06-03T09:16:00Z,0.20268,0.20268,0.20267,0.20268,7.64E+3
Kraken:XRPUSD,2020-06-03T09:24:00Z,0.2028,0.2028,0.2028,0.2028,1E+3
Kraken:XRPUSD,2020-06-03T09:27:00Z,0.2028,0.2028,0.20279,0.20279,4.1E+3
Kraken:XRPUSD,2020-06-03T09:28:00Z,0.20279,0.20279,0.20279,0.20279,3000.01154247
Kraken:XRPUSD,2020-06-03T09:29:00Z,0.2028,0.2028,0.2028,0.2028,1163.942
Kraken:XRPUSD,2020-06-03T09:32:00Z,0.20287,0.20288,0.20287,0.20288,3017.43491824
Kraken:XRPUSD,2020-06-03T09:33:00Z,0.20288,0.20288,0.20287,0.20287,10175.83363305
Kraken:XRPUSD,2020-06-03T09:34:00Z,0.20287,0.20287,0.20287,0.20287,3858.66400862
Kraken:XRPUSD,2020-06-03T09:35:00Z,0.20287,0.20288,0.20287,0.20288,978.70798993
Kraken:XRPUSD,2020-06-03T09:36:00Z,0.20287,0.20287,0.20287,0.20287,14869.00513226
Kraken:XRPUSD,2020-06-03T09:37:00Z,0.20287,0.20287,0.20263,0.20263,41941.73286774
Kraken:XRPUSD,2020-06-03T09:39:00Z,0.20274,0.20274,0.20274,0.20274,3E+1
Kraken:XRPUSD,2020-06-03T09:40:00Z,0.20279,0.2028,0.20279,0.2028,1452.462
Kraken:XRPUSD,2020-06-03T09:41:00Z,0.20277,0.20277,0.20277,0.20277,5E+1
Kraken:XRPUSD,2020-06-03T09:42:00Z,0.20279,0.20279,0.20279,0.20279,3E+1
Kraken:XRPUSD,2020-06-03T09:43:00Z,0.20287,0.20287,0.20287,0.20287,3E+1
Kraken:XRPUSD,2020-06-03T09:45:00Z,0.20293,0.20293,0.20293,0.20293,1.8E+2
Kraken:XRPUSD,2020-06-03T09:48:00Z,0.20295,0.20295,0.20294,0.20294,34274.82396412
Kraken:XRPUSD,2020-06-03T09:49:00Z,0.20295,0.20295,0.20295,0.20295,147.222
Kraken:XRPUSD,2020-06-03T09:55:00Z,0.20291,0.20291,0.20291,0.20291,15736.471
Kraken:XRPUSD,2020-06-03T09:56:00Z,0.20295,0.20295,0.20295,0.20295,173
Kraken:XRPUSD,2020-06-03T09:58:00Z,0.20295,0.20295,0.20295,0.20295,2064.59423503
Kraken:XRPUSD,2020-06-03T10:00:00Z,0.20295,0.203,0.20295,0.203,5682.4257
Kraken:XRPUSD,2020-06-03T10:01:00Z,0.203,0.20324,0.203,0.20324,56375.94779497
Kraken:XRPUSD,2020-06-03T10:02:00Z,0.20357,0.20418,0.20357,0.20418,195852.63879455
Kraken:XRPUSD,2020-06-03T10:03:00Z,0.2039,0.20399,0.2039,0.20399,74910.42443654
Kraken:XRPUSD,2020-06-03T10:05:00Z,0.20406,0.20406,0.20406,0.20406,6874.266
Kraken:XRPUSD,2020-06-03T10:07:00Z,0.2038,0.2038,0.2038,0.2038,2.4E+3
Kraken:XRPUSD,2020-06-03T10:09:00Z,0.20379,0.20379,0.20379,0.20379,2862.20404719
Kraken:XRPUSD,2020-06-03T10:10:00Z,0.20379,0.20379,0.20379,0.20379,1E+3
Kraken:XRPUSD,2020-06-03T10:11:00Z,0.20382,0.20395,0.20382,0.20395,3569.78209829
Kraken:XRPUSD,2020-06-03T10:15:00Z,0.20399,0.20399,0.20397,0.20397,1965.66226343
Kraken:XRPUSD,2020-06-03T10:16:00Z,0.20408,0.20408,0.20408,0.20408,109.56683653
Kraken:XRPUSD,2020-06-03T10:17:00Z,0.20411,0.20411,0.20409,0.20409,2990.40458232
Kraken:XRPUSD,2020-06-03T10:18:00Z,0.20409,0.20416,0.20409,0.20416,5051.45460147
Kraken:XRPUSD,2020-06-03T10:19:00Z,0.20409,0.20409,0.20409,0.20409,5E+1
Kraken:XRPUSD,2020-06-03T10:22:00Z,0.20416,0.20416,0.20416,0.20416,10241.7870658
Kraken:XRPUSD,2020-06-03T10:24:00Z,0.20419,0.20419,0.20419,0.20419,1440.294
Kraken:XRPUSD,2020-06-03T10:25:00Z,0.20427,0.20427,0.20427,0.20427,33
Kraken:XRPUSD,2020-06-03T10:26:00Z,0.2042,0.2042,0.2042,0.2042,8534.76708426
Kraken:XRPUSD,2020-06-03T10:27:00Z,0.2043,0.2043,0.20425,0.20428,3198.86170802
Kraken:XRPUSD,2020-06-03T10:28:00Z,0.20427,0.20427,0.20425,0.20425,8807.63913963
Kraken:XRPUSD,2020-06-03T10:35:00Z,0.20429,0.20429,0.20429,0.20429,562.14980639
Kraken:XRPUSD,2020-06-03T10:37:00Z,0.20428,0.20428,0.20428,0.20428,521.34129626
Kraken:XRPUSD,2020-06-03T10:39:00Z,0.20428,0.20428,0.20425,0.20425,51625.36960956
Kraken:XRPUSD,2020-06-03T10:40:00Z,0.20425,0.20425,0.20425,0.20425,12366.12453817
Kraken:XRPUSD,2020-06-03T10:41:00Z,0.20425,0.20425,0.20425,0.20425,4.32285227
Kraken:XRPUSD,2020-06-03T10:42:00Z,0.20392,0.20393,0.20392,0.20393,1E+3
Kraken:XRPUSD,2020-06-03T10:43:00Z,0.20389,0.20389,0.20389,0.20389,6157.839
Kraken:XRPUSD,2020-06-03T10:44:00Z,0.20378,0.20402,0.20377,0.20377,1.0003E+5
Kraken:XRPUSD,2020-06-03T10:45:00Z,0.20402,0.20402,0.20402,0.20402,727.6987
Kraken:XRPUSD,2020-06-03T10:46:00Z,0.20408,0.20408,0.20408,0.20408,1.8E+2
Kraken:XRPUSD,2020-06-03T10:47:00Z,0.20422,0.20427,0.20422,0.20427,3669.95409837
Kraken:XRPUSD,2020-06-03T10:53:00Z,0.20443,0.20443,0.20443,0.20443,8E+2
Kraken:XRPUSD,2020-06-03T10:56:00Z,0.2044,0.2044,0.2044,0.2044,8555.007
Kraken:XRPUSD,2020-06-03T10:57:00Z,0.20454,0.2047,0.20454,0.20458,7536.789
Kraken:XRPUSD,2020-06-03T10:58:00Z,0.20468,0.20468,0.20468,0.20468,3662
Kraken:XRPUSD,2020-06-03T10:59:00Z,0.20445,0.20445,0.20445,0.20445,15805.061
Kraken:XRPUSD,2020-06-03T11:00:00Z,0.20428,0.20428,0.20428,0.20428,852.13079812
Kraken:XRPUSD,2020-06-03T11:01:00Z,0.20433,0.20433,0.20433,0.20433,7E+1
Kraken:XRPUSD,2020-06-03T11:03:00Z,0.20428,0.20428,0.20409,0.20409,8908
Kraken:XRPUSD,2020-06-03T11:04:00Z,0.20416,0.20419,0.20399,0.20399,1.05E+3
Kraken:XRPUSD,2020-06-03T11:05:00Z,0.20409,0.20409,0.20409,0.20409,5879
Kraken:XRPUSD,2020-06-03T11:06:00Z,0.20409,0.20409,0.20381,0.20393,888
Kraken:XRPUSD,2020-06-03T11:07:00Z,0.2038,0.20381,0.20377,0.20377,1.006E+4
Kraken:XRPUSD,2020-06-03T11:08:00Z,0.20387,0.20387,0.20378,0.20379,410.017
Kraken:XRPUSD,2020-06-03T11:10:00Z,0.20377,0.20377,0.20377,0.20377,3E+1
Kraken:XRPUSD,2020-06-03T11:11:00Z,0.20377,0.20377,0.20377,0.20377,8E+1
Kraken:XRPUSD,2020-06-03T11:13:00Z,0.20382,0.20382,0.2038,0.2038,1766.011
Kraken:XRPUSD,2020-06-03T11:14:00Z,0.20383,0.20383,0.20383,0.20383,314.953
Kraken:XRPUSD,2020-06-03T11:15:00Z,0.20391,0.20391,0.20391,0.20391,1722.26440898
Kraken:XRPUSD,2020-06-03T11:16:00Z,0.20391,0.20391,0.20391,0.20391,2564.211
Kraken:XRPUSD,2020-06-03T11:18:00Z,0.20384,0.20384,0.20381,0.20381,6E+1
Kraken:XRPUSD,2020-06-03T11:20:00Z,0.20388,0.20388,0.20388,0.20388,1E+2
Kraken:XRPUSD,2020-06-03T11:22:00Z,0.20378,0.20378,0.20342,0.20359,46882.82273123
Kraken:XRPUSD,2020-06-03T11:23:00Z,0.2031,0.2031,0.2031,0.2031,597.51175116
Kraken:XRPUSD,2020-06-03T11:26:00Z,0.20331,0.20331,0.20331,0.20331,3E+1
Kraken:XRPUSD,2020-06-03T11:28:00Z,0.2035,0.2035,0.2035,0.2035,33
Kraken:XRPUSD,2020-06-03T11:29:00Z,0.20362,0.20362,0.20362,0.20362,589.825
Kraken:XRPUSD,2020-06-03T11:35:00Z,0.20357,0.20368,0.20356,0.20368,3781.31919311
Kraken:XRPUSD,2020-06-03T11:39:00Z,0.20366,0.20366,0.20366,0.20366,854.66953703
Kraken:XRPUSD,2020-06-03T11:44:00Z,0.20385,0.20385,0.20385,0.20385,2538
Kraken:XRPUSD,2020-06-03T11:45:00Z,0.20388,0.20388,0.20388,0.20388,1240.362
Kraken:XRPUSD,2020-06-03T11:46:00Z,0.20392,0.20393,0.20392,0.20393,429
Kraken:XRPUSD,2020-06-03T11:48:00Z,0.2039,0.20407,0.2039,0.20407,332.717
Kraken:XRPUSD,2020-06-03T11:49:00Z,0.20407,0.20408,0.20407,0.20408,3670.965
Kraken:XRPUSD,2020-06-03T11:50:00Z,0.20407,0.20407,0.20407,0.20407,673.9
Kraken:XRPUSD,2020-06-03T11:51:00Z,0.20404,0.20407,0.20403,0.20403,37773.38959189
Kraken:XRPUSD,2020-06-03T11:52:00Z,0.20403,0.20404,0.20403,0.20404,19805.287
Kraken:XRPUSD,2020-06-03T11:53:00Z,0.20403,0.20403,0.20403,0.20403,32318.63180597
Kraken:XRPUSD,2020-06-03T11:54:00Z,0.2039,0.2039,0.2039,0.2039,288.898
Kraken:XRPUSD,2020-06-03T11:56:00Z,0.20397,0.20398,0.20397,0.20398,2E+4
Kraken:XRPUSD,2020-06-03T11:58:00Z,0.2039,0.20399,0.2039,0.20399,1707.60717434
Kraken:XRPUSD,2020-06-03T12:00:00Z,0.20405,0.20435,0.20405,0.20418,3413.1425
Kraken:XRPUSD,2020-06-03T12:01:00Z,0.20432,0.20432,0.20415,0.20415,1514.18679443
Kraken:XRPUSD,2020-06-03T12:06:00Z,0.20414,0.20419,0.20414,0.20415,10180.80674804
Kraken:XRPUSD,2020-06-03T12:07:00Z,0.20415,0.20415,0.20412,0.20413,36047.88052457
Kraken:XRPUSD,2020-06-03T12:11:00Z,0.20399,0.20399,0.20399,0.20399,2580.694
Kraken:XRPUSD,2020-06-03T12:15:00Z,0.20383,0.20399,0.20383,0.20399,14711.0157
Kraken:XRPUSD,2020-06-03T12:19:00Z,0.20393,0.20393,0.20393,0.20393,2986.64328524
Kraken:XRPUSD,2020-06-03T12:20:00Z,0.20393,0.20393,0.20391,0.20391,12361.57971476
Kraken:XRPUSD,2020-06-03T12:21:00Z,0.20384,0.20384,0.20384,0.20384,1446.705
Kraken:XRPUSD,2020-06-03T12:22:00Z,0.20389,0.20389,0.20389,0.20389,1504.076
Kraken:XRPUSD,2020-06-03T12:23:00Z,0.20375,0.20375,0.20375,0.20375,1.4E+2
Kraken:XRPUSD,2020-06-03T12:24:00Z,0.20374,0.2038,0.20374,0.2038,5099.65794353
Kraken:XRPUSD,2020-06-03T12:25:00Z,0.20377,0.20377,0.20377,0.20377,3E+1
Kraken:XRPUSD,2020-06-03T12:27:00Z,0.2037,0.20379,0.2037,0.20372,4870.97362422
Kraken:XRPUSD,2020-06-03T12:29:00Z,0.20374,0.2038,0.20374,0.2038,30373.99089842
Kraken:XRPUSD,2020-06-03T12:30:00Z,0.2038,0.2038,0.20369,0.20369,45924.56963852
Kraken:XRPUSD,2020-06-03T12:33:00Z,0.20398,0.20398,0.20398,0.20398,9E+1
Kraken:XRPUSD,2020-06-03T12:35:00Z,0.20397,0.20413,0.20397,0.20413,4E+3
Kraken:XRPUSD,2020-06-03T12:37:00Z,0.20407,0.20412,0.20401,0.20412,9048.2898852
Kraken:XRPUSD,2020-06-03T12:38:00Z,0.20401,0.20401,0.20397,0.20397,8076.789132
Kraken:XRPUSD,2020-06-03T12:39:00Z,0.20397,0.20397,0.20369,0.20369,28201.40167249
Kraken:XRPUSD,2020-06-03T12:40:00Z,0.20368,0.20368,0.20368,0.20368,1496.859
Kraken:XRPUSD,2020-06-03T12:41:00Z,0.20348,0.2035,0.20337,0.2035,15008.66
Kraken:XRPUSD,2020-06-03T12:42:00Z,0.20349,0.20349,0.20349,0.20349,942.849
Kraken:XRPUSD,2020-06-03T12:45:00Z,0.20352,0.20352,0.20352,0.20352,5E+1
Kraken:XRPUSD,2020-06-03T12:46:00Z,0.20358,0.20358,0.20341,0.20341,29963.653
Kraken:XRPUSD,2020-06-03T12:48:00Z,0.20346,0.20346,0.20346,0.20346,1367.336
Kraken:XRPUSD,2020-06-03T12:50:00Z,0.20347,0.20357,0.20347,0.2035,11886.30831576
Kraken:XRPUSD,2020-06-03T12:51:00Z,0.20346,0.20346,0.20344,0.20344,4133.59
Kraken:XRPUSD,2020-06-03T12:52:00Z,0.20342,0.20342,0.20342,0.20342,1502.001
Kraken:XRPUSD,2020-06-03T12:53:00Z,0.2035,0.2035,0.2035,0.2035,44.8
Kraken:XRPUSD,2020-06-03T12:54:00Z,0.20361,0.20364,0.20361,0.20364,6852.27132863
Kraken:XRPUSD,2020-06-03T13:00:00Z,0.20361,0.20361,0.20361,0.20361,1638.73453153
Kraken:XRPUSD,2020-06-03T13:02:00Z,0.20372,0.20373,0.20372,0.20373,932.721
Kraken:XRPUSD,2020-06-03T13:03:00Z,0.20384,0.20384,0.20384,0.20384,728.555
Kraken:XRPUSD,2020-06-03T13:09:00Z,0.20381,0.20381,0.20381,0.20381,50.08733624
Kraken:XRPUSD,2020-06-03T13:11:00Z,0.20369,0.20369,0.20369,0.20369,855.58341938
Kraken:XRPUSD,2020-06-03T13:12:00Z,0.20369,0.20369,0.20369,0.20369,4505.72235769
Kraken:XRPUSD,2020-06-03T13:13:00Z,0.20369,0.20369,0.20369,0.20369,35138.91855171
Kraken:XRPUSD,2020-06-03T13:14:00Z,0.2037,0.2037,0.2037,0.2037,1975
Kraken:XRPUSD,2020-06-03T13:15:00Z,0.2037,0.2037,0.20359,0.20359,2.003E+4
Kraken:XRPUSD,2020-06-03T13:16:00Z,0.20334,0.20334,0.20334,0.20334,67.898
Kraken:XRPUSD,2020-06-03T13:17:00Z,0.20332,0.20345,0.20332,0.20345,566.3637
Kraken:XRPUSD,2020-06-03T13:19:00Z,0.20345,0.20345,0.20345,0.20345,3687.04372834
Kraken:XRPUSD,2020-06-03T13:20:00Z,0.20344,0.20352,0.20344,0.20352,12113.98509561
Kraken:XRPUSD,2020-06-03T13:21:00Z,0.20345,0.20352,0.20345,0.20352,1369.143
Kraken:XRPUSD,2020-06-03T13:22:00Z,0.20352,0.2036,0.20341,0.2036,3533.9349
Kraken:XRPUSD,2020-06-03T13:23:00Z,0.20353,0.20353,0.20353,0.20353,4E+1
Kraken:XRPUSD,2020-06-03T13:26:00Z,0.20358,0.20359,0.20358,0.20359,1022.518
Kraken:XRPUSD,2020-06-03T13:28:00Z,0.2036,0.2036,0.20354,0.20354,2890.17009478
Kraken:XRPUSD,2020-06-03T13:33:00Z,0.20374,0.20374,0.20374,0.20374,1439.05845633
Kraken:XRPUSD,2020-06-03T13:34:00Z,0.20374,0.20375,0.20374,0.20375,1884.68354601
Kraken:XRPUSD,2020-06-03T13:35:00Z,0.20374,0.20374,0.20374,0.20374,8368.65925122
Kraken:XRPUSD,2020-06-03T13:36:00Z,0.20374,0.20374,0.20374,0.20374,12108.19523214
Kraken:XRPUSD,2020-06-03T13:38:00Z,0.20375,0.20375,0.20361,0.20361,3615.502
Kraken:XRPUSD,2020-06-03T13:40:00Z,0.20389,0.20389,0.20389,0.20389,611.623
Kraken:XRPUSD,2020-06-03T13:42:00Z,0.20385,0.20385,0.20385,0.20385,1E+2
Kraken:XRPUSD,2020-06-03T13:44:00Z,0.204,0.204,0.204,0.204,79.726
Kraken:XRPUSD,2020-06-03T13:45:00Z,0.20398,0.20413,0.20398,0.20413,8.2E+3
Kraken:XRPUSD,2020-06-03T13:46:00Z,0.20405,0.20405,0.20405,0.20405,33
Kraken:XRPUSD,2020-06-03T13:47:00Z,0.20398,0.20402,0.20398,0.20401,1980.32
Kraken:XRPUSD,2020-06-03T13:49:00Z,0.20409,0.20409,0.20409,0.20409,6.8E+2
Kraken:XRPUSD,2020-06-03T13:50:00Z,0.2041,0.2041,0.2041,0.2041,7E+1
Kraken:XRPUSD,2020-06-03T13:52:00Z,0.2041,0.20427,0.2041,0.20416,3352.53708804
Kraken:XRPUSD,2020-06-03T13:53:00Z,0.20416,0.20416,0.20416,0.20416,14410.01191196
Kraken:XRPUSD,2020-06-03T13:54:00Z,0.20397,0.20409,0.20397,0.20409,182.017
Kraken:XRPUSD,2020-06-03T13:55:00Z,0.20392,0.20397,0.20392,0.20393,1647.01171953
Kraken:XRPUSD,2020-06-03T13:56:00Z,0.20391,0.20391,0.20391,0.20391,6706.004
Kraken:XRPUSD,2020-06-03T13:59:00Z,0.20382,0.20382,0.20373,0.20373,2947.895
Kraken:XRPUSD,2020-06-03T14:01:00Z,0.20383,0.20383,0.20383,0.20383,310.81366
Kraken:XRPUSD,2020-06-03T14:05:00Z,0.20373,0.20375,0.20371,0.20371,5678.95587627
Kraken:XRPUSD,2020-06-03T14:06:00Z,0.20371,0.20372,0.20351,0.20351,11011.021
Kraken:XRPUSD,2020-06-03T14:07:00Z,0.20352,0.20352,0.20352,0.20352,5963.71570833
Kraken:XRPUSD,2020-06-03T14:09:00Z,0.20351,0.20351,0.20315,0.20323,23859.87543786
Kraken:XRPUSD,2020-06-03T14:10:00Z,0.20324,0.20325,0.20213,0.20213,47841.40406173
Kraken:XRPUSD,2020-06-03T14:11:00Z,0.20207,0.20267,0.20207,0.20251,15372.5488
Kraken:XRPUSD,2020-06-03T14:12:00Z,0.20247,0.20247,0.20247,0.20247,2818.771
Kraken:XRPUSD,2020-06-03T14:13:00Z,0.20237,0.20237,0.20237,0.20237,769.139
Kraken:XRPUSD,2020-06-03T14:14:00Z,0.20227,0.20235,0.20226,0.20235,4302.264
Kraken:XRPUSD,2020-06-03T14:15:00Z,0.20235,0.20235,0.20235,0.20235,8091.947261
Kraken:XRPUSD,2020-06-03T14:16:00Z,0.20275,0.20275,0.20275,0.20275,3E+1
Kraken:XRPUSD,2020-06-03T14:17:00Z,0.20268,0.20268,0.20268,0.20268,950.2508
Kraken:XRPUSD,2020-06-03T14:19:00Z,0.20267,0.20273,0.20267,0.20273,445.166
Kraken:XRPUSD,2020-06-03T14:20:00Z,0.20292,0.20292,0.2029,0.2029,2000.99922
Kraken:XRPUSD,2020-06-03T14:21:00Z,0.20316,0.20316,0.20285,0.20285,100046.433
Kraken:XRPUSD,2020-06-03T14:23:00Z,0.20307,0.20307,0.20301,0.20301,123.453
Kraken:XRPUSD,2020-06-03T14:25:00Z,0.20299,0.20299,0.20299,0.20299,6E+1
Kraken:XRPUSD,2020-06-03T14:26:00Z,0.20301,0.20301,0.20301,0.20301,2.4E+3
Kraken:XRPUSD,2020-06-03T14:29:00Z,0.20298,0.20298,0.20298,0.20298,1E+3
Kraken:XRPUSD,2020-06-03T14:31:00Z,0.20299,0.20299,0.20299,0.20299,2.4E+3
Kraken:XRPUSD,2020-06-03T14:32:00Z,0.203,0.203,0.203,0.203,3009
Kraken:XRPUSD,2020-06-03T14:33:00Z,0.20299,0.20299,0.20299,0.20299,34184.416
Kraken:XRPUSD,2020-06-03T14:34:00Z,0.20295,0.20306,0.20292,0.20306,35052.5241217
Kraken:XRPUSD,2020-06-03T14:37:00Z,0.20322,0.20323,0.20322,0.20323,2.9E+3
Kraken:XRPUSD,2020-06-03T14:39:00Z,0.20301,0.2031,0.20301,0.2031,1066.193075
Kraken:XRPUSD,2020-06-03T14:40:00Z,0.20297,0.20297,0.20297,0.20297,4052.668
Kraken:XRPUSD,2020-06-03T14:42:00Z,0.20316,0.20316,0.20316,0.20316,174.75536522
Kraken:XRPUSD,2020-06-03T14:44:00Z,0.20302,0.20302,0.20302,0.20302,856.97400928
Kraken:XRPUSD,2020-06-03T14:46:00Z,0.20326,0.20326,0.20326,0.20326,641.698
Kraken:XRPUSD,2020-06-03T14:49:00Z,0.2035,0.20353,0.2035,0.20353,1556.46999997
Kraken:XRPUSD,2020-06-03T14:50:00Z,0.20353,0.20353,0.20353,0.20353,1624.102
Kraken:XRPUSD,2020-06-03T14:51:00Z,0.20363,0.20363,0.20363,0.20363,977.738
Kraken:XRPUSD,2020-06-03T14:52:00Z,0.20363,0.20363,0.20363,0.20363,3E+1
Kraken:XRPUSD,2020-06-03T14:53:00Z,0.20359,0.20359,0.20358,0.20358,6E+1
Kraken:XRPUSD,2020-06-03T14:54:00Z,0.2036,0.2036,0.2036,0.2036,4E+1
Kraken:XRPUSD,2020-06-03T14:56:00Z,0.20397,0.20397,0.20397,0.20397,5E+1
Kraken:XRPUSD,2020-06-03T14:59:00Z,0.20392,0.20392,0.20392,0.20392,696.216
Kraken:XRPUSD,2020-06-03T15:00:00Z,0.2039,0.2039,0.2039,0.2039,4E+3
Kraken:XRPUSD,2020-06-03T15:01:00Z,0.20391,0.20391,0.2038,0.20381,32911.018
Kraken:XRPUSD,2020-06-03T15:03:00Z,0.20391,0.20391,0.20372,0.20372,4E+5
Kraken:XRPUSD,2020-06-03T15:04:00Z,0.20383,0.20383,0.20383,0.20383,46.74
Kraken:XRPUSD,2020-06-03T15:05:00Z,0.20376,0.20376,0.20376,0.20376,154.54546
Kraken:XRPUSD,2020-06-03T15:07:00Z,0.20365,0.20365,0.2036,0.2036,50900.32599997
Kraken:XRPUSD,2020-06-03T15:08:00Z,0.20364,0.20364,0.20364,0.20364,34.41
Kraken:XRPUSD,2020-06-03T15:09:00Z,0.20369,0.20369,0.20358,0.20358,991.914
Kraken:XRPUSD,2020-06-03T15:11:00Z,0.20377,0.20388,0.20377,0.20388,1224.51425
Kraken:XRPUSD,2020-06-03T15:31:00Z,0.20421,0.20421,0.20421,0.20421,1020.109
Kraken:XRPUSD,2020-06-03T15:34:00Z,0.20414,0.20414,0.20414,0.20414,265.266
Kraken:XRPUSD,2020-06-03T15:37:00Z,0.20414,0.20414,0.20413,0.20413,11786.56680461
Kraken:XRPUSD,2020-06-03T15:38:00Z,0.204,0.204,0.204,0.204,13893.49132875
Kraken:XRPUSD,2020-06-03T15:40:00Z,0.2034,0.2034,0.2034,0.2034,1217.214
Kraken:XRPUSD,2020-06-03T15:41:00Z,0.20342,0.20343,0.20339,0.20343,4504.72
Kraken:XRPUSD,2020-06-03T15:42:00Z,0.20346,0.20355,0.20346,0.20355,3148.872
Kraken:XRPUSD,2020-06-03T15:43:00Z,0.20336,0.20343,0.20336,0.20343,18716.916
Kraken:XRPUSD,2020-06-03T15:50:00Z,0.20362,0.20366,0.20362,0.20366,33995.00724846
Kraken:XRPUSD,2020-06-03T15:53:00Z,0.20367,0.20367,0.20367,0.20367,854.86638607
Kraken:XRPUSD,2020-06-03T15:54:00Z,0.20363,0.20363,0.20363,0.20363,778.97
Kraken:XRPUSD,2020-06-03T15:55:00Z,0.20363,0.20363,0.20363,0.20363,1921.264
Kraken:XRPUSD,2020-06-03T15:56:00Z,0.20369,0.20369,0.20369,0.20369,303.0303
Kraken:XRPUSD,2020-06-03T15:59:00Z,0.20379,0.20379,0.20379,0.20379,161.995
Kraken:XRPUSD,2020-06-03T16:03:00Z,0.20387,0.20414,0.20387,0.20414,2592.533
Kraken:XRPUSD,2020-06-03T16:04:00Z,0.20408,0.20412,0.20408,0.20412,3774.18910444
Kraken:XRPUSD,2020-06-03T16:06:00Z,0.20422,0.20436,0.20422,0.20436,17416.28547871
Kraken:XRPUSD,2020-06-03T16:07:00Z,0.20432,0.20432,0.20432,0.20432,2802
Kraken:XRPUSD,2020-06-03T16:08:00Z,0.2041,0.2041,0.2041,0.2041,1395.38265556
Kraken:XRPUSD,2020-06-03T16:14:00Z,0.20415,0.20415,0.20415,0.20415,834.52
Kraken:XRPUSD,2020-06-03T16:16:00Z,0.20415,0.20441,0.20415,0.2043,100144
Kraken:XRPUSD,2020-06-03T16:17:00Z,0.20418,0.20418,0.20417,0.20417,4.5E+3
Kraken:XRPUSD,2020-06-03T16:19:00Z,0.20417,0.20417,0.20417,0.20417,789.451
Kraken:XRPUSD,2020-06-03T16:23:00Z,0.20436,0.20436,0.20436,0.20436,649.074
Kraken:XRPUSD,2020-06-03T16:24:00Z,0.20435,0.20435,0.20435,0.20435,125
Kraken:XRPUSD,2020-06-03T16:25:00Z,0.20436,0.20436,0.20436,0.20436,944.046
Kraken:XRPUSD,2020-06-03T16:26:00Z,0.20429,0.20429,0.20429,0.20429,785.71135
Kraken:XRPUSD,2020-06-03T16:30:00Z,0.20444,0.20444,0.20444,0.20444,1000.944
Kraken:XRPUSD,2020-06-03T16:31:00Z,0.20442,0.20442,0.20442,0.20442,1E+2
Kraken:XRPUSD,2020-06-03T16:34:00Z,0.2043,0.2043,0.2043,0.2043,538.227
Kraken:XRPUSD,2020-06-03T16:36:00Z,0.2043,0.20444,0.20424,0.20424,12940.39997667
Kraken:XRPUSD,2020-06-03T16:37:00Z,0.20424,0.20424,0.20424,0.20424,3780.172
Kraken:XRPUSD,2020-06-03T16:38:00Z,0.20423,0.20423,0.20423,0.20423,240.24691356
Kraken:XRPUSD,2020-06-03T16:39:00Z,0.20421,0.20421,0.20421,0.20421,616.925
Kraken:XRPUSD,2020-06-03T16:43:00Z,0.20425,0.20425,0.20425,0.20425,194.29771141
Kraken:XRPUSD,2020-06-03T16:44:00Z,0.2042,0.2042,0.2042,0.2042,5E+3
Kraken:XRPUSD,2020-06-03T16:45:00Z,0.20406,0.20406,0.20406,0.20406,49.00519455
Kraken:XRPUSD,2020-06-03T16:46:00Z,0.2037,0.2037,0.20357,0.20357,29947.54789183
Kraken:XRPUSD,2020-06-03T16:47:00Z,0.20366,0.20366,0.20366,0.20366,1.5E+4
Kraken:XRPUSD,2020-06-03T16:51:00Z,0.20373,0.20373,0.20373,0.20373,60.80487805
Kraken:XRPUSD,2020-06-03T16:52:00Z,0.20373,0.20373,0.20373,0.20373,3.62E+3
Kraken:XRPUSD,2020-06-03T16:54:00Z,0.20415,0.20415,0.20415,0.20415,2E+2
Kraken:XRPUSD,2020-06-03T16:56:00Z,0.20433,0.20443,0.20433,0.20443,8E+3
Kraken:XRPUSD,2020-06-03T17:00:00Z,0.20418,0.20418,0.20418,0.20418,9745.45254187
Kraken:XRPUSD,2020-06-03T17:01:00Z,0.20428,0.20428,0.20428,0.20428,753.85365854
Kraken:XRPUSD,2020-06-03T17:02:00Z,0.20433,0.20433,0.20433,0.20433,3671.61110295
Kraken:XRPUSD,2020-06-03T17:07:00Z,0.20442,0.20442,0.20442,0.20442,96.88108322
Kraken:XRPUSD,2020-06-03T17:09:00Z,0.20444,0.20444,0.20444,0.20444,2E+4
Kraken:XRPUSD,2020-06-03T17:10:00Z,0.20469,0.20469,0.20469,0.20469,4584.6768
Kraken:XRPUSD,2020-06-03T17:18:00Z,0.20433,0.20433,0.20433,0.20433,3423.43857159
Kraken:XRPUSD,2020-06-03T17:24:00Z,0.20383,0.20383,0.20377,0.20377,1252.20000999
Kraken:XRPUSD,2020-06-03T17:26:00Z,0.20382,0.20382,0.20382,0.20382,5.72E+3
Kraken:XRPUSD,2020-06-03T17:27:00Z,0.20382,0.20382,0.20382,0.20382,6.104
Kraken:XRPUSD,2020-06-03T17:28:00Z,0.20412,0.20412,0.20412,0.20412,5.3E+2
Kraken:XRPUSD,2020-06-03T17:29:00Z,0.20412,0.20412,0.20412,0.20412,853
Kraken:XRPUSD,2020-06-03T17:31:00Z,0.20412,0.20412,0.20412,0.20412,123826
Kraken:XRPUSD,2020-06-03T17:32:00Z,0.20412,0.20412,0.20411,0.20412,3396.00000019
Kraken:XRPUSD,2020-06-03T17:35:00Z,0.20411,0.20411,0.20411,0.20411,0.98794827
Kraken:XRPUSD,2020-06-03T17:42:00Z,0.20381,0.20381,0.20381,0.20381,6616.20146341
Kraken:XRPUSD,2020-06-03T17:43:00Z,0.2038,0.2038,0.2038,0.2038,161.975
Kraken:XRPUSD,2020-06-03T17:44:00Z,0.2038,0.2038,0.2038,0.2038,323.894
Kraken:XRPUSD,2020-06-03T17:46:00Z,0.20364,0.20364,0.20363,0.20363,1.5E+4
Kraken:XRPUSD,2020-06-03T17:47:00Z,0.20354,0.20374,0.20354,0.20374,19628.80746447
Kraken:XRPUSD,2020-06-03T18:01:00Z,0.20332,0.20332,0.20332,0.20332,4180.281
Kraken:XRPUSD,2020-06-03T18:04:00Z,0.203,0.20306,0.203,0.20306,8584.6768
Kraken:XRPUSD,2020-06-03T18:09:00Z,0.20319,0.20319,0.20319,0.20319,14131.14378
Kraken:XRPUSD,2020-06-03T18:12:00Z,0.2032,0.2032,0.2032,0.2032,9211.503
Kraken:XRPUSD,2020-06-03T18:13:00Z,0.2032,0.2032,0.2032,0.2032,668.95
Kraken:XRPUSD,2020-06-03T18:14:00Z,0.2032,0.2032,0.2032,0.2032,18616.15816929
Kraken:XRPUSD,2020-06-03T18:15:00Z,0.2032,0.20349,0.2032,0.20349,1000.66883071
Kraken:XRPUSD,2020-06-03T18:17:00Z,0.20362,0.20362,0.20362,0.20362,133.01069873
Kraken:XRPUSD,2020-06-03T18:18:00Z,0.20355,0.20355,0.20355,0.20355,175.70727608
Kraken:XRPUSD,2020-06-03T18:20:00Z,0.20357,0.20357,0.20357,0.20357,550.773
Kraken:XRPUSD,2020-06-03T18:23:00Z,0.2035,0.2035,0.2035,0.2035,4.8E+3
Kraken:XRPUSD,2020-06-03T18:26:00Z,0.2035,0.2035,0.2035,0.2035,170.922
Kraken:XRPUSD,2020-06-03T18:27:00Z,0.2035,0.2035,0.2035,0.2035,543.541
Kraken:XRPUSD,2020-06-03T18:29:00Z,0.2035,0.2035,0.2035,0.2035,101.54152334
Kraken:XRPUSD,2020-06-03T18:31:00Z,0.20366,0.20366,0.2035,0.2035,1.6E+4
Kraken:XRPUSD,2020-06-03T18:33:00Z,0.20357,0.20357,0.20357,0.20357,820.153
Kraken:XRPUSD,2020-06-03T18:36:00Z,0.20367,0.20369,0.20367,0.20369,2224.30306986
Kraken:XRPUSD,2020-06-03T18:37:00Z,0.20369,0.20374,0.20369,0.20374,316.7
Kraken:XRPUSD,2020-06-03T18:41:00Z,0.20372,0.20372,0.20372,0.20372,18538.222
Kraken:XRPUSD,2020-06-03T18:42:00Z,0.20428,0.20428,0.20428,0.20428,516.70393347
Kraken:XRPUSD,2020-06-03T18:46:00Z,0.20428,0.20428,0.20428,0.20428,6.3E+2
Kraken:XRPUSD,2020-06-03T18:48:00Z,0.20405,0.20412,0.20405,0.20412,3555.82876508
Kraken:XRPUSD,2020-06-03T18:49:00Z,0.204,0.204,0.204,0.204,3.2E+2
Kraken:XRPUSD,2020-06-03T18:51:00Z,0.20436,0.20436,0.20436,0.20436,161.6
Kraken:XRPUSD,2020-06-03T18:59:00Z,0.20429,0.20429,0.20429,0.20429,1495.13244034
Kraken:XRPUSD,2020-06-03T19:00:00Z,0.20428,0.20428,0.20428,0.20428,5E+2
Kraken:XRPUSD,2020-06-03T19:01:00Z,0.20429,0.20443,0.20429,0.20443,24784.3173394
Kraken:XRPUSD,2020-06-03T19:02:00Z,0.20469,0.20475,0.20469,0.20475,5.4E+2
Kraken:XRPUSD,2020-06-03T19:03:00Z,0.20436,0.20436,0.20436,0.20436,1.34E+4
Kraken:XRPUSD,2020-06-03T19:05:00Z,0.20422,0.20422,0.2042,0.2042,1013.81783104
Kraken:XRPUSD,2020-06-03T19:06:00Z,0.20422,0.20422,0.20411,0.20411,4255.762
Kraken:XRPUSD,2020-06-03T19:07:00Z,0.2042,0.2042,0.2042,0.2042,3671.34150819
Kraken:XRPUSD,2020-06-03T19:08:00Z,0.20395,0.20395,0.20395,0.20395,688.03
Kraken:XRPUSD,2020-06-03T19:09:00Z,0.20395,0.20395,0.20395,0.20395,1785.261
Kraken:XRPUSD,2020-06-03T19:12:00Z,0.20395,0.20395,0.20395,0.20395,1845.589
Kraken:XRPUSD,2020-06-03T19:13:00Z,0.20395,0.20395,0.20395,0.20395,8715.397
Kraken:XRPUSD,2020-06-03T19:14:00Z,0.20395,0.20395,0.20395,0.20395,9383.608
Kraken:XRPUSD,2020-06-03T19:15:00Z,0.2044,0.2044,0.2044,0.2044,2944.14836692
Kraken:XRPUSD,2020-06-03T19:16:00Z,0.20422,0.20426,0.20422,0.20426,1.24E+4
Kraken:XRPUSD,2020-06-03T19:22:00Z,0.20404,0.20404,0.20404,0.20404,1.6E+3
Kraken:XRPUSD,2020-06-03T19:24:00Z,0.20402,0.20415,0.20402,0.20415,100570.064
Kraken:XRPUSD,2020-06-03T19:26:00Z,0.20392,0.20392,0.20392,0.20392,1083.51044698
Kraken:XRPUSD,2020-06-03T19:28:00Z,0.20412,0.20412,0.20412,0.20412,741.591
Kraken:XRPUSD,2020-06-03T19:31:00Z,0.20411,0.20411,0.20411,0.20411,348.69874087
Kraken:XRPUSD,2020-06-03T19:32:00Z,0.20378,0.20378,0.20378,0.20378,73569.20274991
Kraken:XRPUSD,2020-06-03T19:33:00Z,0.2035,0.2035,0.20275,0.20285,45317.15724371
Kraken:XRPUSD,2020-06-03T19:34:00Z,0.20298,0.2034,0.20298,0.2033,6415.45688348
Kraken:XRPUSD,2020-06-03T19:39:00Z,0.2031,0.20324,0.2031,0.20324,33390.22749274
Kraken:XRPUSD,2020-06-03T19:40:00Z,0.20324,0.20329,0.20324,0.20329,2640.32309362
Kraken:XRPUSD,2020-06-03T19:41:00Z,0.20319,0.20331,0.20319,0.20326,2415.535
Kraken:XRPUSD,2020-06-03T19:43:00Z,0.20329,0.20329,0.20329,0.20329,601.216
Kraken:XRPUSD,2020-06-03T19:46:00Z,0.20318,0.20318,0.20315,0.20315,1265.7507672
Kraken:XRPUSD,2020-06-03T19:47:00Z,0.20316,0.20321,0.20316,0.20321,1.2E+4
Kraken:XRPUSD,2020-06-03T19:50:00Z,0.20321,0.20322,0.20319,0.20322,1.81E+4
Kraken:XRPUSD,2020-06-03T19:52:00Z,0.20305,0.20309,0.20305,0.20309,4080.06825551
Kraken:XRPUSD,2020-06-03T19:54:00Z,0.20301,0.20301,0.20301,0.20301,3549.16690779
Kraken:XRPUSD,2020-06-03T19:59:00Z,0.20305,0.20305,0.20288,0.20288,5677.708998
Kraken:XRPUSD,2020-06-03T20:01:00Z,0.20301,0.20301,0.20301,0.20301,3693
Kraken:XRPUSD,2020-06-03T20:04:00Z,0.20275,0.20275,0.20275,0.20275,898.482
Kraken:XRPUSD,2020-06-03T20:07:00Z,0.20258,0.20258,0.20258,0.20258,1227
Kraken:XRPUSD,2020-06-03T20:13:00Z,0.20257,0.20257,0.20257,0.20257,168.39
Kraken:XRPUSD,2020-06-03T20:16:00Z,0.20257,0.20257,0.20257,0.20257,146.615985
Kraken:XRPUSD,2020-06-03T20:18:00Z,0.20254,0.20254,0.20254,0.20254,999.99999995
Kraken:XRPUSD,2020-06-03T20:20:00Z,0.20253,0.20253,0.20253,0.20253,118.643
Kraken:XRPUSD,2020-06-03T20:24:00Z,0.20252,0.20252,0.20252,0.20252,1E+4
Kraken:XRPUSD,2020-06-03T20:26:00Z,0.20252,0.20252,0.20252,0.20252,1757.57702942
Kraken:XRPUSD,2020-06-03T20:30:00Z,0.20252,0.20269,0.20252,0.20269,31290.56427337
Kraken:XRPUSD,2020-06-03T20:33:00Z,0.20275,0.20275,0.20248,0.20248,629.09097125
Kraken:XRPUSD,2020-06-03T20:35:00Z,0.20273,0.20273,0.20272,0.20272,1974.46617105
Kraken:XRPUSD,2020-06-03T20:36:00Z,0.20279,0.20279,0.20279,0.20279,913.0720422
Kraken:XRPUSD,2020-06-03T20:41:00Z,0.20296,0.20296,0.20296,0.20296,150.05
Kraken:XRPUSD,2020-06-03T20:42:00Z,0.20294,0.20296,0.20294,0.20296,52000.173
Kraken:XRPUSD,2020-06-03T20:43:00Z,0.20316,0.20316,0.20316,0.20316,502.82416439
Kraken:XRPUSD,2020-06-03T20:44:00Z,0.20311,0.20316,0.20311,0.20316,12933.30943484
Kraken:XRPUSD,2020-06-03T20:48:00Z,0.2031,0.2031,0.2031,0.2031,1E+3
Kraken:XRPUSD,2020-06-03T20:49:00Z,0.2031,0.2031,0.2031,0.2031,2129.23816715
Kraken:XRPUSD,2020-06-03T20:53:00Z,0.2031,0.2031,0.2031,0.2031,5441.506
Kraken:XRPUSD,2020-06-03T20:54:00Z,0.20355,0.20355,0.20355,0.20355,855.10361094
Kraken:XRPUSD,2020-06-03T20:55:00Z,0.20355,0.20355,0.20349,0.20349,7405.63778586
Kraken:XRPUSD,2020-06-03T21:01:00Z,0.20353,0.20353,0.20344,0.20344,1701.02937052
Kraken:XRPUSD,2020-06-03T21:04:00Z,0.20338,0.20338,0.20331,0.20331,8.3E+2
Kraken:XRPUSD,2020-06-03T21:05:00Z,0.20346,0.20346,0.20345,0.20345,23477.7
Kraken:XRPUSD,2020-06-03T21:09:00Z,0.20346,0.20346,0.20346,0.20346,104.90366656
Kraken:XRPUSD,2020-06-03T21:13:00Z,0.20345,0.20345,0.20325,0.20327,10165.58805637
Kraken:XRPUSD,2020-06-03T21:16:00Z,0.20316,0.20316,0.20316,0.20316,1.5E+2
Kraken:XRPUSD,2020-06-03T21:18:00Z,0.20313,0.20313,0.20288,0.20288,115185.63575598
Kraken:XRPUSD,2020-06-03T21:19:00Z,0.20287,0.20287,0.20283,0.20283,42021.377572
Kraken:XRPUSD,2020-06-03T21:20:00Z,0.20288,0.20288,0.20288,0.20288,23146.605
Kraken:XRPUSD,2020-06-03T21:28:00Z,0.20277,0.20278,0.20277,0.20278,3443.639
Kraken:XRPUSD,2020-06-03T21:31:00Z,0.2026,0.2026,0.2026,0.2026,1165.51555
Kraken:XRPUSD,2020-06-03T21:37:00Z,0.20271,0.20271,0.20271,0.20271,296.15608504
Kraken:XRPUSD,2020-06-03T21:39:00Z,0.20271,0.20271,0.20271,0.20271,70.54363376
Kraken:XRPUSD,2020-06-03T21:40:00Z,0.20271,0.20271,0.20271,0.20271,5143.87071344
Kraken:XRPUSD,2020-06-03T21:41:00Z,0.20271,0.20271,0.20271,0.20271,2E+3
Kraken:XRPUSD,2020-06-03T21:48:00Z,0.20271,0.20271,0.20271,0.20271,3815
Kraken:XRPUSD,2020-06-03T21:51:00Z,0.20271,0.20271,0.20271,0.20271,31101.062
Kraken:XRPUSD,2020-06-03T21:52:00Z,0.20287,0.20287,0.20287,0.20287,5.9E+2
Kraken:XRPUSD,2020-06-03T21:53:00Z,0.20261,0.20262,0.20261,0.20262,484.7884
Kraken:XRPUSD,2020-06-03T21:57:00Z,0.20262,0.20262,0.20262,0.20262,5E+1
Kraken:XRPUSD,2020-06-03T22:03:00Z,0.20262,0.20262,0.20262,0.20262,9471.7
Kraken:XRPUSD,2020-06-03T22:05:00Z,0.20262,0.20262,0.20261,0.20261,16886.0185
Kraken:XRPUSD,2020-06-03T22:06:00Z,0.20262,0.20262,0.20262,0.20262,5396
Kraken:XRPUSD,2020-06-03T22:07:00Z,0.20262,0.20262,0.20262,0.20262,43490.454
Kraken:XRPUSD,2020-06-03T22:10:00Z,0.20292,0.20292,0.20292,0.20292,2030.41297062
Kraken:XRPUSD,2020-06-03T22:12:00Z,0.20291,0.20291,0.20256,0.20269,6312.10483971
Kraken:XRPUSD,2020-06-03T22:13:00Z,0.20277,0.20277,0.20275,0.20275,3413.81338387
Kraken:XRPUSD,2020-06-03T22:14:00Z,0.20281,0.20281,0.20281,0.20281,5E+2
Kraken:XRPUSD,2020-06-03T22:15:00Z,0.20283,0.20283,0.20283,0.20283,8573.15336061
Kraken:XRPUSD,2020-06-03T22:16:00Z,0.20283,0.20302,0.20282,0.20282,4.75E+4
Kraken:XRPUSD,2020-06-03T22:18:00Z,0.20283,0.20283,0.20283,0.20283,1215.59384706
Kraken:XRPUSD,2020-06-03T22:19:00Z,0.20283,0.20283,0.20283,0.20283,32.44835576
Kraken:XRPUSD,2020-06-03T22:26:00Z,0.20306,0.20312,0.20306,0.20312,2713.3223993
Kraken:XRPUSD,2020-06-03T22:33:00Z,0.20309,0.20309,0.20309,0.20309,3000.00058585
Kraken:XRPUSD,2020-06-03T22:34:00Z,0.20309,0.20309,0.20309,0.20309,41589
Kraken:XRPUSD,2020-06-03T22:35:00Z,0.20309,0.20309,0.20309,0.20309,0.72641415
Kraken:XRPUSD,2020-06-03T22:40:00Z,0.20364,0.20364,0.20349,0.20349,6.002E+4
Kraken:XRPUSD,2020-06-03T22:43:00Z,0.20365,0.20374,0.20365,0.20369,4333.08733929
Kraken:XRPUSD,2020-06-03T22:47:00Z,0.20369,0.20369,0.20369,0.20369,2988.35912535
Kraken:XRPUSD,2020-06-03T22:48:00Z,0.20369,0.20369,0.20369,0.20369,8474
Kraken:XRPUSD,2020-06-03T22:50:00Z,0.20369,0.20369,0.20369,0.20369,22441.486
Kraken:XRPUSD,2020-06-03T22:54:00Z,0.204,0.204,0.204,0.204,996.746
Kraken:XRPUSD,2020-06-03T22:55:00Z,0.204,0.204,0.20383,0.20383,18408.82908
Kraken:XRPUSD,2020-06-03T22:56:00Z,0.20395,0.20396,0.20395,0.20396,20127.6
Kraken:XRPUSD,2020-06-03T22:57:00Z,0.20396,0.20409,0.20396,0.20406,11053.55692516
Kraken:XRPUSD,2020-06-03T22:58:00Z,0.20418,0.20418,0.20418,0.20418,1531.32726026
Kraken:XRPUSD,2020-06-03T23:00:00Z,0.20402,0.20411,0.20401,0.20409,28049.71999995
Kraken:XRPUSD,2020-06-03T23:05:00Z,0.20365,0.20365,0.20365,0.20365,21990.834
Kraken:XRPUSD,2020-06-03T23:08:00Z,0.20367,0.20367,0.20353,0.20353,1E+5
Kraken:XRPUSD,2020-06-03T23:09:00Z,0.20378,0.20378,0.20378,0.20378,2675.242
Kraken:XRPUSD,2020-06-03T23:11:00Z,0.20391,0.20391,0.20391,0.20391,67.38968425
Kraken:XRPUSD,2020-06-03T23:13:00Z,0.20358,0.20358,0.20343,0.20343,1450.04177314
Kraken:XRPUSD,2020-06-03T23:14:00Z,0.20345,0.20345,0.20345,0.20345,990.4
Kraken:XRPUSD,2020-06-03T23:15:00Z,0.20345,0.20345,0.20345,0.20345,11803.97024705
Kraken:XRPUSD,2020-06-03T23:18:00Z,0.20345,0.20352,0.20345,0.20352,14831.706
Kraken:XRPUSD,2020-06-03T23:20:00Z,0.20385,0.20385,0.20373,0.20373,5610.50899994
Kraken:XRPUSD,2020-06-03T23:21:00Z,0.20371,0.20371,0.20366,0.20366,18157.09792
Kraken:XRPUSD,2020-06-03T23:22:00Z,0.2037,0.2037,0.20367,0.20367,23647.53817
Kraken:XRPUSD,2020-06-03T23:24:00Z,0.20382,0.20382,0.20382,0.20382,1399.99999994
Kraken:XRPUSD,2020-06-03T23:27:00Z,0.20389,0.20389,0.20389,0.20389,86
Kraken:XRPUSD,2020-06-03T23:28:00Z,0.20375,0.20376,0.20375,0.20376,13252
Kraken:XRPUSD,2020-06-03T23:31:00Z,0.20376,0.20383,0.20376,0.20383,1.2E+2
Kraken:XRPUSD,2020-06-03T23:32:00Z,0.20367,0.20367,0.20367,0.20367,2E+3
Kraken:XRPUSD,2020-06-03T23:34:00Z,0.20383,0.20383,0.20383,0.20383,5E+1
Kraken:XRPUSD,2020-06-03T23:35:00Z,0.20384,0.20407,0.20384,0.20407,16738.042
Kraken:XRPUSD,2020-06-03T23:36:00Z,0.20417,0.20417,0.20417,0.20417,3E+1
Kraken:XRPUSD,2020-06-03T23:38:00Z,0.20411,0.20411,0.20411,0.20411,131
Kraken:XRPUSD,2020-06-03T23:40:00Z,0.20401,0.20417,0.20401,0.20417,17804.99600721
Kraken:XRPUSD,2020-06-03T23:41:00Z,0.20459,0.20463,0.20435,0.20435,12614.22427819
Kraken:XRPUSD,2020-06-03T23:44:00Z,0.20387,0.20387,0.20387,0.20387,1E+3
Kraken:XRPUSD,2020-06-03T23:45:00Z,0.20362,0.20385,0.20362,0.20382,4961.54113495
Kraken:XRPUSD,2020-06-03T23:47:00Z,0.20379,0.2038,0.20363,0.20368,3061.788
Kraken:XRPUSD,2020-06-03T23:48:00Z,0.20388,0.20388,0.20387,0.20387,5057.818
Kraken:XRPUSD,2020-06-03T23:51:00Z,0.20387,0.20407,0.20387,0.20396,22533.373
Kraken:XRPUSD,2020-06-03T23:53:00Z,0.20406,0.20406,0.20406,0.20406,5E+3
Kraken:XRPUSD,2020-06-03T23:55:00Z,0.20404,0.20404,0.20404,0.20404,562.899
Kraken:XRPUSD,2020-06-03T23:57:00Z,0.2042,0.20422,0.2042,0.20422,2.5E+3
Kraken:XRPUSD,2020-06-03T23:58:00Z,0.2041,0.2041,0.2041,0.2041,927.132
Kraken:XRPUSD,2020-06-03T23:59:00Z,0.20403,0.20403,0.20403,0.20403,1084.276
