Kraken:XRPUSD,2024-02-21T00:00:00Z,0.56283,0.56283,0.56242,0.56259,1947.801326
Kraken:XRPUSD,2024-02-21T00:01:00Z,0.56198,0.56201,0.56184,0.56201,2102.15038974
Kraken:XRPUSD,2024-02-21T00:02:00Z,0.56192,0.56192,0.56192,0.56192,43.33
Kraken:XRPUSD,2024-02-21T00:04:00Z,0.56232,0.56241,0.56232,0.56241,2116.12853019
Kraken:XRPUSD,2024-02-21T00:07:00Z,0.56192,0.56192,0.56192,0.56192,1386.8084246
Kraken:XRPUSD,2024-02-21T00:08:00Z,0.56202,0.56226,0.56202,0.56226,67.83659719
Kraken:XRPUSD,2024-02-21T00:09:00Z,0.56233,0.56233,0.56233,0.56233,168
Kraken:XRPUSD,2024-02-21T00:10:00Z,0.56237,0.56295,0.56237,0.56295,2625.92241371
Kraken:XRPUSD,2024-02-21T00:12:00Z,0.56271,0.56271,0.56271,0.56271,1828.65117021
Kraken:XRPUSD,2024-02-21T00:13:00Z,0.56209,0.56209,0.56209,0.56209,1571.30346861
Kraken:XRPUSD,2024-02-21T00:14:00Z,0.56208,0.56223,0.56207,0.56223,2526.008842
Kraken:XRPUSD,2024-02-21T00:15:00Z,0.56254,0.56254,0.56254,0.56254,52.44347
Kraken:XRPUSD,2024-02-21T00:16:00Z,0.56293,0.56293,0.56288,0.56288,3582.9911738
Kraken:XRPUSD,2024-02-21T00:17:00Z,0.56201,0.56201,0.56184,0.56196,4488.97459499
Kraken:XRPUSD,2024-02-21T00:18:00Z,0.56196,0.56196,0.56145,0.56145,1804.70258
Kraken:XRPUSD,2024-02-21T00:19:00Z,0.56144,0.56144,0.56141,0.56143,8504.31556646
Kraken:XRPUSD,2024-02-21T00:20:00Z,0.56177,0.56177,0.56177,0.56177,72.46701
Kraken:XRPUSD,2024-02-21T00:21:00Z,0.56153,0.56159,0.56123,0.56123,4195.22427646
Kraken:XRPUSD,2024-02-21T00:22:00Z,0.56124,0.56124,0.56124,0.56124,101.6373
Kraken:XRPUSD,2024-02-21T00:23:00Z,0.56124,0.56124,0.56124,0.56124,1028.13042559
Kraken:XRPUSD,2024-02-21T00:24:00Z,0.56124,0.56124,0.56124,0.56124,98.5588
Kraken:XRPUSD,2024-02-21T00:25:00Z,0.56124,0.56158,0.56124,0.56148,5735.24709119
Kraken:XRPUSD,2024-02-21T00:26:00Z,0.56156,0.56156,0.56154,0.56154,1783.37786698
Kraken:XRPUSD,2024-02-21T00:27:00Z,0.56124,0.56124,0.56107,0.56107,10550.90303781
Kraken:XRPUSD,2024-02-21T00:28:00Z,0.56121,0.56142,0.56121,0.56142,690.39617673
Kraken:XRPUSD,2024-02-21T00:29:00Z,0.5613,0.5613,0.56107,0.56107,182.78917
Kraken:XRPUSD,2024-02-21T00:30:00Z,0.56129,0.56129,0.56129,0.56129,2274.73175178
Kraken:XRPUSD,2024-02-21T00:31:00Z,0.561,0.561,0.56043,0.56043,3180.32703502
Kraken:XRPUSD,2024-02-21T00:32:00Z,0.56052,0.56052,0.56052,0.56052,16.46928
Kraken:XRPUSD,2024-02-21T00:33:00Z,0.56027,0.56027,0.56,0.56,10061.65470257
Kraken:XRPUSD,2024-02-21T00:34:00Z,0.56023,0.56023,0.56023,0.56023,82.94942
Kraken:XRPUSD,2024-02-21T00:35:00Z,0.56029,0.56038,0.56029,0.56038,89.26021137
Kraken:XRPUSD,2024-02-21T00:36:00Z,0.56045,0.56045,0.56035,0.56035,2377.85467
Kraken:XRPUSD,2024-02-21T00:37:00Z,0.56014,0.56014,0.56,0.56001,7372.56305241
Kraken:XRPUSD,2024-02-21T00:38:00Z,0.56,0.56006,0.56,0.56006,449.01915
Kraken:XRPUSD,2024-02-21T00:40:00Z,0.56008,0.56008,0.56008,0.56008,42.84
Kraken:XRPUSD,2024-02-21T00:41:00Z,0.56,0.56001,0.56,0.56,52878.86516536
Kraken:XRPUSD,2024-02-21T00:42:00Z,0.56,0.56,0.56,0.56,38975.29751033
Kraken:XRPUSD,2024-02-21T00:43:00Z,0.56,0.56,0.55922,0.55922,26681.12380778
Kraken:XRPUSD,2024-02-21T00:44:00Z,0.55923,0.55923,0.55923,0.55923,140.10249
Kraken:XRPUSD,2024-02-21T00:45:00Z,0.55923,0.55923,0.55901,0.55901,1660.422
Kraken:XRPUSD,2024-02-21T00:46:00Z,0.55941,0.55941,0.55941,0.55941,5E+1
Kraken:XRPUSD,2024-02-21T00:47:00Z,0.55901,0.55901,0.55892,0.55892,6209.14581693
Kraken:XRPUSD,2024-02-21T00:48:00Z,0.55891,0.55891,0.55804,0.55804,1019.38265786
Kraken:XRPUSD,2024-02-21T00:49:00Z,0.55866,0.55866,0.55855,0.55855,271.789855
Kraken:XRPUSD,2024-02-21T00:50:00Z,0.55784,0.55784,0.55745,0.55745,200.66765395
Kraken:XRPUSD,2024-02-21T00:51:00Z,0.55738,0.55739,0.55738,0.55739,8534.755135
Kraken:XRPUSD,2024-02-21T00:52:00Z,0.55785,0.55785,0.55727,0.55727,39708.109994
Kraken:XRPUSD,2024-02-21T00:54:00Z,0.55743,0.55745,0.55723,0.55723,12468.17156612
Kraken:XRPUSD,2024-02-21T00:55:00Z,0.55724,0.55724,0.55723,0.55724,643.66309483
Kraken:XRPUSD,2024-02-21T00:56:00Z,0.55738,0.55755,0.55738,0.55755,8970.54074419
Kraken:XRPUSD,2024-02-21T00:57:00Z,0.55819,0.55846,0.55819,0.55846,313.39462212
Kraken:XRPUSD,2024-02-21T00:58:00Z,0.55837,0.55837,0.55837,0.55837,100.73424068
Kraken:XRPUSD,2024-02-21T00:59:00Z,0.55782,0.55794,0.55782,0.5579,1037.6051
Kraken:XRPUSD,2024-02-21T01:00:00Z,0.55768,0.55768,0.55768,0.55768,266.79914123
Kraken:XRPUSD,2024-02-21T01:02:00Z,0.55727,0.55727,0.55727,0.55727,1E+2
Kraken:XRPUSD,2024-02-21T01:03:00Z,0.55724,0.55724,0.55723,0.55724,9720.18249
Kraken:XRPUSD,2024-02-21T01:05:00Z,0.55795,0.55795,0.55795,0.55795,420.27344997
Kraken:XRPUSD,2024-02-21T01:06:00Z,0.55806,0.55806,0.55806,0.55806,346
Kraken:XRPUSD,2024-02-21T01:07:00Z,0.55807,0.55807,0.55807,0.55807,733.69809992
Kraken:XRPUSD,2024-02-21T01:08:00Z,0.55824,0.55824,0.55824,0.55824,33.03001
Kraken:XRPUSD,2024-02-21T01:09:00Z,0.55825,0.55837,0.55821,0.55837,10536.67027786
Kraken:XRPUSD,2024-02-21T01:10:00Z,0.5583,0.55861,0.55829,0.55861,6475
Kraken:XRPUSD,2024-02-21T01:11:00Z,0.5586,0.55862,0.55851,0.55862,5609.25186
Kraken:XRPUSD,2024-02-21T01:12:00Z,0.55879,0.55879,0.55852,0.55852,5668.28308565
Kraken:XRPUSD,2024-02-21T01:13:00Z,0.55884,0.55884,0.55869,0.55869,119.32257
Kraken:XRPUSD,2024-02-21T01:14:00Z,0.55857,0.55857,0.55831,0.55831,312.87759686
Kraken:XRPUSD,2024-02-21T01:15:00Z,0.55835,0.55835,0.55823,0.55823,637.3570286
Kraken:XRPUSD,2024-02-21T01:16:00Z,0.55829,0.55829,0.55828,0.55828,310.88139616
Kraken:XRPUSD,2024-02-21T01:17:00Z,0.55814,0.55814,0.55814,0.55814,1E+2
Kraken:XRPUSD,2024-02-21T01:18:00Z,0.55839,0.55839,0.55833,0.55833,2E+4
Kraken:XRPUSD,2024-02-21T01:19:00Z,0.55832,0.55832,0.55784,0.55784,3167.80451353
Kraken:XRPUSD,2024-02-21T01:20:00Z,0.55775,0.55775,0.55775,0.55775,111.40444077
Kraken:XRPUSD,2024-02-21T01:21:00Z,0.55767,0.55768,0.55758,0.55758,532.46478426
Kraken:XRPUSD,2024-02-21T01:23:00Z,0.55723,0.55723,0.55723,0.55723,487.64992681
Kraken:XRPUSD,2024-02-21T01:24:00Z,0.55723,0.55774,0.55723,0.55774,3152.35006319
Kraken:XRPUSD,2024-02-21T01:25:00Z,0.55769,0.55769,0.55769,0.55769,19.71891581
Kraken:XRPUSD,2024-02-21T01:28:00Z,0.55741,0.55745,0.55741,0.55745,561.31839
Kraken:XRPUSD,2024-02-21T01:30:00Z,0.55748,0.5575,0.55748,0.5575,90.59745
Kraken:XRPUSD,2024-02-21T01:32:00Z,0.55768,0.55778,0.55768,0.55778,3152.12197
Kraken:XRPUSD,2024-02-21T01:33:00Z,0.55751,0.55751,0.5575,0.5575,463.95
Kraken:XRPUSD,2024-02-21T01:34:00Z,0.55745,0.55745,0.55729,0.5573,3076.78768068
Kraken:XRPUSD,2024-02-21T01:35:00Z,0.55723,0.55728,0.55717,0.55728,1639.80027272
Kraken:XRPUSD,2024-02-21T01:37:00Z,0.55777,0.55777,0.55777,0.55777,1.5E+3
Kraken:XRPUSD,2024-02-21T01:38:00Z,0.55766,0.55766,0.55723,0.55729,1376.69919
Kraken:XRPUSD,2024-02-21T01:39:00Z,0.55781,0.55781,0.55781,0.55781,500.350206
Kraken:XRPUSD,2024-02-21T01:40:00Z,0.55755,0.55764,0.55755,0.55764,357.66369047
Kraken:XRPUSD,2024-02-21T01:41:00Z,0.55793,0.55793,0.55743,0.55743,57.8503
Kraken:XRPUSD,2024-02-21T01:42:00Z,0.55794,0.55794,0.55794,0.55794,312.66469
Kraken:XRPUSD,2024-02-21T01:43:00Z,0.55773,0.55773,0.55773,0.55773,906.07443
Kraken:XRPUSD,2024-02-21T01:44:00Z,0.5575,0.5575,0.55749,0.55749,45
Kraken:XRPUSD,2024-02-21T01:45:00Z,0.55759,0.55759,0.55759,0.55759,28.402367
Kraken:XRPUSD,2024-02-21T01:46:00Z,0.55745,0.55745,0.55696,0.55696,6574.34161526
Kraken:XRPUSD,2024-02-21T01:47:00Z,0.55666,0.55666,0.55638,0.55638,1209.67615081
Kraken:XRPUSD,2024-02-21T01:48:00Z,0.55692,0.55692,0.55678,0.55678,298.7617
Kraken:XRPUSD,2024-02-21T01:50:00Z,0.55723,0.55727,0.55723,0.55727,826.0641571
Kraken:XRPUSD,2024-02-21T01:51:00Z,0.55698,0.55698,0.55698,0.55698,61.32
Kraken:XRPUSD,2024-02-21T01:52:00Z,0.55729,0.5574,0.55722,0.55722,734.77345836
Kraken:XRPUSD,2024-02-21T01:53:00Z,0.55711,0.55711,0.55711,0.55711,168.396918
Kraken:XRPUSD,2024-02-21T01:55:00Z,0.55735,0.55737,0.55735,0.55737,691.584508
Kraken:XRPUSD,2024-02-21T01:56:00Z,0.55728,0.55728,0.55728,0.55728,1297.10574
Kraken:XRPUSD,2024-02-21T01:57:00Z,0.55718,0.55718,0.55718,0.55718,321.603082
Kraken:XRPUSD,2024-02-21T01:58:00Z,0.55737,0.55737,0.55737,0.55737,13.77961234
Kraken:XRPUSD,2024-02-21T02:00:00Z,0.55739,0.55739,0.55739,0.55739,26.51344
Kraken:XRPUSD,2024-02-21T02:01:00Z,0.55748,0.55791,0.55748,0.55791,928.28324
Kraken:XRPUSD,2024-02-21T02:02:00Z,0.55807,0.55807,0.55777,0.55802,2321.533627
Kraken:XRPUSD,2024-02-21T02:04:00Z,0.55806,0.55806,0.55806,0.55806,542.986369
Kraken:XRPUSD,2024-02-21T02:05:00Z,0.5581,0.55814,0.5581,0.55814,51.144176
Kraken:XRPUSD,2024-02-21T02:06:00Z,0.55801,0.55804,0.55801,0.55804,379.86048
Kraken:XRPUSD,2024-02-21T02:07:00Z,0.55833,0.55833,0.55832,0.55832,1055.83939069
Kraken:XRPUSD,2024-02-21T02:08:00Z,0.55826,0.55837,0.558,0.558,2241.41622855
Kraken:XRPUSD,2024-02-21T02:10:00Z,0.558,0.558,0.558,0.558,53.72781
Kraken:XRPUSD,2024-02-21T02:11:00Z,0.558,0.558,0.55711,0.55711,587.05095767
Kraken:XRPUSD,2024-02-21T02:12:00Z,0.55724,0.55724,0.55724,0.55724,5.53
Kraken:XRPUSD,2024-02-21T02:14:00Z,0.55721,0.55721,0.55721,0.55721,2423.17633543
Kraken:XRPUSD,2024-02-21T02:17:00Z,0.55774,0.55774,0.55774,0.55774,74.26142
Kraken:XRPUSD,2024-02-21T02:19:00Z,0.55768,0.55768,0.55768,0.55768,24.54438
Kraken:XRPUSD,2024-02-21T02:20:00Z,0.55791,0.55791,0.55765,0.55765,58.13957233
Kraken:XRPUSD,2024-02-21T02:23:00Z,0.55712,0.55712,0.55711,0.55711,524.93383262
Kraken:XRPUSD,2024-02-21T02:24:00Z,0.55671,0.55671,0.55671,0.55671,260.95425
Kraken:XRPUSD,2024-02-21T02:25:00Z,0.55703,0.55703,0.55703,0.55703,83.2463
Kraken:XRPUSD,2024-02-21T02:26:00Z,0.55659,0.5571,0.55659,0.5569,1036.63600105
Kraken:XRPUSD,2024-02-21T02:27:00Z,0.55679,0.55679,0.55679,0.55679,62.03122865
Kraken:XRPUSD,2024-02-21T02:29:00Z,0.55687,0.55687,0.55687,0.55687,89.26166782
Kraken:XRPUSD,2024-02-21T02:30:00Z,0.55698,0.55698,0.55698,0.55698,712.24183
Kraken:XRPUSD,2024-02-21T02:31:00Z,0.55723,0.55723,0.55722,0.55722,465.534462
Kraken:XRPUSD,2024-02-21T02:32:00Z,0.55702,0.55703,0.55702,0.55703,1564.74147
Kraken:XRPUSD,2024-02-21T02:33:00Z,0.55666,0.55666,0.55666,0.55666,1128.89
Kraken:XRPUSD,2024-02-21T02:36:00Z,0.55794,0.55794,0.55793,0.55793,55.3618
Kraken:XRPUSD,2024-02-21T02:37:00Z,0.55781,0.55781,0.55781,0.55781,347.1533
Kraken:XRPUSD,2024-02-21T02:39:00Z,0.55769,0.55769,0.55769,0.55769,25.5492
Kraken:XRPUSD,2024-02-21T02:40:00Z,0.55761,0.55761,0.55761,0.55761,9.6E+2
Kraken:XRPUSD,2024-02-21T02:43:00Z,0.558,0.558,0.55772,0.55772,520.71363
Kraken:XRPUSD,2024-02-21T02:46:00Z,0.55746,0.55746,0.55746,0.55746,130.41669656
Kraken:XRPUSD,2024-02-21T02:47:00Z,0.55746,0.55746,0.55746,0.55746,147.33958
Kraken:XRPUSD,2024-02-21T02:48:00Z,0.55745,0.55745,0.55699,0.55732,1601.59671859
Kraken:XRPUSD,2024-02-21T02:55:00Z,0.55722,0.55722,0.55722,0.55722,258.15036327
Kraken:XRPUSD,2024-02-21T02:56:00Z,0.55763,0.55763,0.55763,0.55763,5E+3
Kraken:XRPUSD,2024-02-21T02:58:00Z,0.55695,0.55695,0.55695,0.55695,94.32
Kraken:XRPUSD,2024-02-21T02:59:00Z,0.557,0.557,0.55683,0.55683,136.4905737
Kraken:XRPUSD,2024-02-21T03:01:00Z,0.55692,0.55731,0.55684,0.55731,25886.67047962
Kraken:XRPUSD,2024-02-21T03:02:00Z,0.5573,0.5573,0.5573,0.5573,215.42
Kraken:XRPUSD,2024-02-21T03:03:00Z,0.55776,0.55776,0.55754,0.55764,4543.76639
Kraken:XRPUSD,2024-02-21T03:04:00Z,0.55738,0.55738,0.55738,0.55738,203.65741
Kraken:XRPUSD,2024-02-21T03:12:00Z,0.55756,0.55756,0.55742,0.55742,201
Kraken:XRPUSD,2024-02-21T03:17:00Z,0.55808,0.55808,0.55808,0.55808,5214.43819318
Kraken:XRPUSD,2024-02-21T03:18:00Z,0.55808,0.55808,0.55808,0.55808,83.2779
Kraken:XRPUSD,2024-02-21T03:19:00Z,0.55809,0.55813,0.55808,0.55813,874.37104
Kraken:XRPUSD,2024-02-21T03:20:00Z,0.5582,0.5582,0.55803,0.55803,133.106432
Kraken:XRPUSD,2024-02-21T03:21:00Z,0.55815,0.55815,0.55815,0.55815,43.003046
Kraken:XRPUSD,2024-02-21T03:25:00Z,0.5582,0.5582,0.5582,0.5582,1072.5546355
Kraken:XRPUSD,2024-02-21T03:26:00Z,0.5582,0.55847,0.5582,0.55847,1482.05690409
Kraken:XRPUSD,2024-02-21T03:28:00Z,0.55896,0.55908,0.55896,0.55908,3956.05473495
Kraken:XRPUSD,2024-02-21T03:29:00Z,0.55898,0.55901,0.55865,0.55865,69.03523797
Kraken:XRPUSD,2024-02-21T03:30:00Z,0.55911,0.55922,0.55905,0.55905,7298.23443244
Kraken:XRPUSD,2024-02-21T03:31:00Z,0.55891,0.55891,0.55891,0.55891,361.05349
Kraken:XRPUSD,2024-02-21T03:32:00Z,0.55863,0.55873,0.55863,0.55873,315.73047268
Kraken:XRPUSD,2024-02-21T03:33:00Z,0.559,0.55907,0.559,0.55907,3221.51426874
Kraken:XRPUSD,2024-02-21T03:34:00Z,0.55888,0.55888,0.55888,0.55888,29.360743
Kraken:XRPUSD,2024-02-21T03:35:00Z,0.55888,0.55912,0.55888,0.55912,609.2982
Kraken:XRPUSD,2024-02-21T03:37:00Z,0.55901,0.55901,0.55901,0.55901,1E+1
Kraken:XRPUSD,2024-02-21T03:39:00Z,0.559,0.55905,0.559,0.55905,2031.7234
Kraken:XRPUSD,2024-02-21T03:44:00Z,0.55873,0.55874,0.55873,0.55874,172.47385
Kraken:XRPUSD,2024-02-21T03:45:00Z,0.55897,0.55919,0.55897,0.55919,155.17617
Kraken:XRPUSD,2024-02-21T03:46:00Z,0.55917,0.55917,0.55917,0.55917,337.74207
Kraken:XRPUSD,2024-02-21T03:47:00Z,0.559,0.559,0.559,0.559,39.98908765
Kraken:XRPUSD,2024-02-21T03:48:00Z,0.55904,0.55904,0.55904,0.55904,91.26517
Kraken:XRPUSD,2024-02-21T03:51:00Z,0.55923,0.55969,0.55923,0.55969,552.70758559
Kraken:XRPUSD,2024-02-21T03:52:00Z,0.55943,0.55943,0.55943,0.55943,2.5E+2
Kraken:XRPUSD,2024-02-21T03:56:00Z,0.55886,0.55886,0.55886,0.55886,36.85598982
Kraken:XRPUSD,2024-02-21T04:03:00Z,0.55911,0.55911,0.55908,0.55908,609.89408
Kraken:XRPUSD,2024-02-21T04:06:00Z,0.55889,0.55889,0.55889,0.55889,44.7315214
Kraken:XRPUSD,2024-02-21T04:08:00Z,0.55853,0.55853,0.55853,0.55853,44.76676515
Kraken:XRPUSD,2024-02-21T04:09:00Z,0.55844,0.55844,0.55844,0.55844,474.3006
Kraken:XRPUSD,2024-02-21T04:10:00Z,0.55844,0.55844,0.55844,0.55844,240.75124125
Kraken:XRPUSD,2024-02-21T04:11:00Z,0.55798,0.55815,0.55795,0.55815,16770.50005
Kraken:XRPUSD,2024-02-21T04:12:00Z,0.55813,0.55813,0.55813,0.55813,300.83612
Kraken:XRPUSD,2024-02-21T04:14:00Z,0.55792,0.55796,0.55792,0.55796,3164.20742715
Kraken:XRPUSD,2024-02-21T04:16:00Z,0.55772,0.55775,0.55758,0.55758,208.88789401
Kraken:XRPUSD,2024-02-21T04:17:00Z,0.55756,0.55756,0.55744,0.55754,176.92585234
Kraken:XRPUSD,2024-02-21T04:18:00Z,0.55753,0.55753,0.55753,0.55753,1E+1
Kraken:XRPUSD,2024-02-21T04:20:00Z,0.55758,0.55763,0.55758,0.5576,1135.47293
Kraken:XRPUSD,2024-02-21T04:22:00Z,0.55737,0.55737,0.55737,0.55737,879.12876545
Kraken:XRPUSD,2024-02-21T04:26:00Z,0.55757,0.55757,0.55748,0.55748,1976.53352579
Kraken:XRPUSD,2024-02-21T04:27:00Z,0.55738,0.55738,0.55738,0.55738,52.22309
Kraken:XRPUSD,2024-02-21T04:28:00Z,0.55742,0.55742,0.55739,0.55739,712.84614
Kraken:XRPUSD,2024-02-21T04:29:00Z,0.55737,0.55737,0.55737,0.55737,1794.14007589
Kraken:XRPUSD,2024-02-21T04:30:00Z,0.55663,0.55663,0.55663,0.55663,19.3665451
Kraken:XRPUSD,2024-02-21T04:31:00Z,0.5563,0.5563,0.55613,0.55614,324.35758278
Kraken:XRPUSD,2024-02-21T04:32:00Z,0.55614,0.55614,0.55596,0.55596,15453.26731655
Kraken:XRPUSD,2024-02-21T04:33:00Z,0.5557,0.5557,0.55505,0.55505,5140.56378831
Kraken:XRPUSD,2024-02-21T04:34:00Z,0.55528,0.55528,0.55528,0.55528,562.126
Kraken:XRPUSD,2024-02-21T04:35:00Z,0.55571,0.55571,0.55528,0.55529,4696
Kraken:XRPUSD,2024-02-21T04:36:00Z,0.55507,0.55507,0.55507,0.55507,2785.42917604
Kraken:XRPUSD,2024-02-21T04:37:00Z,0.55499,0.55526,0.55499,0.55526,485.789273
Kraken:XRPUSD,2024-02-21T04:38:00Z,0.55551,0.55552,0.55551,0.55552,281.201581
Kraken:XRPUSD,2024-02-21T04:39:00Z,0.55584,0.55584,0.55564,0.55564,250.603363
Kraken:XRPUSD,2024-02-21T04:40:00Z,0.55575,0.55575,0.55575,0.55575,153.13693
Kraken:XRPUSD,2024-02-21T04:41:00Z,0.55578,0.55578,0.55578,0.55578,215.90888644
Kraken:XRPUSD,2024-02-21T04:42:00Z,0.55589,0.55589,0.55589,0.55589,1E+3
Kraken:XRPUSD,2024-02-21T04:43:00Z,0.55604,0.55604,0.55581,0.55597,2276.69750481
Kraken:XRPUSD,2024-02-21T04:44:00Z,0.55576,0.55581,0.55576,0.55581,2949.32218
Kraken:XRPUSD,2024-02-21T04:46:00Z,0.55591,0.55591,0.55591,0.55591,1E+3
Kraken:XRPUSD,2024-02-21T04:47:00Z,0.55587,0.55587,0.55587,0.55587,4450.32649
Kraken:XRPUSD,2024-02-21T04:48:00Z,0.55607,0.55616,0.556,0.55605,61126.06886681
Kraken:XRPUSD,2024-02-21T04:50:00Z,0.55586,0.55586,0.55586,0.55586,40.49706
Kraken:XRPUSD,2024-02-21T04:53:00Z,0.5552,0.5552,0.55519,0.5552,1850.31603
Kraken:XRPUSD,2024-02-21T04:54:00Z,0.5552,0.5552,0.55499,0.55499,5373.43506587
Kraken:XRPUSD,2024-02-21T04:55:00Z,0.55492,0.55492,0.55447,0.55447,2700.88188303
Kraken:XRPUSD,2024-02-21T04:56:00Z,0.55446,0.55446,0.55446,0.55446,178.02638329
Kraken:XRPUSD,2024-02-21T04:57:00Z,0.55447,0.55465,0.55447,0.55465,8716.14941
Kraken:XRPUSD,2024-02-21T05:00:00Z,0.55468,0.55468,0.55467,0.55467,473.9184452
Kraken:XRPUSD,2024-02-21T05:01:00Z,0.55515,0.55515,0.55515,0.55515,45.03530768
Kraken:XRPUSD,2024-02-21T05:05:00Z,0.55519,0.55547,0.55519,0.55547,2214.50336964
Kraken:XRPUSD,2024-02-21T05:07:00Z,0.55627,0.55645,0.55627,0.55645,747.2011108
Kraken:XRPUSD,2024-02-21T05:08:00Z,0.55606,0.55606,0.55606,0.55606,17983.63005063
Kraken:XRPUSD,2024-02-21T05:09:00Z,0.55615,0.55615,0.55604,0.55604,2.7E+4
Kraken:XRPUSD,2024-02-21T05:10:00Z,0.55627,0.5563,0.55613,0.55613,15278.02130389
Kraken:XRPUSD,2024-02-21T05:11:00Z,0.5562,0.5562,0.5562,0.5562,17.98785
Kraken:XRPUSD,2024-02-21T05:13:00Z,0.55613,0.55613,0.55613,0.55613,199.75
Kraken:XRPUSD,2024-02-21T05:14:00Z,0.55622,0.55634,0.55622,0.55634,137.28180167
Kraken:XRPUSD,2024-02-21T05:16:00Z,0.55606,0.55606,0.55606,0.55606,33.17436
Kraken:XRPUSD,2024-02-21T05:18:00Z,0.55603,0.55603,0.55555,0.55555,3170.99324395
Kraken:XRPUSD,2024-02-21T05:19:00Z,0.55503,0.55503,0.55503,0.55503,3087.85566395
Kraken:XRPUSD,2024-02-21T05:20:00Z,0.5547,0.5547,0.5547,0.5547,11
Kraken:XRPUSD,2024-02-21T05:22:00Z,0.55481,0.555,0.55481,0.555,1788.63472064
Kraken:XRPUSD,2024-02-21T05:24:00Z,0.55509,0.55509,0.55509,0.55509,204.57408
Kraken:XRPUSD,2024-02-21T05:26:00Z,0.55495,0.55495,0.55495,0.55495,251.52452
Kraken:XRPUSD,2024-02-21T05:27:00Z,0.55483,0.55483,0.55452,0.55452,77541.88574099
Kraken:XRPUSD,2024-02-21T05:28:00Z,0.55464,0.55464,0.55453,0.55453,153.23924929
Kraken:XRPUSD,2024-02-21T05:31:00Z,0.55504,0.55504,0.55504,0.55504,79.24519
Kraken:XRPUSD,2024-02-21T05:33:00Z,0.5549,0.5549,0.5549,0.5549,38
Kraken:XRPUSD,2024-02-21T05:35:00Z,0.55469,0.55478,0.55468,0.55478,15459.97466769
Kraken:XRPUSD,2024-02-21T05:38:00Z,0.55447,0.55447,0.55447,0.55447,1.05E+3
Kraken:XRPUSD,2024-02-21T05:39:00Z,0.55446,0.55446,0.55371,0.55371,601.404
Kraken:XRPUSD,2024-02-21T05:40:00Z,0.55382,0.55382,0.55372,0.55372,459.58974146
Kraken:XRPUSD,2024-02-21T05:41:00Z,0.55371,0.55371,0.55346,0.55346,818.55758089
Kraken:XRPUSD,2024-02-21T05:43:00Z,0.55346,0.55346,0.55342,0.55342,155.68153074
Kraken:XRPUSD,2024-02-21T05:45:00Z,0.55336,0.55336,0.55335,0.55335,213.09901
Kraken:XRPUSD,2024-02-21T05:46:00Z,0.55335,0.55335,0.55287,0.55287,30313.74938356
Kraken:XRPUSD,2024-02-21T05:47:00Z,0.55306,0.55306,0.55306,0.55306,33.27656
Kraken:XRPUSD,2024-02-21T05:48:00Z,0.55302,0.55303,0.55285,0.55285,350.13672672
Kraken:XRPUSD,2024-02-21T05:49:00Z,0.55313,0.55352,0.55313,0.55352,154.01238644
Kraken:XRPUSD,2024-02-21T05:50:00Z,0.55376,0.5538,0.55359,0.55359,362.89892
Kraken:XRPUSD,2024-02-21T05:51:00Z,0.55359,0.55359,0.55358,0.55358,72.15038845
Kraken:XRPUSD,2024-02-21T05:52:00Z,0.55285,0.55285,0.55236,0.55236,1070.81674665
Kraken:XRPUSD,2024-02-21T05:56:00Z,0.55286,0.55286,0.55286,0.55286,149.3875
Kraken:XRPUSD,2024-02-21T05:57:00Z,0.55279,0.55286,0.55275,0.55284,4668.67778563
Kraken:XRPUSD,2024-02-21T05:58:00Z,0.55286,0.55286,0.55286,0.55286,13.93098502
Kraken:XRPUSD,2024-02-21T05:59:00Z,0.55292,0.55293,0.55267,0.55267,860.57793514
Kraken:XRPUSD,2024-02-21T06:00:00Z,0.55268,0.5527,0.55268,0.5527,2650.03324052
Kraken:XRPUSD,2024-02-21T06:02:00Z,0.55315,0.55315,0.55315,0.55315,3.50185
Kraken:XRPUSD,2024-02-21T06:03:00Z,0.55278,0.55278,0.55278,0.55278,149
Kraken:XRPUSD,2024-02-21T06:04:00Z,0.55277,0.55277,0.55277,0.55277,90.45287948
Kraken:XRPUSD,2024-02-21T06:06:00Z,0.55219,0.55219,0.55177,0.55204,19511.48184162
Kraken:XRPUSD,2024-02-21T06:07:00Z,0.55186,0.55188,0.55186,0.55188,19.60866138
Kraken:XRPUSD,2024-02-21T06:08:00Z,0.55214,0.55214,0.55213,0.55213,226.38775812
Kraken:XRPUSD,2024-02-21T06:09:00Z,0.55176,0.55176,0.55176,0.55176,9.65042
Kraken:XRPUSD,2024-02-21T06:10:00Z,0.55251,0.55251,0.55173,0.55173,8726.02321039
Kraken:XRPUSD,2024-02-21T06:11:00Z,0.55196,0.55204,0.55196,0.55204,42.45651
Kraken:XRPUSD,2024-02-21T06:12:00Z,0.5521,0.5521,0.55194,0.55194,174.40505
Kraken:XRPUSD,2024-02-21T06:13:00Z,0.55205,0.55205,0.55205,0.55205,789.86953
Kraken:XRPUSD,2024-02-21T06:17:00Z,0.55246,0.55246,0.55246,0.55246,63.35300294
Kraken:XRPUSD,2024-02-21T06:18:00Z,0.55246,0.55246,0.55246,0.55246,8.78682
Kraken:XRPUSD,2024-02-21T06:20:00Z,0.55245,0.55245,0.55193,0.55194,247.26173819
Kraken:XRPUSD,2024-02-21T06:22:00Z,0.55194,0.55194,0.55194,0.55194,1653.10632851
Kraken:XRPUSD,2024-02-21T06:24:00Z,0.55194,0.55194,0.55194,0.55194,43.97551
Kraken:XRPUSD,2024-02-21T06:27:00Z,0.55193,0.55193,0.55193,0.55193,2936.39188905
Kraken:XRPUSD,2024-02-21T06:28:00Z,0.55167,0.55167,0.55136,0.55146,1223.09566
Kraken:XRPUSD,2024-02-21T06:29:00Z,0.55143,0.55143,0.55131,0.55131,56508.1828118
Kraken:XRPUSD,2024-02-21T06:32:00Z,0.5513,0.5513,0.5513,0.5513,4E+2
Kraken:XRPUSD,2024-02-21T06:35:00Z,0.55129,0.55129,0.55108,0.55108,361.47878844
Kraken:XRPUSD,2024-02-21T06:36:00Z,0.55106,0.55129,0.55103,0.5511,53391.09779909
Kraken:XRPUSD,2024-02-21T06:38:00Z,0.55109,0.55109,0.55066,0.55066,28525.65990504
Kraken:XRPUSD,2024-02-21T06:39:00Z,0.55062,0.55062,0.55032,0.55032,12021.77933425
Kraken:XRPUSD,2024-02-21T06:41:00Z,0.55088,0.55088,0.5507,0.5507,2E+4
Kraken:XRPUSD,2024-02-21T06:42:00Z,0.55088,0.55088,0.55088,0.55088,181.52444226
Kraken:XRPUSD,2024-02-21T06:43:00Z,0.55097,0.55097,0.55097,0.55097,1884.97648804
Kraken:XRPUSD,2024-02-21T06:45:00Z,0.5509,0.5509,0.5507,0.5507,12596.28270138
Kraken:XRPUSD,2024-02-21T06:46:00Z,0.5507,0.55071,0.55032,0.55032,13423.21728231
Kraken:XRPUSD,2024-02-21T06:47:00Z,0.55033,0.55033,0.55024,0.55024,13693.53514233
Kraken:XRPUSD,2024-02-21T06:48:00Z,0.55016,0.55016,0.5491,0.54914,36925.14196297
Kraken:XRPUSD,2024-02-21T06:49:00Z,0.5492,0.5492,0.54919,0.54919,2.5E+2
Kraken:XRPUSD,2024-02-21T06:50:00Z,0.54901,0.54901,0.54882,0.54882,1285.47115921
Kraken:XRPUSD,2024-02-21T06:52:00Z,0.54921,0.54921,0.54881,0.54899,1975.77329126
Kraken:XRPUSD,2024-02-21T06:54:00Z,0.54933,0.54964,0.54933,0.54964,1722.51266182
Kraken:XRPUSD,2024-02-21T06:55:00Z,0.55001,0.55001,0.55001,0.55001,164.72935675
Kraken:XRPUSD,2024-02-21T06:56:00Z,0.5502,0.5502,0.5502,0.5502,751.00000792
Kraken:XRPUSD,2024-02-21T06:57:00Z,0.55002,0.55002,0.55002,0.55002,89.97108836
Kraken:XRPUSD,2024-02-21T06:58:00Z,0.55046,0.55046,0.55046,0.55046,576.078536
Kraken:XRPUSD,2024-02-21T06:59:00Z,0.55046,0.55046,0.55045,0.55045,131.85181151
Kraken:XRPUSD,2024-02-21T07:00:00Z,0.5499,0.5499,0.54972,0.54972,177.22888292
Kraken:XRPUSD,2024-02-21T07:01:00Z,0.54885,0.54885,0.54885,0.54885,81.98961464
Kraken:XRPUSD,2024-02-21T07:02:00Z,0.54881,0.54881,0.5485,0.5485,10968.808029
Kraken:XRPUSD,2024-02-21T07:03:00Z,0.54851,0.54851,0.548,0.548,2868.50870477
Kraken:XRPUSD,2024-02-21T07:04:00Z,0.54786,0.54786,0.54748,0.54748,1617.88673156
Kraken:XRPUSD,2024-02-21T07:05:00Z,0.5472,0.5472,0.54711,0.54711,12796.31222504
Kraken:XRPUSD,2024-02-21T07:06:00Z,0.5471,0.5471,0.54665,0.54665,3958.1755991
Kraken:XRPUSD,2024-02-21T07:07:00Z,0.54703,0.54703,0.54703,0.54703,91.39497986
Kraken:XRPUSD,2024-02-21T07:08:00Z,0.54665,0.54671,0.5464,0.54671,345.01415877
Kraken:XRPUSD,2024-02-21T07:09:00Z,0.54701,0.54752,0.54701,0.54752,5018
Kraken:XRPUSD,2024-02-21T07:10:00Z,0.54748,0.54748,0.54748,0.54748,55.52410001
Kraken:XRPUSD,2024-02-21T07:11:00Z,0.54769,0.54781,0.54768,0.54781,715.98768
Kraken:XRPUSD,2024-02-21T07:12:00Z,0.54763,0.54763,0.54763,0.54763,15
Kraken:XRPUSD,2024-02-21T07:13:00Z,0.5477,0.5477,0.54753,0.54753,537.96530604
Kraken:XRPUSD,2024-02-21T07:15:00Z,0.5475,0.5475,0.54569,0.54634,134520.03444335
Kraken:XRPUSD,2024-02-21T07:16:00Z,0.54651,0.54651,0.54647,0.54647,4406.2883937
Kraken:XRPUSD,2024-02-21T07:17:00Z,0.54715,0.54721,0.54715,0.54721,924.52246
Kraken:XRPUSD,2024-02-21T07:18:00Z,0.54744,0.54757,0.54743,0.54754,3239.50697823
Kraken:XRPUSD,2024-02-21T07:19:00Z,0.54741,0.54741,0.54741,0.54741,417.136202
Kraken:XRPUSD,2024-02-21T07:20:00Z,0.5474,0.5474,0.54672,0.54672,5724.55101505
Kraken:XRPUSD,2024-02-21T07:21:00Z,0.54653,0.54653,0.54653,0.54653,47
Kraken:XRPUSD,2024-02-21T07:22:00Z,0.54685,0.54723,0.54685,0.54723,1152
Kraken:XRPUSD,2024-02-21T07:23:00Z,0.5476,0.5476,0.54757,0.5476,883.669637
Kraken:XRPUSD,2024-02-21T07:24:00Z,0.54761,0.5479,0.54761,0.5479,211.110981
Kraken:XRPUSD,2024-02-21T07:26:00Z,0.54819,0.54819,0.54806,0.54806,186.951395
Kraken:XRPUSD,2024-02-21T07:27:00Z,0.54819,0.54819,0.54819,0.54819,20.90516061
Kraken:XRPUSD,2024-02-21T07:28:00Z,0.54817,0.54817,0.54817,0.54817,66.20709
Kraken:XRPUSD,2024-02-21T07:30:00Z,0.5483,0.5483,0.54826,0.5483,11676.48268953
Kraken:XRPUSD,2024-02-21T07:31:00Z,0.54798,0.54799,0.54798,0.54799,1038.18525433
Kraken:XRPUSD,2024-02-21T07:33:00Z,0.54777,0.54784,0.54777,0.54779,1815.00441501
Kraken:XRPUSD,2024-02-21T07:34:00Z,0.54788,0.54788,0.54776,0.54776,413.05
Kraken:XRPUSD,2024-02-21T07:36:00Z,0.54752,0.54791,0.54752,0.54791,265
Kraken:XRPUSD,2024-02-21T07:38:00Z,0.54817,0.54817,0.54817,0.54817,27
Kraken:XRPUSD,2024-02-21T07:39:00Z,0.54819,0.5482,0.54805,0.54805,8621.92082086
Kraken:XRPUSD,2024-02-21T07:40:00Z,0.54763,0.54763,0.54761,0.54761,2436.9054167
Kraken:XRPUSD,2024-02-21T07:41:00Z,0.54741,0.54741,0.54741,0.54741,1.8E+3
Kraken:XRPUSD,2024-02-21T07:44:00Z,0.5474,0.5474,0.5473,0.5473,381.45996431
Kraken:XRPUSD,2024-02-21T07:45:00Z,0.54661,0.5469,0.54661,0.54663,3803
Kraken:XRPUSD,2024-02-21T07:46:00Z,0.54688,0.54688,0.54688,0.54688,631.86565248
Kraken:XRPUSD,2024-02-21T07:47:00Z,0.5466,0.5466,0.54627,0.54635,141.33911507
Kraken:XRPUSD,2024-02-21T07:48:00Z,0.54624,0.54624,0.54624,0.54624,1722.635363
Kraken:XRPUSD,2024-02-21T07:49:00Z,0.5464,0.5464,0.5464,0.5464,14.82478
Kraken:XRPUSD,2024-02-21T07:50:00Z,0.54636,0.5469,0.54606,0.5469,14813.99990433
Kraken:XRPUSD,2024-02-21T07:51:00Z,0.54689,0.54689,0.54689,0.54689,15
Kraken:XRPUSD,2024-02-21T07:52:00Z,0.54693,0.54693,0.54681,0.54681,321.0734645
Kraken:XRPUSD,2024-02-21T07:54:00Z,0.54693,0.54722,0.54693,0.54722,970.21249289
Kraken:XRPUSD,2024-02-21T07:55:00Z,0.54723,0.54723,0.54723,0.54723,353.02566
Kraken:XRPUSD,2024-02-21T07:56:00Z,0.54722,0.54722,0.54651,0.54651,5540.15303174
Kraken:XRPUSD,2024-02-21T07:57:00Z,0.54673,0.54673,0.54673,0.54673,1280.80070786
Kraken:XRPUSD,2024-02-21T07:58:00Z,0.54654,0.54697,0.54654,0.54697,2449.17428396
Kraken:XRPUSD,2024-02-21T07:59:00Z,0.54693,0.54694,0.54693,0.54694,1990.42366013
Kraken:XRPUSD,2024-02-21T08:00:00Z,0.54712,0.54712,0.54699,0.54709,1675.71564796
Kraken:XRPUSD,2024-02-21T08:01:00Z,0.54666,0.54666,0.54665,0.54665,2329.59339225
Kraken:XRPUSD,2024-02-21T08:03:00Z,0.5475,0.54774,0.54709,0.54709,2775.49226666
Kraken:XRPUSD,2024-02-21T08:05:00Z,0.54774,0.54809,0.54774,0.54809,1772.18411
Kraken:XRPUSD,2024-02-21T08:06:00Z,0.54782,0.5479,0.54782,0.5479,4912.26089791
Kraken:XRPUSD,2024-02-21T08:07:00Z,0.54809,0.54815,0.54809,0.54813,5780.01447894
Kraken:XRPUSD,2024-02-21T08:08:00Z,0.54812,0.54812,0.54812,0.54812,3865.55841337
Kraken:XRPUSD,2024-02-21T08:09:00Z,0.54844,0.54851,0.54831,0.54831,5900.78644535
Kraken:XRPUSD,2024-02-21T08:10:00Z,0.5483,0.5483,0.54681,0.54692,14909.82360581
Kraken:XRPUSD,2024-02-21T08:11:00Z,0.54616,0.54657,0.54616,0.54657,474.40501308
Kraken:XRPUSD,2024-02-21T08:12:00Z,0.54646,0.54646,0.54645,0.54645,4760.51751427
Kraken:XRPUSD,2024-02-21T08:13:00Z,0.54674,0.54699,0.54623,0.54623,9434.29740953
Kraken:XRPUSD,2024-02-21T08:14:00Z,0.54641,0.54641,0.54573,0.54573,123129.14418882
Kraken:XRPUSD,2024-02-21T08:15:00Z,0.54599,0.54687,0.54597,0.54687,8118.85763264
Kraken:XRPUSD,2024-02-21T08:16:00Z,0.54615,0.54615,0.54587,0.54587,5694.78816451
Kraken:XRPUSD,2024-02-21T08:17:00Z,0.54613,0.54649,0.54613,0.54649,3251.66255921
Kraken:XRPUSD,2024-02-21T08:18:00Z,0.54658,0.54658,0.54636,0.54636,292.69877205
Kraken:XRPUSD,2024-02-21T08:20:00Z,0.54699,0.54699,0.54699,0.54699,732.31236785
Kraken:XRPUSD,2024-02-21T08:21:00Z,0.54773,0.54773,0.54773,0.54773,4.63308
Kraken:XRPUSD,2024-02-21T08:22:00Z,0.54801,0.54812,0.54791,0.54812,3609.73714237
Kraken:XRPUSD,2024-02-21T08:23:00Z,0.54799,0.54799,0.54799,0.54799,1E+2
Kraken:XRPUSD,2024-02-21T08:25:00Z,0.54819,0.54819,0.54799,0.54799,282.29205983
Kraken:XRPUSD,2024-02-21T08:26:00Z,0.54799,0.54799,0.54799,0.54799,18.79596
Kraken:XRPUSD,2024-02-21T08:27:00Z,0.548,0.548,0.548,0.548,852.15651
Kraken:XRPUSD,2024-02-21T08:28:00Z,0.54851,0.54851,0.54851,0.54851,12.77672699
Kraken:XRPUSD,2024-02-21T08:29:00Z,0.54851,0.54851,0.54851,0.54851,172.4331
Kraken:XRPUSD,2024-02-21T08:30:00Z,0.54851,0.54851,0.54851,0.54851,681.55689908
Kraken:XRPUSD,2024-02-21T08:31:00Z,0.54909,0.5492,0.54853,0.54853,2076.67300161
Kraken:XRPUSD,2024-02-21T08:33:00Z,0.54802,0.54802,0.54802,0.54802,2000.31444107
Kraken:XRPUSD,2024-02-21T08:35:00Z,0.54801,0.54806,0.54801,0.54806,4.2E+2
Kraken:XRPUSD,2024-02-21T08:36:00Z,0.54801,0.54801,0.54801,0.54801,18.219958
Kraken:XRPUSD,2024-02-21T08:37:00Z,0.54801,0.54801,0.54799,0.54799,63.839489
Kraken:XRPUSD,2024-02-21T08:39:00Z,0.548,0.548,0.54799,0.54799,15057.49648757
Kraken:XRPUSD,2024-02-21T08:40:00Z,0.548,0.55055,0.548,0.55055,595495.5352485098
Kraken:XRPUSD,2024-02-21T08:42:00Z,0.5495,0.5495,0.5495,0.5495,90.99147956
Kraken:XRPUSD,2024-02-21T08:43:00Z,0.54873,0.54873,0.54873,0.54873,54.22465
Kraken:XRPUSD,2024-02-21T08:44:00Z,0.54871,0.54871,0.54863,0.54863,225.73509206
Kraken:XRPUSD,2024-02-21T08:46:00Z,0.54914,0.54914,0.54914,0.54914,88.17901
Kraken:XRPUSD,2024-02-21T08:47:00Z,0.54901,0.54901,0.54901,0.54901,75
Kraken:XRPUSD,2024-02-21T08:48:00Z,0.54905,0.54905,0.54905,0.54905,26.48008
Kraken:XRPUSD,2024-02-21T08:49:00Z,0.54902,0.54902,0.549,0.549,18784.35441
Kraken:XRPUSD,2024-02-21T08:50:00Z,0.549,0.54909,0.549,0.54909,236.05641
Kraken:XRPUSD,2024-02-21T08:51:00Z,0.54945,0.5495,0.54935,0.5495,49030.26988469
Kraken:XRPUSD,2024-02-21T08:52:00Z,0.54929,0.54929,0.54929,0.54929,3.5E+2
Kraken:XRPUSD,2024-02-21T08:53:00Z,0.54929,0.54932,0.54929,0.54932,56.64595878
Kraken:XRPUSD,2024-02-21T08:54:00Z,0.54932,0.54932,0.54932,0.54932,295.17363
Kraken:XRPUSD,2024-02-21T08:55:00Z,0.54928,0.54928,0.54928,0.54928,91.02759228
Kraken:XRPUSD,2024-02-21T08:56:00Z,0.54899,0.54919,0.54899,0.54912,2147.968
Kraken:XRPUSD,2024-02-21T08:57:00Z,0.54922,0.54922,0.54922,0.54922,199.99948
Kraken:XRPUSD,2024-02-21T08:58:00Z,0.54907,0.54907,0.54907,0.54907,2272.2281785
Kraken:XRPUSD,2024-02-21T08:59:00Z,0.5488,0.5488,0.5488,0.5488,299
Kraken:XRPUSD,2024-02-21T09:00:00Z,0.54917,0.54917,0.54917,0.54917,88.1758
Kraken:XRPUSD,2024-02-21T09:01:00Z,0.54877,0.54877,0.5487,0.5487,179.74936826
Kraken:XRPUSD,2024-02-21T09:03:00Z,0.54869,0.54869,0.54869,0.54869,1000.15422529
Kraken:XRPUSD,2024-02-21T09:04:00Z,0.54869,0.54869,0.54799,0.54799,2496.48464645
Kraken:XRPUSD,2024-02-21T09:05:00Z,0.548,0.548,0.54799,0.54799,400.02539
Kraken:XRPUSD,2024-02-21T09:06:00Z,0.54799,0.54799,0.54696,0.54696,32492.65704005
Kraken:XRPUSD,2024-02-21T09:08:00Z,0.54695,0.54695,0.54677,0.54677,341.02818
Kraken:XRPUSD,2024-02-21T09:09:00Z,0.54657,0.54657,0.54634,0.54634,86.16484586
Kraken:XRPUSD,2024-02-21T09:10:00Z,0.54634,0.54634,0.5459,0.54611,3199.78309875
Kraken:XRPUSD,2024-02-21T09:11:00Z,0.54621,0.54621,0.54609,0.54609,2956.91768978
Kraken:XRPUSD,2024-02-21T09:12:00Z,0.54609,0.5461,0.54609,0.5461,6877.366803
Kraken:XRPUSD,2024-02-21T09:13:00Z,0.54695,0.54768,0.54695,0.54768,151214.86523344
Kraken:XRPUSD,2024-02-21T09:14:00Z,0.54745,0.54745,0.54745,0.54745,229.39196017
Kraken:XRPUSD,2024-02-21T09:15:00Z,0.54749,0.54749,0.54667,0.54667,776.29783983
Kraken:XRPUSD,2024-02-21T09:16:00Z,0.5458,0.54597,0.54563,0.54597,440.31887
Kraken:XRPUSD,2024-02-21T09:17:00Z,0.54572,0.54593,0.54572,0.54593,35.15804981
Kraken:XRPUSD,2024-02-21T09:20:00Z,0.54617,0.54643,0.54611,0.54643,859.39448784
Kraken:XRPUSD,2024-02-21T09:21:00Z,0.54643,0.54643,0.54643,0.54643,35.96758
Kraken:XRPUSD,2024-02-21T09:23:00Z,0.546,0.546,0.546,0.546,36.62990245
Kraken:XRPUSD,2024-02-21T09:25:00Z,0.54583,0.54583,0.54463,0.54464,16529.70864465
Kraken:XRPUSD,2024-02-21T09:26:00Z,0.54464,0.54464,0.54464,0.54464,39.88355688
Kraken:XRPUSD,2024-02-21T09:27:00Z,0.54464,0.54464,0.54409,0.54409,11707.02025491
Kraken:XRPUSD,2024-02-21T09:28:00Z,0.54401,0.54401,0.5423,0.5423,20467.83685377
Kraken:XRPUSD,2024-02-21T09:29:00Z,0.5432,0.5432,0.54224,0.54224,802.00134474
Kraken:XRPUSD,2024-02-21T09:30:00Z,0.54317,0.54365,0.54317,0.54365,829.81773087
Kraken:XRPUSD,2024-02-21T09:31:00Z,0.54336,0.54405,0.54336,0.54404,13926.6888535
Kraken:XRPUSD,2024-02-21T09:32:00Z,0.54404,0.54425,0.54373,0.54373,6221.49456718
Kraken:XRPUSD,2024-02-21T09:33:00Z,0.54393,0.54393,0.54393,0.54393,385
Kraken:XRPUSD,2024-02-21T09:34:00Z,0.54337,0.54337,0.54337,0.54337,1420.5805
Kraken:XRPUSD,2024-02-21T09:35:00Z,0.5433,0.5433,0.54317,0.54317,3094.14119427
Kraken:XRPUSD,2024-02-21T09:37:00Z,0.54366,0.54366,0.5431,0.5432,15502.82523192
Kraken:XRPUSD,2024-02-21T09:39:00Z,0.54222,0.54222,0.54138,0.54187,9989.86886693
Kraken:XRPUSD,2024-02-21T09:40:00Z,0.5417,0.5417,0.54096,0.54096,19008.62144641
Kraken:XRPUSD,2024-02-21T09:41:00Z,0.54096,0.54096,0.53919,0.53919,80969.24890685
Kraken:XRPUSD,2024-02-21T09:42:00Z,0.53914,0.53914,0.53851,0.53914,34781.0430297
Kraken:XRPUSD,2024-02-21T09:43:00Z,0.54038,0.54039,0.54032,0.54038,14989.18177673
Kraken:XRPUSD,2024-02-21T09:44:00Z,0.54039,0.54123,0.54039,0.54123,4747.715195
Kraken:XRPUSD,2024-02-21T09:45:00Z,0.54075,0.54146,0.54075,0.54146,915.49738091
Kraken:XRPUSD,2024-02-21T09:46:00Z,0.54105,0.54105,0.54054,0.54054,11297.97782577
Kraken:XRPUSD,2024-02-21T09:47:00Z,0.54121,0.54121,0.54121,0.54121,2755.3
Kraken:XRPUSD,2024-02-21T09:48:00Z,0.54135,0.54135,0.54135,0.54135,16.76871
Kraken:XRPUSD,2024-02-21T09:50:00Z,0.54177,0.5418,0.54167,0.54167,20152.42068859
Kraken:XRPUSD,2024-02-21T09:51:00Z,0.54175,0.54175,0.54174,0.54174,288.25387306
Kraken:XRPUSD,2024-02-21T09:52:00Z,0.54078,0.54148,0.54078,0.54148,200.57003361
Kraken:XRPUSD,2024-02-21T09:54:00Z,0.5415,0.5415,0.54092,0.54092,5526.04804368
Kraken:XRPUSD,2024-02-21T09:55:00Z,0.54084,0.54084,0.54078,0.54078,2710.45835676
Kraken:XRPUSD,2024-02-21T09:56:00Z,0.54053,0.54053,0.54,0.54,1156.01085528
Kraken:XRPUSD,2024-02-21T09:57:00Z,0.53853,0.53853,0.5385,0.5385,394405.56119689
Kraken:XRPUSD,2024-02-21T09:58:00Z,0.5385,0.53851,0.53631,0.53642,125726.2612354399
Kraken:XRPUSD,2024-02-21T09:59:00Z,0.53674,0.53769,0.53674,0.53768,17492.79476
Kraken:XRPUSD,2024-02-21T10:00:00Z,0.53794,0.53943,0.53793,0.53943,20641.8654541
Kraken:XRPUSD,2024-02-21T10:01:00Z,0.53937,0.53953,0.53932,0.53938,6421.14287781
Kraken:XRPUSD,2024-02-21T10:02:00Z,0.53947,0.53963,0.53942,0.53963,279.329189
Kraken:XRPUSD,2024-02-21T10:03:00Z,0.53945,0.53962,0.53891,0.53902,11631.73429087
Kraken:XRPUSD,2024-02-21T10:04:00Z,0.53885,0.53885,0.53885,0.53885,50.75
Kraken:XRPUSD,2024-02-21T10:05:00Z,0.53888,0.53888,0.53856,0.53856,421.55826
Kraken:XRPUSD,2024-02-21T10:06:00Z,0.53844,0.53844,0.53683,0.53683,16349.79310581
Kraken:XRPUSD,2024-02-21T10:07:00Z,0.53677,0.5368,0.5358,0.5358,32003.4404008
Kraken:XRPUSD,2024-02-21T10:08:00Z,0.53579,0.53579,0.53354,0.53354,207346.0713070298
Kraken:XRPUSD,2024-02-21T10:09:00Z,0.53354,0.53528,0.53259,0.53528,322996.9401148999
Kraken:XRPUSD,2024-02-21T10:10:00Z,0.53587,0.53587,0.53446,0.53446,4420.38337025
Kraken:XRPUSD,2024-02-21T10:11:00Z,0.5341,0.5341,0.5334,0.5334,1707.00774881
Kraken:XRPUSD,2024-02-21T10:12:00Z,0.53346,0.53594,0.53346,0.53594,6682.97076675
Kraken:XRPUSD,2024-02-21T10:13:00Z,0.53561,0.53605,0.53496,0.53496,2424.96484059
Kraken:XRPUSD,2024-02-21T10:14:00Z,0.53596,0.53614,0.53596,0.53614,4718.60682
Kraken:XRPUSD,2024-02-21T10:15:00Z,0.53628,0.53628,0.53589,0.53589,13791.55229413
Kraken:XRPUSD,2024-02-21T10:16:00Z,0.53605,0.53755,0.53605,0.53755,25059.68691693
Kraken:XRPUSD,2024-02-21T10:17:00Z,0.53766,0.538,0.53755,0.53789,45861.50163764
Kraken:XRPUSD,2024-02-21T10:18:00Z,0.53807,0.53849,0.53807,0.53847,19433.29098329
Kraken:XRPUSD,2024-02-21T10:19:00Z,0.53819,0.53839,0.53814,0.53839,4681.09407163
Kraken:XRPUSD,2024-02-21T10:20:00Z,0.53809,0.53809,0.53799,0.53799,258.78446126
Kraken:XRPUSD,2024-02-21T10:21:00Z,0.538,0.538,0.53777,0.53789,143.43209
Kraken:XRPUSD,2024-02-21T10:22:00Z,0.538,0.53849,0.538,0.53849,21038.76508819
Kraken:XRPUSD,2024-02-21T10:23:00Z,0.53848,0.53848,0.53793,0.53793,22470.0049685
Kraken:XRPUSD,2024-02-21T10:24:00Z,0.53849,0.53911,0.53849,0.53889,11224.32918769
Kraken:XRPUSD,2024-02-21T10:25:00Z,0.53913,0.5393,0.53913,0.5393,55564.1706982
Kraken:XRPUSD,2024-02-21T10:26:00Z,0.53911,0.53947,0.53911,0.53943,25695.7514
Kraken:XRPUSD,2024-02-21T10:27:00Z,0.53956,0.53956,0.53956,0.53956,1393
Kraken:XRPUSD,2024-02-21T10:28:00Z,0.53957,0.53957,0.53957,0.53957,350.15675
Kraken:XRPUSD,2024-02-21T10:29:00Z,0.53957,0.54016,0.53957,0.54016,28379.7452761
Kraken:XRPUSD,2024-02-21T10:32:00Z,0.53957,0.53957,0.53957,0.53957,14.26035
Kraken:XRPUSD,2024-02-21T10:33:00Z,0.53962,0.5404,0.53962,0.5404,26944.52072497
Kraken:XRPUSD,2024-02-21T10:34:00Z,0.53994,0.53994,0.53994,0.53994,89.68802
Kraken:XRPUSD,2024-02-21T10:35:00Z,0.54004,0.54004,0.53957,0.53957,10822.59521148
Kraken:XRPUSD,2024-02-21T10:37:00Z,0.5398,0.5398,0.5398,0.5398,841.69444444
Kraken:XRPUSD,2024-02-21T10:38:00Z,0.53973,0.53973,0.53973,0.53973,39
Kraken:XRPUSD,2024-02-21T10:39:00Z,0.53969,0.53979,0.53969,0.53979,19652.53797702
Kraken:XRPUSD,2024-02-21T10:40:00Z,0.53963,0.53963,0.53905,0.5392,2776.83406193
Kraken:XRPUSD,2024-02-21T10:42:00Z,0.5398,0.5398,0.5398,0.5398,6843.03359156
Kraken:XRPUSD,2024-02-21T10:43:00Z,0.54003,0.54003,0.54002,0.54002,36.31543
Kraken:XRPUSD,2024-02-21T10:44:00Z,0.53952,0.5396,0.53952,0.5396,623.87267
Kraken:XRPUSD,2024-02-21T10:45:00Z,0.53967,0.5397,0.53967,0.5397,28.97379
Kraken:XRPUSD,2024-02-21T10:47:00Z,0.53983,0.53983,0.53983,0.53983,1832.70019
Kraken:XRPUSD,2024-02-21T10:48:00Z,0.54033,0.54033,0.54032,0.54033,5349.53760964
Kraken:XRPUSD,2024-02-21T10:49:00Z,0.5407,0.54121,0.5407,0.54121,649.77364
Kraken:XRPUSD,2024-02-21T10:50:00Z,0.54134,0.54134,0.541,0.541,15029.93592311
Kraken:XRPUSD,2024-02-21T10:51:00Z,0.5414,0.5414,0.5414,0.5414,184.69267139
Kraken:XRPUSD,2024-02-21T10:53:00Z,0.54144,0.5415,0.54144,0.5415,2882.13825418
Kraken:XRPUSD,2024-02-21T10:55:00Z,0.54149,0.5415,0.54047,0.54048,66856.15110028
Kraken:XRPUSD,2024-02-21T10:56:00Z,0.54141,0.54141,0.54141,0.54141,1986.42256
Kraken:XRPUSD,2024-02-21T10:57:00Z,0.54096,0.54098,0.5409,0.5409,4273.00035137
Kraken:XRPUSD,2024-02-21T10:58:00Z,0.54077,0.54103,0.54077,0.54103,1244.09767
Kraken:XRPUSD,2024-02-21T11:00:00Z,0.54145,0.54145,0.54142,0.54142,125.04188
Kraken:XRPUSD,2024-02-21T11:01:00Z,0.54143,0.54143,0.54141,0.54141,28.04754
Kraken:XRPUSD,2024-02-21T11:02:00Z,0.54143,0.54164,0.54143,0.54164,67103.26947511
Kraken:XRPUSD,2024-02-21T11:03:00Z,0.54159,0.5416,0.54158,0.54159,4469.49007759
Kraken:XRPUSD,2024-02-21T11:04:00Z,0.5416,0.54238,0.5416,0.54238,3742.19563094
Kraken:XRPUSD,2024-02-21T11:05:00Z,0.54242,0.54242,0.54242,0.54242,11
Kraken:XRPUSD,2024-02-21T11:06:00Z,0.54195,0.543,0.54192,0.543,418183.03935725
Kraken:XRPUSD,2024-02-21T11:07:00Z,0.543,0.54301,0.543,0.543,80153.921919
Kraken:XRPUSD,2024-02-21T11:08:00Z,0.54309,0.54309,0.543,0.543,547.8641131
Kraken:XRPUSD,2024-02-21T11:09:00Z,0.543,0.543,0.543,0.543,103519.0502396
Kraken:XRPUSD,2024-02-21T11:10:00Z,0.54301,0.54301,0.543,0.543,161266.66897556
Kraken:XRPUSD,2024-02-21T11:11:00Z,0.543,0.543,0.543,0.543,127685.52831073
Kraken:XRPUSD,2024-02-21T11:12:00Z,0.543,0.543,0.5419,0.5419,101899.07997036
Kraken:XRPUSD,2024-02-21T11:13:00Z,0.54189,0.54189,0.5416,0.5416,2178.37717
Kraken:XRPUSD,2024-02-21T11:14:00Z,0.54165,0.54165,0.54165,0.54165,1328.1016322
Kraken:XRPUSD,2024-02-21T11:15:00Z,0.54172,0.54172,0.54143,0.54162,5757.38680388
Kraken:XRPUSD,2024-02-21T11:16:00Z,0.542,0.542,0.54198,0.54198,1056.25667
Kraken:XRPUSD,2024-02-21T11:17:00Z,0.54163,0.54163,0.54163,0.54163,16.79297
Kraken:XRPUSD,2024-02-21T11:18:00Z,0.54162,0.54162,0.54144,0.54144,1E+3
Kraken:XRPUSD,2024-02-21T11:19:00Z,0.54171,0.54171,0.54171,0.54171,4536
Kraken:XRPUSD,2024-02-21T11:20:00Z,0.54168,0.54168,0.54168,0.54168,46.46115
Kraken:XRPUSD,2024-02-21T11:26:00Z,0.54177,0.54177,0.54168,0.54168,2273.29866764
Kraken:XRPUSD,2024-02-21T11:27:00Z,0.54168,0.54258,0.54168,0.54258,30702.9196599
Kraken:XRPUSD,2024-02-21T11:28:00Z,0.54216,0.54216,0.54168,0.54168,2060.97907674
Kraken:XRPUSD,2024-02-21T11:29:00Z,0.54168,0.54168,0.54168,0.54168,4696.93083043
Kraken:XRPUSD,2024-02-21T11:30:00Z,0.54176,0.54176,0.54176,0.54176,5E+2
Kraken:XRPUSD,2024-02-21T11:31:00Z,0.54177,0.54177,0.54125,0.54125,301.5750304
Kraken:XRPUSD,2024-02-21T11:32:00Z,0.54129,0.54202,0.54118,0.54202,3773.78826335
Kraken:XRPUSD,2024-02-21T11:33:00Z,0.54168,0.54168,0.54119,0.54119,175.920683
Kraken:XRPUSD,2024-02-21T11:34:00Z,0.54094,0.54095,0.54094,0.54095,237.27212
Kraken:XRPUSD,2024-02-21T11:35:00Z,0.54094,0.54094,0.54001,0.54001,784.66158864
Kraken:XRPUSD,2024-02-21T11:36:00Z,0.54,0.54024,0.54,0.54015,698.24389392
Kraken:XRPUSD,2024-02-21T11:37:00Z,0.54001,0.54001,0.53923,0.53923,667.85438923
Kraken:XRPUSD,2024-02-21T11:38:00Z,0.53965,0.54094,0.53965,0.54094,748.07268172
Kraken:XRPUSD,2024-02-21T11:39:00Z,0.54095,0.54095,0.54043,0.54043,588.93646725
Kraken:XRPUSD,2024-02-21T11:40:00Z,0.54095,0.54095,0.54019,0.54019,1004.15248525
Kraken:XRPUSD,2024-02-21T11:41:00Z,0.5407,0.5407,0.54045,0.54067,211.58987829
Kraken:XRPUSD,2024-02-21T11:42:00Z,0.54026,0.54026,0.54026,0.54026,29.36121682
Kraken:XRPUSD,2024-02-21T11:43:00Z,0.54025,0.54025,0.54025,0.54025,99.71309578
Kraken:XRPUSD,2024-02-21T11:44:00Z,0.53964,0.53964,0.53958,0.53958,3941.0327
Kraken:XRPUSD,2024-02-21T11:45:00Z,0.53882,0.53883,0.53882,0.53883,204.34
Kraken:XRPUSD,2024-02-21T11:46:00Z,0.53965,0.53965,0.53916,0.5392,11872.75411928
Kraken:XRPUSD,2024-02-21T11:48:00Z,0.53958,0.53958,0.53949,0.53949,1136.48213464
Kraken:XRPUSD,2024-02-21T11:50:00Z,0.53901,0.53902,0.53901,0.53902,561.66164999
Kraken:XRPUSD,2024-02-21T11:51:00Z,0.53882,0.53892,0.53814,0.53892,3204.68585035
Kraken:XRPUSD,2024-02-21T11:52:00Z,0.53905,0.53905,0.53842,0.53843,785.95492938
Kraken:XRPUSD,2024-02-21T11:53:00Z,0.53873,0.53873,0.53873,0.53873,268.7035
Kraken:XRPUSD,2024-02-21T11:54:00Z,0.53857,0.53889,0.53857,0.53876,5052.40112847
Kraken:XRPUSD,2024-02-21T11:55:00Z,0.53876,0.53876,0.53857,0.53857,423
Kraken:XRPUSD,2024-02-21T11:56:00Z,0.53858,0.53858,0.53747,0.53747,2648.33285519
Kraken:XRPUSD,2024-02-21T11:57:00Z,0.53753,0.53753,0.53753,0.53753,14.44
Kraken:XRPUSD,2024-02-21T11:58:00Z,0.53754,0.538,0.53754,0.538,3394.76912471
Kraken:XRPUSD,2024-02-21T11:59:00Z,0.53902,0.53943,0.53902,0.53943,1635.49180212
Kraken:XRPUSD,2024-02-21T12:00:00Z,0.53894,0.53911,0.53894,0.53905,850.53235377
Kraken:XRPUSD,2024-02-21T12:01:00Z,0.53933,0.53963,0.53924,0.53924,1381.17735366
Kraken:XRPUSD,2024-02-21T12:02:00Z,0.53929,0.53929,0.53929,0.53929,4703.47571
Kraken:XRPUSD,2024-02-21T12:03:00Z,0.53865,0.53865,0.53865,0.53865,11.6613
Kraken:XRPUSD,2024-02-21T12:04:00Z,0.53819,0.53819,0.53739,0.53739,3712.86727994
Kraken:XRPUSD,2024-02-21T12:05:00Z,0.53725,0.53725,0.53626,0.53626,15746.85335325
Kraken:XRPUSD,2024-02-21T12:06:00Z,0.53619,0.53675,0.53574,0.53637,6699.54853
Kraken:XRPUSD,2024-02-21T12:07:00Z,0.5363,0.5363,0.53434,0.53576,7271.31204661
Kraken:XRPUSD,2024-02-21T12:08:00Z,0.53663,0.53853,0.53663,0.53847,7239.82969835
Kraken:XRPUSD,2024-02-21T12:09:00Z,0.5381,0.53828,0.53795,0.53795,23946.94264694
Kraken:XRPUSD,2024-02-21T12:10:00Z,0.53828,0.53882,0.53828,0.53882,24376.51203697
Kraken:XRPUSD,2024-02-21T12:11:00Z,0.53964,0.53995,0.53964,0.53995,209.83152122
Kraken:XRPUSD,2024-02-21T12:12:00Z,0.54028,0.5406,0.54028,0.5406,125.43616821
Kraken:XRPUSD,2024-02-21T12:13:00Z,0.53966,0.53966,0.53966,0.53966,304
Kraken:XRPUSD,2024-02-21T12:14:00Z,0.53999,0.54044,0.53999,0.54044,739.81462453
Kraken:XRPUSD,2024-02-21T12:15:00Z,0.54091,0.54091,0.54091,0.54091,357.47112
Kraken:XRPUSD,2024-02-21T12:17:00Z,0.54042,0.54073,0.54027,0.54073,3950.64202828
Kraken:XRPUSD,2024-02-21T12:18:00Z,0.54134,0.54134,0.54134,0.54134,4E+1
Kraken:XRPUSD,2024-02-21T12:19:00Z,0.54134,0.54144,0.54134,0.54144,150.66281831
Kraken:XRPUSD,2024-02-21T12:20:00Z,0.54111,0.54111,0.54111,0.54111,253.61212
Kraken:XRPUSD,2024-02-21T12:21:00Z,0.54133,0.54139,0.54133,0.54139,17490.40541627
Kraken:XRPUSD,2024-02-21T12:22:00Z,0.5412,0.54122,0.54081,0.54081,4798.39393766
Kraken:XRPUSD,2024-02-21T12:23:00Z,0.54069,0.54069,0.54069,0.54069,38.75
Kraken:XRPUSD,2024-02-21T12:24:00Z,0.54074,0.54074,0.54074,0.54074,189.5454
Kraken:XRPUSD,2024-02-21T12:25:00Z,0.54074,0.54144,0.54074,0.54144,29136.20750619
Kraken:XRPUSD,2024-02-21T12:26:00Z,0.5417,0.54218,0.5417,0.5421,1526.10904633
Kraken:XRPUSD,2024-02-21T12:27:00Z,0.54211,0.54211,0.54211,0.54211,199.8
Kraken:XRPUSD,2024-02-21T12:28:00Z,0.54196,0.54232,0.54189,0.54196,1041.29879903
Kraken:XRPUSD,2024-02-21T12:30:00Z,0.54231,0.54232,0.54224,0.54224,2.708E+4
Kraken:XRPUSD,2024-02-21T12:31:00Z,0.54203,0.54203,0.54167,0.54167,2064.36712712
Kraken:XRPUSD,2024-02-21T12:32:00Z,0.54202,0.54202,0.54202,0.54202,770.1439399
Kraken:XRPUSD,2024-02-21T12:33:00Z,0.54182,0.54182,0.54173,0.54173,472.76749211
Kraken:XRPUSD,2024-02-21T12:34:00Z,0.54188,0.54188,0.54123,0.54123,3371.30709671
Kraken:XRPUSD,2024-02-21T12:36:00Z,0.54134,0.54134,0.54079,0.54093,972.98201
Kraken:XRPUSD,2024-02-21T12:37:00Z,0.5408,0.54084,0.5408,0.54084,572.40814
Kraken:XRPUSD,2024-02-21T12:38:00Z,0.5419,0.5419,0.5419,0.5419,750.000007
Kraken:XRPUSD,2024-02-21T12:41:00Z,0.54249,0.54256,0.54249,0.54256,2831
Kraken:XRPUSD,2024-02-21T12:42:00Z,0.54279,0.5431,0.54279,0.54296,101916
Kraken:XRPUSD,2024-02-21T12:45:00Z,0.54303,0.5431,0.54286,0.5431,468
Kraken:XRPUSD,2024-02-21T12:46:00Z,0.54278,0.54278,0.54278,0.54278,1034
Kraken:XRPUSD,2024-02-21T12:48:00Z,0.54311,0.54311,0.54305,0.54305,1465.90259895
Kraken:XRPUSD,2024-02-21T12:49:00Z,0.54267,0.54267,0.54267,0.54267,2E+1
Kraken:XRPUSD,2024-02-21T12:52:00Z,0.54193,0.54193,0.54193,0.54193,4.56734
Kraken:XRPUSD,2024-02-21T12:53:00Z,0.54236,0.54284,0.54236,0.54284,279.60868092
Kraken:XRPUSD,2024-02-21T12:54:00Z,0.54288,0.54288,0.54288,0.54288,18.4223131
Kraken:XRPUSD,2024-02-21T12:57:00Z,0.54237,0.54242,0.54223,0.54242,2115.81868497
Kraken:XRPUSD,2024-02-21T12:58:00Z,0.54286,0.54297,0.54286,0.54297,2510.4074
Kraken:XRPUSD,2024-02-21T12:59:00Z,0.54267,0.54267,0.54267,0.54267,198.21286326
Kraken:XRPUSD,2024-02-21T13:00:00Z,0.54278,0.54278,0.54244,0.54244,3162.01459473
Kraken:XRPUSD,2024-02-21T13:01:00Z,0.54288,0.54288,0.54288,0.54288,15.01
Kraken:XRPUSD,2024-02-21T13:03:00Z,0.54274,0.54274,0.54274,0.54274,2E+2
Kraken:XRPUSD,2024-02-21T13:04:00Z,0.54294,0.54294,0.54294,0.54294,59.60726
Kraken:XRPUSD,2024-02-21T13:05:00Z,0.54311,0.54346,0.54311,0.54346,57680.20392786
Kraken:XRPUSD,2024-02-21T13:06:00Z,0.54364,0.54365,0.54338,0.54338,4865.80246787
Kraken:XRPUSD,2024-02-21T13:07:00Z,0.54355,0.54361,0.54355,0.5436,1678.46965
Kraken:XRPUSD,2024-02-21T13:08:00Z,0.54363,0.5441,0.54363,0.5441,523.52577389
Kraken:XRPUSD,2024-02-21T13:09:00Z,0.54413,0.54458,0.54413,0.54458,2342.431532
Kraken:XRPUSD,2024-02-21T13:11:00Z,0.54449,0.54449,0.54449,0.54449,5091.82871374
Kraken:XRPUSD,2024-02-21T13:12:00Z,0.54391,0.54391,0.54391,0.54391,539.85684468
Kraken:XRPUSD,2024-02-21T13:13:00Z,0.54404,0.54404,0.54387,0.54387,2896.62474513
Kraken:XRPUSD,2024-02-21T13:14:00Z,0.54387,0.54387,0.54387,0.54387,35.70242
Kraken:XRPUSD,2024-02-21T13:15:00Z,0.54386,0.54386,0.5431,0.54316,10391.40238997
Kraken:XRPUSD,2024-02-21T13:16:00Z,0.54327,0.54327,0.543,0.543,921.30341003
Kraken:XRPUSD,2024-02-21T13:17:00Z,0.54252,0.54252,0.54247,0.54247,3974.753
Kraken:XRPUSD,2024-02-21T13:19:00Z,0.54207,0.54296,0.54206,0.54296,105742.34342039
Kraken:XRPUSD,2024-02-21T13:20:00Z,0.54304,0.54304,0.54304,0.54304,1373
Kraken:XRPUSD,2024-02-21T13:21:00Z,0.54264,0.54264,0.54192,0.54192,1932.04746042
Kraken:XRPUSD,2024-02-21T13:23:00Z,0.54194,0.54194,0.54192,0.54192,1076.53611528
Kraken:XRPUSD,2024-02-21T13:24:00Z,0.54193,0.54193,0.54193,0.54193,1506.75145
Kraken:XRPUSD,2024-02-21T13:25:00Z,0.54193,0.54193,0.54108,0.54108,1343.20773655
Kraken:XRPUSD,2024-02-21T13:26:00Z,0.54093,0.54093,0.54066,0.54066,938.26074027
Kraken:XRPUSD,2024-02-21T13:28:00Z,0.54174,0.54174,0.54101,0.54101,5978.75332
Kraken:XRPUSD,2024-02-21T13:29:00Z,0.54112,0.54135,0.5411,0.54135,1004.18963929
Kraken:XRPUSD,2024-02-21T13:30:00Z,0.54105,0.54105,0.54105,0.54105,1520.36399955
Kraken:XRPUSD,2024-02-21T13:31:00Z,0.54019,0.54019,0.54019,0.54019,17.58967
Kraken:XRPUSD,2024-02-21T13:32:00Z,0.54018,0.54019,0.54018,0.54019,4927.948
Kraken:XRPUSD,2024-02-21T13:33:00Z,0.54019,0.54019,0.53998,0.53998,560.56271714
Kraken:XRPUSD,2024-02-21T13:34:00Z,0.53997,0.53997,0.53964,0.53964,28983.41236039
Kraken:XRPUSD,2024-02-21T13:35:00Z,0.53996,0.54011,0.53984,0.54011,22186.11522396
Kraken:XRPUSD,2024-02-21T13:36:00Z,0.54011,0.54011,0.54011,0.54011,28644.44783294
Kraken:XRPUSD,2024-02-21T13:37:00Z,0.54017,0.54017,0.54017,0.54017,18.91320925
Kraken:XRPUSD,2024-02-21T13:38:00Z,0.54019,0.54019,0.54019,0.54019,20602.045
Kraken:XRPUSD,2024-02-21T13:39:00Z,0.54018,0.54018,0.54018,0.54018,231
Kraken:XRPUSD,2024-02-21T13:40:00Z,0.5402,0.5402,0.5402,0.5402,51.30607
Kraken:XRPUSD,2024-02-21T13:42:00Z,0.54019,0.54019,0.54019,0.54019,201.77076968
Kraken:XRPUSD,2024-02-21T13:44:00Z,0.54081,0.54081,0.54081,0.54081,410.49533093
Kraken:XRPUSD,2024-02-21T13:45:00Z,0.54069,0.54069,0.54068,0.54068,215.0211
Kraken:XRPUSD,2024-02-21T13:46:00Z,0.54066,0.54066,0.54066,0.54066,101.45783202
Kraken:XRPUSD,2024-02-21T13:47:00Z,0.54066,0.54066,0.54066,0.54066,16.82589
Kraken:XRPUSD,2024-02-21T13:48:00Z,0.54082,0.54082,0.54082,0.54082,8928.53422
Kraken:XRPUSD,2024-02-21T13:49:00Z,0.5409,0.5409,0.5409,0.5409,2E+2
Kraken:XRPUSD,2024-02-21T13:50:00Z,0.54097,0.54097,0.54017,0.54017,546.47428
Kraken:XRPUSD,2024-02-21T13:51:00Z,0.54038,0.54089,0.53996,0.54089,4261.85479726
Kraken:XRPUSD,2024-02-21T13:52:00Z,0.54056,0.54082,0.54056,0.54082,2035.77895
Kraken:XRPUSD,2024-02-21T13:54:00Z,0.54001,0.54103,0.54001,0.54103,1867.85734421
Kraken:XRPUSD,2024-02-21T13:55:00Z,0.54087,0.54113,0.54087,0.54113,1278.13605
Kraken:XRPUSD,2024-02-21T13:56:00Z,0.54154,0.54154,0.54154,0.54154,11
Kraken:XRPUSD,2024-02-21T13:57:00Z,0.54155,0.54155,0.54155,0.54155,1121
Kraken:XRPUSD,2024-02-21T13:58:00Z,0.54155,0.54156,0.54155,0.54156,2978.59389
Kraken:XRPUSD,2024-02-21T14:00:00Z,0.54162,0.54162,0.54162,0.54162,1118.51027736
Kraken:XRPUSD,2024-02-21T14:01:00Z,0.54158,0.54162,0.54151,0.54162,1902.51746805
Kraken:XRPUSD,2024-02-21T14:02:00Z,0.54162,0.54216,0.54162,0.54216,23939.46069749
Kraken:XRPUSD,2024-02-21T14:03:00Z,0.5412,0.5412,0.54115,0.54115,1966.4726574
Kraken:XRPUSD,2024-02-21T14:05:00Z,0.54035,0.54035,0.54015,0.54015,1031.22
Kraken:XRPUSD,2024-02-21T14:06:00Z,0.54005,0.54108,0.54005,0.54108,1512.42289432
Kraken:XRPUSD,2024-02-21T14:07:00Z,0.54151,0.54164,0.54151,0.54164,2437.86621
Kraken:XRPUSD,2024-02-21T14:09:00Z,0.54142,0.54142,0.54142,0.54142,93.90888036
Kraken:XRPUSD,2024-02-21T14:11:00Z,0.54111,0.54165,0.54111,0.54165,71.61457
Kraken:XRPUSD,2024-02-21T14:13:00Z,0.54114,0.54114,0.54114,0.54114,168.67636641
Kraken:XRPUSD,2024-02-21T14:14:00Z,0.54082,0.54082,0.54081,0.54081,1184.17735366
Kraken:XRPUSD,2024-02-21T14:16:00Z,0.5401,0.54018,0.5401,0.54018,1004.92592592
Kraken:XRPUSD,2024-02-21T14:17:00Z,0.53977,0.53977,0.53922,0.53922,249.75747542
Kraken:XRPUSD,2024-02-21T14:18:00Z,0.539,0.539,0.539,0.539,600.825724
Kraken:XRPUSD,2024-02-21T14:19:00Z,0.53901,0.53901,0.53804,0.53804,26329.90728397
Kraken:XRPUSD,2024-02-21T14:20:00Z,0.53791,0.53791,0.53759,0.53759,267.05314123
Kraken:XRPUSD,2024-02-21T14:21:00Z,0.53801,0.53801,0.53801,0.53801,722.32258
Kraken:XRPUSD,2024-02-21T14:22:00Z,0.53801,0.53801,0.538,0.53801,486.27067794
Kraken:XRPUSD,2024-02-21T14:23:00Z,0.53892,0.53892,0.5385,0.5385,3015.99527191
Kraken:XRPUSD,2024-02-21T14:24:00Z,0.53834,0.53834,0.53815,0.53815,2030.56356
Kraken:XRPUSD,2024-02-21T14:25:00Z,0.53826,0.53826,0.53774,0.53774,4210.678
Kraken:XRPUSD,2024-02-21T14:26:00Z,0.53869,0.53869,0.537,0.537,26218.15813074
Kraken:XRPUSD,2024-02-21T14:27:00Z,0.53699,0.53699,0.53631,0.53631,741.72982127
Kraken:XRPUSD,2024-02-21T14:28:00Z,0.53627,0.53635,0.5361,0.53635,1085.57469
Kraken:XRPUSD,2024-02-21T14:29:00Z,0.53602,0.53602,0.53602,0.53602,4.91974
Kraken:XRPUSD,2024-02-21T14:30:00Z,0.5361,0.53768,0.5361,0.53768,178.59192913
Kraken:XRPUSD,2024-02-21T14:31:00Z,0.53735,0.53735,0.53725,0.53725,126.88382
Kraken:XRPUSD,2024-02-21T14:32:00Z,0.53781,0.53781,0.53719,0.53734,13154.76282624
Kraken:XRPUSD,2024-02-21T14:34:00Z,0.53683,0.53683,0.53654,0.53655,829.76842
Kraken:XRPUSD,2024-02-21T14:35:00Z,0.53654,0.53654,0.53501,0.53501,955.046207
Kraken:XRPUSD,2024-02-21T14:36:00Z,0.535,0.53529,0.53484,0.53492,33674.38907887
Kraken:XRPUSD,2024-02-21T14:37:00Z,0.5365,0.53834,0.5365,0.53834,34.59004561
Kraken:XRPUSD,2024-02-21T14:38:00Z,0.53872,0.53872,0.53871,0.53871,1578.5955
Kraken:XRPUSD,2024-02-21T14:39:00Z,0.53864,0.53864,0.53812,0.53812,663.005505
Kraken:XRPUSD,2024-02-21T14:40:00Z,0.53818,0.53818,0.53818,0.53818,1054.18705794
Kraken:XRPUSD,2024-02-21T14:41:00Z,0.5393,0.53989,0.5393,0.53989,2671.89486032
Kraken:XRPUSD,2024-02-21T14:42:00Z,0.53989,0.53989,0.53924,0.53924,189.7975234
Kraken:XRPUSD,2024-02-21T14:43:00Z,0.53901,0.53901,0.53901,0.53901,202.40512
Kraken:XRPUSD,2024-02-21T14:44:00Z,0.53886,0.53886,0.53885,0.53885,3810.41265
Kraken:XRPUSD,2024-02-21T14:45:00Z,0.539,0.539,0.539,0.539,110.03035885
Kraken:XRPUSD,2024-02-21T14:46:00Z,0.53908,0.53942,0.53908,0.53942,1011.88041
Kraken:XRPUSD,2024-02-21T14:47:00Z,0.53908,0.53909,0.53881,0.53881,13362.21033088
Kraken:XRPUSD,2024-02-21T14:48:00Z,0.53774,0.5383,0.53725,0.5383,18712.4822418
Kraken:XRPUSD,2024-02-21T14:49:00Z,0.53827,0.53882,0.53816,0.53816,5894.82363197
Kraken:XRPUSD,2024-02-21T14:50:00Z,0.53815,0.53851,0.53815,0.53844,519.56779521
Kraken:XRPUSD,2024-02-21T14:51:00Z,0.53884,0.53884,0.53884,0.53884,3E+1
Kraken:XRPUSD,2024-02-21T14:53:00Z,0.53873,0.53873,0.53815,0.53815,168.15669817
Kraken:XRPUSD,2024-02-21T14:54:00Z,0.53814,0.53815,0.53814,0.53815,2034.78438089
Kraken:XRPUSD,2024-02-21T14:55:00Z,0.53814,0.53814,0.53814,0.53814,17.71771
Kraken:XRPUSD,2024-02-21T14:56:00Z,0.53814,0.53815,0.538,0.538,8963.45298818
Kraken:XRPUSD,2024-02-21T14:59:00Z,0.53782,0.53819,0.53781,0.53819,786.4968613
Kraken:XRPUSD,2024-02-21T15:00:00Z,0.53762,0.53806,0.53761,0.53798,17519.24035601
Kraken:XRPUSD,2024-02-21T15:01:00Z,0.53732,0.53732,0.53716,0.53716,126.8278
Kraken:XRPUSD,2024-02-21T15:02:00Z,0.5378,0.5378,0.53693,0.53693,2254.18581
Kraken:XRPUSD,2024-02-21T15:03:00Z,0.53692,0.53693,0.53653,0.53693,2845.67655596
Kraken:XRPUSD,2024-02-21T15:04:00Z,0.53717,0.53742,0.53713,0.53742,17949.17536127
Kraken:XRPUSD,2024-02-21T15:05:00Z,0.53817,0.53818,0.53817,0.53818,921.6228771
Kraken:XRPUSD,2024-02-21T15:06:00Z,0.53818,0.53818,0.53818,0.53818,4E+1
Kraken:XRPUSD,2024-02-21T15:08:00Z,0.53742,0.53751,0.53722,0.53722,3652.88868498
Kraken:XRPUSD,2024-02-21T15:10:00Z,0.5382,0.53884,0.5382,0.53884,717.36576119
Kraken:XRPUSD,2024-02-21T15:11:00Z,0.5389,0.5389,0.5389,0.5389,812
Kraken:XRPUSD,2024-02-21T15:12:00Z,0.5389,0.5389,0.5389,0.5389,271
Kraken:XRPUSD,2024-02-21T15:13:00Z,0.53897,0.53917,0.53897,0.53917,1227.19252
Kraken:XRPUSD,2024-02-21T15:14:00Z,0.53946,0.53946,0.53946,0.53946,190.60188
Kraken:XRPUSD,2024-02-21T15:15:00Z,0.53964,0.54179,0.53964,0.54135,70554.20835616
Kraken:XRPUSD,2024-02-21T15:16:00Z,0.54179,0.54179,0.54124,0.54124,5905.98656611
Kraken:XRPUSD,2024-02-21T15:17:00Z,0.54162,0.54171,0.54135,0.54156,14456.6435866
Kraken:XRPUSD,2024-02-21T15:18:00Z,0.54193,0.54193,0.54193,0.54193,64.677077
Kraken:XRPUSD,2024-02-21T15:19:00Z,0.54148,0.54217,0.54148,0.54217,27617.07569484
Kraken:XRPUSD,2024-02-21T15:20:00Z,0.54195,0.54195,0.54195,0.54195,184.51886705
Kraken:XRPUSD,2024-02-21T15:21:00Z,0.54229,0.54249,0.54229,0.54248,19883.17846748
Kraken:XRPUSD,2024-02-21T15:22:00Z,0.54249,0.54249,0.54248,0.54249,6840.57795371
Kraken:XRPUSD,2024-02-21T15:23:00Z,0.54249,0.54347,0.54249,0.54347,61004.67488925
Kraken:XRPUSD,2024-02-21T15:24:00Z,0.54294,0.54318,0.54294,0.54318,5329.98
Kraken:XRPUSD,2024-02-21T15:25:00Z,0.54266,0.54266,0.54181,0.54215,27925
Kraken:XRPUSD,2024-02-21T15:26:00Z,0.54222,0.5425,0.54222,0.54229,293.31799331
Kraken:XRPUSD,2024-02-21T15:27:00Z,0.54248,0.54248,0.54248,0.54248,55.27916
Kraken:XRPUSD,2024-02-21T15:28:00Z,0.54269,0.54269,0.54269,0.54269,245.12478808
Kraken:XRPUSD,2024-02-21T15:30:00Z,0.54261,0.54261,0.54255,0.54255,141.03764691
Kraken:XRPUSD,2024-02-21T15:31:00Z,0.54256,0.54256,0.54251,0.54252,1565.33248797
Kraken:XRPUSD,2024-02-21T15:32:00Z,0.54256,0.54256,0.54251,0.54251,231.3885
Kraken:XRPUSD,2024-02-21T15:33:00Z,0.54256,0.54256,0.54256,0.54256,791
Kraken:XRPUSD,2024-02-21T15:34:00Z,0.54251,0.54251,0.54239,0.5425,1983.59338938
Kraken:XRPUSD,2024-02-21T15:35:00Z,0.54243,0.54243,0.54243,0.54243,1E+3
Kraken:XRPUSD,2024-02-21T15:36:00Z,0.54256,0.54268,0.54256,0.54268,1155.60968
Kraken:XRPUSD,2024-02-21T15:37:00Z,0.54268,0.54269,0.54268,0.54269,1820.8407
Kraken:XRPUSD,2024-02-21T15:38:00Z,0.54269,0.54269,0.54268,0.54268,12398.80668278
Kraken:XRPUSD,2024-02-21T15:39:00Z,0.54269,0.54305,0.54269,0.54305,29376.24740972
Kraken:XRPUSD,2024-02-21T15:40:00Z,0.54265,0.54265,0.54251,0.54251,173
Kraken:XRPUSD,2024-02-21T15:41:00Z,0.54271,0.54271,0.54265,0.54265,533.268351
Kraken:XRPUSD,2024-02-21T15:42:00Z,0.54265,0.54265,0.54264,0.54264,250.82552988
Kraken:XRPUSD,2024-02-21T15:43:00Z,0.5425,0.5425,0.5425,0.5425,378.66359447
Kraken:XRPUSD,2024-02-21T15:44:00Z,0.54115,0.54115,0.54115,0.54115,5E+2
Kraken:XRPUSD,2024-02-21T15:45:00Z,0.5409,0.5409,0.5405,0.5405,3905.35594296
Kraken:XRPUSD,2024-02-21T15:46:00Z,0.54055,0.54055,0.54054,0.54054,1801.47107
Kraken:XRPUSD,2024-02-21T15:47:00Z,0.54045,0.54075,0.54041,0.54041,14488
Kraken:XRPUSD,2024-02-21T15:48:00Z,0.54012,0.54039,0.54012,0.54039,684.1981
Kraken:XRPUSD,2024-02-21T15:49:00Z,0.54139,0.54139,0.54132,0.54132,327.10441
Kraken:XRPUSD,2024-02-21T15:50:00Z,0.54092,0.54092,0.54063,0.54063,237.04017
Kraken:XRPUSD,2024-02-21T15:51:00Z,0.541,0.541,0.54036,0.54036,1235.56147
Kraken:XRPUSD,2024-02-21T15:52:00Z,0.54,0.54,0.54,0.54,12021.00091
Kraken:XRPUSD,2024-02-21T15:54:00Z,0.54014,0.54035,0.54014,0.54035,740.246903
Kraken:XRPUSD,2024-02-21T15:55:00Z,0.54058,0.54058,0.54037,0.54037,130.3707198
Kraken:XRPUSD,2024-02-21T15:56:00Z,0.54026,0.54026,0.54023,0.54023,5E+1
Kraken:XRPUSD,2024-02-21T15:57:00Z,0.54013,0.54013,0.53983,0.53992,394.60920376
Kraken:XRPUSD,2024-02-21T15:58:00Z,0.53977,0.53977,0.53961,0.53961,74.985417
Kraken:XRPUSD,2024-02-21T16:00:00Z,0.53999,0.53999,0.53999,0.53999,17.09542
Kraken:XRPUSD,2024-02-21T16:01:00Z,0.53994,0.53995,0.53994,0.53995,4830.77388438
Kraken:XRPUSD,2024-02-21T16:02:00Z,0.53995,0.54074,0.53995,0.54074,45337.75691562
Kraken:XRPUSD,2024-02-21T16:03:00Z,0.54075,0.54075,0.54075,0.54075,347.25995
Kraken:XRPUSD,2024-02-21T16:04:00Z,0.54001,0.54001,0.54,0.54,432.27582143
Kraken:XRPUSD,2024-02-21T16:05:00Z,0.54,0.54,0.53994,0.53994,9610.1331932
Kraken:XRPUSD,2024-02-21T16:06:00Z,0.5396,0.53977,0.5396,0.53977,57.39031924
Kraken:XRPUSD,2024-02-21T16:07:00Z,0.53967,0.53997,0.53967,0.53987,7932.25070838
Kraken:XRPUSD,2024-02-21T16:08:00Z,0.54,0.54,0.53999,0.54,2.6E+4
Kraken:XRPUSD,2024-02-21T16:09:00Z,0.54067,0.54067,0.54067,0.54067,99.43991324
Kraken:XRPUSD,2024-02-21T16:10:00Z,0.54052,0.54101,0.54052,0.54101,880.98045
Kraken:XRPUSD,2024-02-21T16:11:00Z,0.54098,0.54105,0.54066,0.54105,3408.36049
Kraken:XRPUSD,2024-02-21T16:12:00Z,0.54108,0.54108,0.54108,0.54108,54.88652
Kraken:XRPUSD,2024-02-21T16:13:00Z,0.54101,0.54101,0.54101,0.54101,39.67864
Kraken:XRPUSD,2024-02-21T16:15:00Z,0.54126,0.54126,0.54126,0.54126,9237.70461515
Kraken:XRPUSD,2024-02-21T16:16:00Z,0.5412,0.54121,0.5411,0.54112,15310.18218
Kraken:XRPUSD,2024-02-21T16:17:00Z,0.54101,0.54101,0.541,0.541,3390.3951948
Kraken:XRPUSD,2024-02-21T16:19:00Z,0.54122,0.54122,0.54122,0.54122,46.04515
Kraken:XRPUSD,2024-02-21T16:20:00Z,0.54092,0.54092,0.54026,0.54053,9450.40572131
Kraken:XRPUSD,2024-02-21T16:21:00Z,0.5404,0.5404,0.53975,0.53985,1336.38215
Kraken:XRPUSD,2024-02-21T16:22:00Z,0.54006,0.54006,0.54003,0.54003,21.62755
Kraken:XRPUSD,2024-02-21T16:23:00Z,0.54007,0.54007,0.54007,0.54007,136.03461
Kraken:XRPUSD,2024-02-21T16:24:00Z,0.54031,0.54031,0.54031,0.54031,94.42989
Kraken:XRPUSD,2024-02-21T16:25:00Z,0.54087,0.54098,0.54084,0.54085,1652.75315774
Kraken:XRPUSD,2024-02-21T16:26:00Z,0.54003,0.54003,0.54003,0.54003,7.64631
Kraken:XRPUSD,2024-02-21T16:28:00Z,0.54026,0.54026,0.54026,0.54026,41.96985516
Kraken:XRPUSD,2024-02-21T16:29:00Z,0.5403,0.5403,0.54013,0.54013,2267.87932
Kraken:XRPUSD,2024-02-21T16:32:00Z,0.53925,0.53925,0.53925,0.53925,407.5448226
Kraken:XRPUSD,2024-02-21T16:33:00Z,0.53942,0.53942,0.53942,0.53942,271
Kraken:XRPUSD,2024-02-21T16:34:00Z,0.53965,0.54041,0.53965,0.54041,6581.21782
Kraken:XRPUSD,2024-02-21T16:35:00Z,0.5403,0.54047,0.54016,0.54047,20219
Kraken:XRPUSD,2024-02-21T16:36:00Z,0.54067,0.54067,0.54027,0.54027,369.97034
Kraken:XRPUSD,2024-02-21T16:37:00Z,0.54054,0.54054,0.54054,0.54054,37
Kraken:XRPUSD,2024-02-21T16:39:00Z,0.54098,0.54176,0.54098,0.54163,25094.2554
Kraken:XRPUSD,2024-02-21T16:40:00Z,0.5417,0.54172,0.54142,0.54142,2011.17906
Kraken:XRPUSD,2024-02-21T16:41:00Z,0.54184,0.54184,0.54183,0.54183,2E+4
Kraken:XRPUSD,2024-02-21T16:42:00Z,0.54205,0.54205,0.54205,0.54205,102.73784
Kraken:XRPUSD,2024-02-21T16:45:00Z,0.54213,0.54234,0.54213,0.54234,1E+5
Kraken:XRPUSD,2024-02-21T16:47:00Z,0.54311,0.54311,0.54311,0.54311,68.21338
Kraken:XRPUSD,2024-02-21T16:48:00Z,0.54265,0.54265,0.54264,0.54264,500.29898
Kraken:XRPUSD,2024-02-21T16:49:00Z,0.54236,0.54266,0.54236,0.54259,1224.65239817
Kraken:XRPUSD,2024-02-21T16:50:00Z,0.54238,0.54238,0.54238,0.54238,211
Kraken:XRPUSD,2024-02-21T16:53:00Z,0.5429,0.54342,0.5429,0.54342,26495.51678143
Kraken:XRPUSD,2024-02-21T16:56:00Z,0.54268,0.54273,0.54268,0.54269,99.07042266
Kraken:XRPUSD,2024-02-21T16:57:00Z,0.5427,0.5427,0.5427,0.5427,36.84869924
Kraken:XRPUSD,2024-02-21T16:59:00Z,0.5426,0.5426,0.54246,0.54246,39229.3613306
Kraken:XRPUSD,2024-02-21T17:00:00Z,0.54244,0.54259,0.54239,0.54251,28516.18424892
Kraken:XRPUSD,2024-02-21T17:01:00Z,0.54297,0.54297,0.54297,0.54297,43.84297
Kraken:XRPUSD,2024-02-21T17:02:00Z,0.54297,0.54309,0.54297,0.54309,10016.57183892
Kraken:XRPUSD,2024-02-21T17:03:00Z,0.54345,0.54376,0.54345,0.54376,29304.97494842
Kraken:XRPUSD,2024-02-21T17:05:00Z,0.54287,0.54288,0.54287,0.54287,2028.08173
Kraken:XRPUSD,2024-02-21T17:06:00Z,0.54278,0.54278,0.54221,0.54229,989.88927
Kraken:XRPUSD,2024-02-21T17:07:00Z,0.54232,0.54232,0.54208,0.54208,8480.48154989
Kraken:XRPUSD,2024-02-21T17:08:00Z,0.54203,0.54208,0.54203,0.54208,1957.54305166
Kraken:XRPUSD,2024-02-21T17:09:00Z,0.54208,0.54267,0.54208,0.54267,14964.75870887
Kraken:XRPUSD,2024-02-21T17:10:00Z,0.54265,0.54277,0.54265,0.54277,2353.01386
Kraken:XRPUSD,2024-02-21T17:11:00Z,0.54277,0.54277,0.54277,0.54277,2.5E+4
Kraken:XRPUSD,2024-02-21T17:12:00Z,0.54277,0.54277,0.54253,0.54268,39176.67261235
Kraken:XRPUSD,2024-02-21T17:13:00Z,0.54277,0.54277,0.54277,0.54277,2E+1
Kraken:XRPUSD,2024-02-21T17:14:00Z,0.54278,0.5429,0.54278,0.5429,4533
Kraken:XRPUSD,2024-02-21T17:15:00Z,0.54268,0.54268,0.54268,0.54268,40.53954448
Kraken:XRPUSD,2024-02-21T17:16:00Z,0.54252,0.54252,0.54229,0.54229,3396.47238711
Kraken:XRPUSD,2024-02-21T17:17:00Z,0.54213,0.54244,0.54213,0.54244,268.87164
Kraken:XRPUSD,2024-02-21T17:18:00Z,0.542,0.542,0.542,0.542,18450.48173591
Kraken:XRPUSD,2024-02-21T17:19:00Z,0.54243,0.54243,0.54214,0.54214,105.51413
Kraken:XRPUSD,2024-02-21T17:20:00Z,0.54217,0.54217,0.54217,0.54217,1E+3
Kraken:XRPUSD,2024-02-21T17:21:00Z,0.54164,0.54164,0.54164,0.54164,905.85580725
Kraken:XRPUSD,2024-02-21T17:22:00Z,0.54164,0.54164,0.54163,0.54163,763.94512188
Kraken:XRPUSD,2024-02-21T17:23:00Z,0.5415,0.5415,0.54118,0.54141,827.69713049
Kraken:XRPUSD,2024-02-21T17:24:00Z,0.54131,0.54131,0.54131,0.54131,51.37916
Kraken:XRPUSD,2024-02-21T17:25:00Z,0.54151,0.54151,0.54135,0.54135,802.06746178
Kraken:XRPUSD,2024-02-21T17:26:00Z,0.5413,0.5413,0.5413,0.5413,1537.5
Kraken:XRPUSD,2024-02-21T17:27:00Z,0.54148,0.5415,0.54107,0.54107,18418.77754
Kraken:XRPUSD,2024-02-21T17:28:00Z,0.54123,0.54123,0.54091,0.54101,25407.83884683
Kraken:XRPUSD,2024-02-21T17:29:00Z,0.54073,0.54073,0.54073,0.54073,19.8
Kraken:XRPUSD,2024-02-21T17:30:00Z,0.54063,0.54076,0.54063,0.54063,32221.92263195
Kraken:XRPUSD,2024-02-21T17:31:00Z,0.54063,0.54063,0.54045,0.54045,1382.93088989
Kraken:XRPUSD,2024-02-21T17:32:00Z,0.54052,0.54052,0.54036,0.54036,1495.60633206
Kraken:XRPUSD,2024-02-21T17:33:00Z,0.54,0.54005,0.54,0.54005,10679.89777332
Kraken:XRPUSD,2024-02-21T17:34:00Z,0.54025,0.54036,0.54025,0.54036,495.49106814
Kraken:XRPUSD,2024-02-21T17:35:00Z,0.5403,0.54031,0.5403,0.5403,364.79831
Kraken:XRPUSD,2024-02-21T17:36:00Z,0.54,0.54,0.53955,0.53955,13874.30953512
Kraken:XRPUSD,2024-02-21T17:37:00Z,0.53926,0.53926,0.539,0.539,36.08231023
Kraken:XRPUSD,2024-02-21T17:38:00Z,0.539,0.53901,0.539,0.53901,5211.20313096
Kraken:XRPUSD,2024-02-21T17:39:00Z,0.539,0.539,0.53868,0.53868,13788.40607987
Kraken:XRPUSD,2024-02-21T17:40:00Z,0.53868,0.53868,0.53868,0.53868,433.21564
Kraken:XRPUSD,2024-02-21T17:41:00Z,0.53893,0.53893,0.53867,0.53867,1392.58455829
Kraken:XRPUSD,2024-02-21T17:42:00Z,0.53867,0.53867,0.53827,0.53833,19447.92108851
Kraken:XRPUSD,2024-02-21T17:43:00Z,0.53851,0.53851,0.53833,0.53833,356.53082
Kraken:XRPUSD,2024-02-21T17:44:00Z,0.53833,0.54063,0.53833,0.54019,195174.73030242
Kraken:XRPUSD,2024-02-21T17:45:00Z,0.54006,0.54013,0.54006,0.54006,7534.5424501
Kraken:XRPUSD,2024-02-21T17:46:00Z,0.54024,0.54024,0.54024,0.54024,586.76998
Kraken:XRPUSD,2024-02-21T17:47:00Z,0.54027,0.54027,0.54026,0.54026,720.56282728
Kraken:XRPUSD,2024-02-21T17:48:00Z,0.54019,0.54019,0.54019,0.54019,4710.11310835
Kraken:XRPUSD,2024-02-21T17:49:00Z,0.54012,0.54012,0.53988,0.53988,378.77150205
Kraken:XRPUSD,2024-02-21T17:50:00Z,0.54012,0.54012,0.53959,0.53959,1435.30906693
Kraken:XRPUSD,2024-02-21T17:52:00Z,0.53986,0.54,0.53986,0.54,440.54754936
Kraken:XRPUSD,2024-02-21T17:53:00Z,0.5399,0.5399,0.5399,0.5399,193.16915169
Kraken:XRPUSD,2024-02-21T17:54:00Z,0.53988,0.53988,0.53988,0.53988,173.268333
Kraken:XRPUSD,2024-02-21T17:56:00Z,0.53986,0.53986,0.53974,0.53974,2300.25628882
Kraken:XRPUSD,2024-02-21T17:57:00Z,0.53974,0.53974,0.53931,0.53931,18132.07866518
Kraken:XRPUSD,2024-02-21T17:59:00Z,0.53954,0.53955,0.53954,0.53955,156.81333
Kraken:XRPUSD,2024-02-21T18:00:00Z,0.53955,0.53955,0.53955,0.53955,17285.50452551
Kraken:XRPUSD,2024-02-21T18:01:00Z,0.53955,0.53979,0.53953,0.53979,58724.50553583
Kraken:XRPUSD,2024-02-21T18:02:00Z,0.53968,0.53968,0.53935,0.53935,20321
Kraken:XRPUSD,2024-02-21T18:04:00Z,0.53968,0.53968,0.53968,0.53968,1502.05586
Kraken:XRPUSD,2024-02-21T18:05:00Z,0.53866,0.53868,0.53866,0.53868,5090.12102
Kraken:XRPUSD,2024-02-21T18:06:00Z,0.53865,0.53865,0.53865,0.53865,34.14722
Kraken:XRPUSD,2024-02-21T18:07:00Z,0.53884,0.53926,0.53884,0.53926,238.33162
Kraken:XRPUSD,2024-02-21T18:08:00Z,0.53912,0.53912,0.53912,0.53912,522.988318
Kraken:XRPUSD,2024-02-21T18:09:00Z,0.53918,0.53918,0.53912,0.53912,107.01939006
Kraken:XRPUSD,2024-02-21T18:11:00Z,0.53925,0.53937,0.53925,0.53937,158
Kraken:XRPUSD,2024-02-21T18:12:00Z,0.53935,0.53959,0.53934,0.53959,11111.52941786
Kraken:XRPUSD,2024-02-21T18:13:00Z,0.53912,0.53932,0.53912,0.53922,3836.74582627
Kraken:XRPUSD,2024-02-21T18:14:00Z,0.53947,0.53964,0.53946,0.53963,30959.37369461
Kraken:XRPUSD,2024-02-21T18:15:00Z,0.53982,0.53987,0.53982,0.53982,1251.87966096
Kraken:XRPUSD,2024-02-21T18:16:00Z,0.53968,0.53971,0.53945,0.53945,14526.84817859
Kraken:XRPUSD,2024-02-21T18:17:00Z,0.53976,0.53977,0.53976,0.53976,1150.99993231
Kraken:XRPUSD,2024-02-21T18:18:00Z,0.53939,0.53939,0.53939,0.53939,778
Kraken:XRPUSD,2024-02-21T18:21:00Z,0.54014,0.54014,0.53975,0.53981,50533.02654668
Kraken:XRPUSD,2024-02-21T18:22:00Z,0.53961,0.53961,0.53961,0.53961,18698.43990851
Kraken:XRPUSD,2024-02-21T18:23:00Z,0.53937,0.53937,0.53937,0.53937,398.87807
Kraken:XRPUSD,2024-02-21T18:24:00Z,0.53932,0.53932,0.53877,0.53878,637.90449629
Kraken:XRPUSD,2024-02-21T18:25:00Z,0.53878,0.53879,0.5375,0.5375,26377.14761742
Kraken:XRPUSD,2024-02-21T18:26:00Z,0.53749,0.53749,0.53725,0.53725,203.20911067
Kraken:XRPUSD,2024-02-21T18:27:00Z,0.53704,0.53704,0.53596,0.53627,51154.19937258
Kraken:XRPUSD,2024-02-21T18:28:00Z,0.53576,0.53576,0.5355,0.5355,378.82485642
Kraken:XRPUSD,2024-02-21T18:29:00Z,0.53574,0.53648,0.53574,0.53648,4052.65394
Kraken:XRPUSD,2024-02-21T18:30:00Z,0.53689,0.53709,0.53689,0.53709,2926.03371512
Kraken:XRPUSD,2024-02-21T18:31:00Z,0.53705,0.53705,0.53702,0.53705,13965.80720993
Kraken:XRPUSD,2024-02-21T18:32:00Z,0.53784,0.53784,0.53784,0.53784,86.21861
Kraken:XRPUSD,2024-02-21T18:33:00Z,0.5379,0.5379,0.53773,0.53773,161.30488
Kraken:XRPUSD,2024-02-21T18:34:00Z,0.53822,0.53822,0.53819,0.53819,308.9364
Kraken:XRPUSD,2024-02-21T18:35:00Z,0.53818,0.53818,0.53818,0.53818,46.44509261
Kraken:XRPUSD,2024-02-21T18:36:00Z,0.53751,0.5377,0.53751,0.5377,6304.07921938
Kraken:XRPUSD,2024-02-21T18:38:00Z,0.53782,0.53782,0.53782,0.53782,186.53932248
Kraken:XRPUSD,2024-02-21T18:39:00Z,0.53766,0.53769,0.53766,0.53769,5737.16693502
Kraken:XRPUSD,2024-02-21T18:40:00Z,0.53759,0.5376,0.53759,0.5376,2299.14452028
Kraken:XRPUSD,2024-02-21T18:41:00Z,0.53866,0.53866,0.53834,0.53834,30.23634
Kraken:XRPUSD,2024-02-21T18:42:00Z,0.53864,0.53868,0.53864,0.53866,3752.01838741
Kraken:XRPUSD,2024-02-21T18:44:00Z,0.53875,0.53892,0.53875,0.53884,613.56668267
Kraken:XRPUSD,2024-02-21T18:45:00Z,0.53867,0.5389,0.53867,0.5389,218.16976463
Kraken:XRPUSD,2024-02-21T18:47:00Z,0.53866,0.53866,0.53866,0.53866,232.06163557
Kraken:XRPUSD,2024-02-21T18:48:00Z,0.53885,0.53885,0.53885,0.53885,2.3E+2
Kraken:XRPUSD,2024-02-21T18:50:00Z,0.53908,0.53908,0.53908,0.53908,19
Kraken:XRPUSD,2024-02-21T18:51:00Z,0.53886,0.53896,0.53886,0.5389,1322.993892
Kraken:XRPUSD,2024-02-21T18:52:00Z,0.53898,0.53898,0.53898,0.53898,371.18147062
Kraken:XRPUSD,2024-02-21T18:53:00Z,0.53898,0.53909,0.53898,0.53909,230.02819566
Kraken:XRPUSD,2024-02-21T18:55:00Z,0.53886,0.53886,0.53879,0.53879,278.38859468
Kraken:XRPUSD,2024-02-21T18:58:00Z,0.53902,0.53902,0.53902,0.53902,52.15898
Kraken:XRPUSD,2024-02-21T18:59:00Z,0.53928,0.53928,0.53928,0.53928,337.18056
Kraken:XRPUSD,2024-02-21T19:00:00Z,0.53902,0.53902,0.53827,0.53827,304.731676
Kraken:XRPUSD,2024-02-21T19:02:00Z,0.53842,0.53842,0.53833,0.53833,4087.04584703
Kraken:XRPUSD,2024-02-21T19:04:00Z,0.5391,0.53966,0.5391,0.53966,4357.56732436
Kraken:XRPUSD,2024-02-21T19:05:00Z,0.53987,0.5404,0.53987,0.5404,16227.04081633
Kraken:XRPUSD,2024-02-21T19:06:00Z,0.54055,0.54055,0.54044,0.54044,37544
Kraken:XRPUSD,2024-02-21T19:07:00Z,0.5405,0.541,0.5404,0.541,37931.23410203
Kraken:XRPUSD,2024-02-21T19:08:00Z,0.541,0.541,0.54099,0.54099,905.23073969
Kraken:XRPUSD,2024-02-21T19:11:00Z,0.541,0.541,0.54093,0.54093,21.29157427
Kraken:XRPUSD,2024-02-21T19:14:00Z,0.54094,0.54099,0.54094,0.54099,211.54519394
Kraken:XRPUSD,2024-02-21T19:16:00Z,0.541,0.541,0.541,0.541,1225.40517624
Kraken:XRPUSD,2024-02-21T19:17:00Z,0.541,0.541,0.541,0.541,738.50982435
Kraken:XRPUSD,2024-02-21T19:18:00Z,0.54144,0.542,0.54144,0.54166,12315.3396059
Kraken:XRPUSD,2024-02-21T19:19:00Z,0.54162,0.54176,0.5415,0.54158,18781.13836461
Kraken:XRPUSD,2024-02-21T19:21:00Z,0.54108,0.54108,0.54108,0.54108,3129.138952
Kraken:XRPUSD,2024-02-21T19:22:00Z,0.54173,0.54192,0.54173,0.54178,12969.4379636
Kraken:XRPUSD,2024-02-21T19:23:00Z,0.54148,0.54149,0.54148,0.54149,7387.14634619
Kraken:XRPUSD,2024-02-21T19:24:00Z,0.54147,0.54147,0.54147,0.54147,10.51184
Kraken:XRPUSD,2024-02-21T19:25:00Z,0.54147,0.54147,0.54147,0.54147,24989.48816
Kraken:XRPUSD,2024-02-21T19:26:00Z,0.54093,0.54093,0.54028,0.54028,18563.41959901
Kraken:XRPUSD,2024-02-21T19:29:00Z,0.54076,0.54076,0.54076,0.54076,1E+3
Kraken:XRPUSD,2024-02-21T19:32:00Z,0.54117,0.54117,0.54117,0.54117,329.96078
Kraken:XRPUSD,2024-02-21T19:34:00Z,0.54132,0.54132,0.54132,0.54132,1463.27824474
Kraken:XRPUSD,2024-02-21T19:35:00Z,0.54121,0.54121,0.54121,0.54121,1E+1
Kraken:XRPUSD,2024-02-21T19:36:00Z,0.541,0.54108,0.54099,0.54108,6212.64637321
Kraken:XRPUSD,2024-02-21T19:37:00Z,0.54148,0.54149,0.54148,0.54149,384.84272
Kraken:XRPUSD,2024-02-21T19:42:00Z,0.54203,0.54207,0.54203,0.54203,5843.30935119
Kraken:XRPUSD,2024-02-21T19:43:00Z,0.54195,0.54195,0.54195,0.54195,445.97334396
Kraken:XRPUSD,2024-02-21T19:44:00Z,0.5418,0.5418,0.5418,0.5418,165.76668
Kraken:XRPUSD,2024-02-21T19:45:00Z,0.54174,0.54174,0.54163,0.54163,369.18078783
Kraken:XRPUSD,2024-02-21T19:47:00Z,0.54203,0.54203,0.54203,0.54203,8.95557
Kraken:XRPUSD,2024-02-21T19:48:00Z,0.54199,0.54199,0.54199,0.54199,7E+1
Kraken:XRPUSD,2024-02-21T19:49:00Z,0.54219,0.54219,0.54219,0.54219,202.3589
Kraken:XRPUSD,2024-02-21T19:50:00Z,0.54196,0.54196,0.54196,0.54196,190.44893067
Kraken:XRPUSD,2024-02-21T19:51:00Z,0.54168,0.54168,0.54161,0.54161,10408.47217638
Kraken:XRPUSD,2024-02-21T19:53:00Z,0.54173,0.54195,0.54173,0.54195,4208.32639
Kraken:XRPUSD,2024-02-21T19:54:00Z,0.5421,0.5421,0.5421,0.5421,35.73886
Kraken:XRPUSD,2024-02-21T19:55:00Z,0.54239,0.54239,0.54239,0.54239,97.51658
Kraken:XRPUSD,2024-02-21T19:56:00Z,0.54241,0.54257,0.54241,0.54248,1769.58702
Kraken:XRPUSD,2024-02-21T19:57:00Z,0.54233,0.54233,0.54226,0.54226,1887.9798958
Kraken:XRPUSD,2024-02-21T19:58:00Z,0.54216,0.54216,0.54216,0.54216,9222.36978014
Kraken:XRPUSD,2024-02-21T19:59:00Z,0.54235,0.54235,0.54234,0.54234,1490.18037186
Kraken:XRPUSD,2024-02-21T20:00:00Z,0.54214,0.54214,0.54201,0.54207,970.91041873
Kraken:XRPUSD,2024-02-21T20:01:00Z,0.54207,0.54249,0.54207,0.54249,1478.51184
Kraken:XRPUSD,2024-02-21T20:03:00Z,0.54165,0.54165,0.5415,0.5415,1.005E+4
Kraken:XRPUSD,2024-02-21T20:06:00Z,0.54173,0.54173,0.54173,0.54173,898.77492
Kraken:XRPUSD,2024-02-21T20:07:00Z,0.54205,0.54206,0.54205,0.54206,1886.6201596
Kraken:XRPUSD,2024-02-21T20:09:00Z,0.54201,0.54201,0.54201,0.54201,15.3175
Kraken:XRPUSD,2024-02-21T20:10:00Z,0.54168,0.54178,0.54168,0.54178,1E+2
Kraken:XRPUSD,2024-02-21T20:12:00Z,0.54155,0.54201,0.54155,0.542,41837.70747239
Kraken:XRPUSD,2024-02-21T20:13:00Z,0.54178,0.54178,0.54173,0.54174,1588.39187987
Kraken:XRPUSD,2024-02-21T20:14:00Z,0.54203,0.54206,0.5419,0.54206,11368.8925535
Kraken:XRPUSD,2024-02-21T20:15:00Z,0.54197,0.54197,0.54172,0.54172,11468.96857003
Kraken:XRPUSD,2024-02-21T20:16:00Z,0.54154,0.54154,0.54135,0.54135,408
Kraken:XRPUSD,2024-02-21T20:17:00Z,0.54137,0.54137,0.54121,0.54121,90.15429
Kraken:XRPUSD,2024-02-21T20:18:00Z,0.54207,0.54207,0.54207,0.54207,9223.9009722
Kraken:XRPUSD,2024-02-21T20:19:00Z,0.54188,0.54188,0.54188,0.54188,597.64177231
Kraken:XRPUSD,2024-02-21T20:20:00Z,0.54191,0.54199,0.54191,0.54191,2342.07325232
Kraken:XRPUSD,2024-02-21T20:21:00Z,0.54189,0.54221,0.54189,0.54221,20121.45003601
Kraken:XRPUSD,2024-02-21T20:23:00Z,0.54153,0.54153,0.54153,0.54153,9233.09881262
Kraken:XRPUSD,2024-02-21T20:24:00Z,0.54174,0.54174,0.54174,0.54174,133.82803558
Kraken:XRPUSD,2024-02-21T20:25:00Z,0.54143,0.54143,0.54143,0.54143,349.84368
Kraken:XRPUSD,2024-02-21T20:26:00Z,0.54135,0.54137,0.54121,0.54121,4814.36415335
Kraken:XRPUSD,2024-02-21T20:27:00Z,0.54119,0.54132,0.54119,0.54121,9913.6061743
Kraken:XRPUSD,2024-02-21T20:29:00Z,0.54116,0.54116,0.54116,0.54116,31.5446
Kraken:XRPUSD,2024-02-21T20:31:00Z,0.54087,0.54108,0.54087,0.54087,73902.53834876
Kraken:XRPUSD,2024-02-21T20:32:00Z,0.54087,0.54159,0.54087,0.54159,10791.71093002
Kraken:XRPUSD,2024-02-21T20:33:00Z,0.54141,0.54141,0.54138,0.54138,4E+3
Kraken:XRPUSD,2024-02-21T20:34:00Z,0.54192,0.54213,0.54189,0.54213,5845.32486944
Kraken:XRPUSD,2024-02-21T20:35:00Z,0.54201,0.5422,0.54201,0.5422,111.60048
Kraken:XRPUSD,2024-02-21T20:36:00Z,0.54212,0.54212,0.54178,0.54178,498.96522043
Kraken:XRPUSD,2024-02-21T20:38:00Z,0.54249,0.54249,0.54249,0.54249,25
Kraken:XRPUSD,2024-02-21T20:39:00Z,0.54241,0.54251,0.5424,0.5424,12611.28
Kraken:XRPUSD,2024-02-21T20:40:00Z,0.54212,0.54219,0.54212,0.54219,20222.86844937
Kraken:XRPUSD,2024-02-21T20:41:00Z,0.54258,0.54263,0.54258,0.54263,160.63813
Kraken:XRPUSD,2024-02-21T20:43:00Z,0.54221,0.54254,0.54221,0.54254,208.46947
Kraken:XRPUSD,2024-02-21T20:44:00Z,0.54221,0.54251,0.54221,0.54251,592.2394
Kraken:XRPUSD,2024-02-21T20:45:00Z,0.5422,0.54225,0.5422,0.54221,755.24267959
Kraken:XRPUSD,2024-02-21T20:46:00Z,0.54221,0.54221,0.54221,0.54221,4E+2
Kraken:XRPUSD,2024-02-21T20:47:00Z,0.5422,0.5422,0.5422,0.5422,29690.05220104
Kraken:XRPUSD,2024-02-21T20:48:00Z,0.54106,0.54106,0.54106,0.54106,32.74593
Kraken:XRPUSD,2024-02-21T20:50:00Z,0.54164,0.54164,0.54164,0.54164,105.88078
Kraken:XRPUSD,2024-02-21T20:51:00Z,0.5416,0.5416,0.54148,0.54148,1291.732827
Kraken:XRPUSD,2024-02-21T20:52:00Z,0.5415,0.5415,0.5415,0.5415,12.7685
Kraken:XRPUSD,2024-02-21T20:54:00Z,0.54216,0.54244,0.54216,0.54227,9929.93404603
Kraken:XRPUSD,2024-02-21T20:57:00Z,0.54176,0.54183,0.54176,0.54183,1008.67141063
Kraken:XRPUSD,2024-02-21T20:58:00Z,0.54194,0.54194,0.54194,0.54194,178.38994627
Kraken:XRPUSD,2024-02-21T20:59:00Z,0.54229,0.54229,0.54229,0.54229,178.60201
Kraken:XRPUSD,2024-02-21T21:00:00Z,0.54263,0.54279,0.54263,0.54279,1706.55183514
Kraken:XRPUSD,2024-02-21T21:01:00Z,0.54286,0.54286,0.54286,0.54286,2E+2
Kraken:XRPUSD,2024-02-21T21:02:00Z,0.54296,0.54296,0.54296,0.54296,148.24037417
Kraken:XRPUSD,2024-02-21T21:04:00Z,0.543,0.543,0.54262,0.54262,1091.88383307
Kraken:XRPUSD,2024-02-21T21:06:00Z,0.5431,0.54344,0.5431,0.54344,3328.20616372
Kraken:XRPUSD,2024-02-21T21:07:00Z,0.54345,0.54419,0.54345,0.54401,3388.72339867
Kraken:XRPUSD,2024-02-21T21:08:00Z,0.54401,0.54401,0.54398,0.54398,359.46544633
Kraken:XRPUSD,2024-02-21T21:09:00Z,0.54397,0.54397,0.54397,0.54397,171.32437
Kraken:XRPUSD,2024-02-21T21:10:00Z,0.54396,0.54396,0.54396,0.54396,1005
Kraken:XRPUSD,2024-02-21T21:11:00Z,0.54396,0.54397,0.54396,0.54397,1461.8011
Kraken:XRPUSD,2024-02-21T21:12:00Z,0.54396,0.54401,0.54396,0.54397,3865.00952376
Kraken:XRPUSD,2024-02-21T21:13:00Z,0.54397,0.54397,0.54396,0.54397,11294.93409243
Kraken:XRPUSD,2024-02-21T21:14:00Z,0.54396,0.54397,0.54396,0.54397,10605.31479
Kraken:XRPUSD,2024-02-21T21:15:00Z,0.54396,0.54396,0.54343,0.54343,29148.67176492
Kraken:XRPUSD,2024-02-21T21:16:00Z,0.54327,0.54327,0.54282,0.54282,2842.88456806
Kraken:XRPUSD,2024-02-21T21:17:00Z,0.54293,0.54293,0.54293,0.54293,425.66782
Kraken:XRPUSD,2024-02-21T21:18:00Z,0.54287,0.54303,0.54286,0.54286,6480.20672485
Kraken:XRPUSD,2024-02-21T21:19:00Z,0.54302,0.54302,0.54302,0.54302,184.72546
Kraken:XRPUSD,2024-02-21T21:21:00Z,0.54431,0.54431,0.54349,0.54349,460.4440742
Kraken:XRPUSD,2024-02-21T21:22:00Z,0.54334,0.54339,0.54259,0.5426,23251.87321924
Kraken:XRPUSD,2024-02-21T21:24:00Z,0.54318,0.54382,0.54303,0.54382,28867.78322439
Kraken:XRPUSD,2024-02-21T21:25:00Z,0.54436,0.54456,0.54436,0.54442,2240.87186665
Kraken:XRPUSD,2024-02-21T21:26:00Z,0.54428,0.54428,0.54428,0.54428,1E+4
Kraken:XRPUSD,2024-02-21T21:27:00Z,0.54428,0.5446,0.54428,0.5446,1127.7141866
Kraken:XRPUSD,2024-02-21T21:28:00Z,0.5446,0.54489,0.5446,0.5448,11029.53244683
Kraken:XRPUSD,2024-02-21T21:30:00Z,0.545,0.54581,0.545,0.54566,22429.95697266
Kraken:XRPUSD,2024-02-21T21:31:00Z,0.546,0.546,0.5455,0.5455,5177.48268
Kraken:XRPUSD,2024-02-21T21:32:00Z,0.54529,0.54561,0.54529,0.54561,1E+5
Kraken:XRPUSD,2024-02-21T21:33:00Z,0.54463,0.54491,0.54462,0.54491,8093.04972936
Kraken:XRPUSD,2024-02-21T21:34:00Z,0.54457,0.54457,0.54457,0.54457,2.5E+3
Kraken:XRPUSD,2024-02-21T21:35:00Z,0.5455,0.5455,0.54534,0.54534,537.73334
Kraken:XRPUSD,2024-02-21T21:36:00Z,0.5453,0.54581,0.5451,0.54581,10028.37121
Kraken:XRPUSD,2024-02-21T21:37:00Z,0.54555,0.54555,0.54523,0.54524,7611.04679331
Kraken:XRPUSD,2024-02-21T21:38:00Z,0.54528,0.54528,0.54528,0.54528,323.14046
Kraken:XRPUSD,2024-02-21T21:39:00Z,0.54487,0.54542,0.54487,0.54542,2209.59867
Kraken:XRPUSD,2024-02-21T21:45:00Z,0.54575,0.54575,0.54575,0.54575,346.04032
Kraken:XRPUSD,2024-02-21T21:46:00Z,0.54532,0.54532,0.54532,0.54532,1588.82442
Kraken:XRPUSD,2024-02-21T21:48:00Z,0.54516,0.54516,0.54516,0.54516,33.83518
Kraken:XRPUSD,2024-02-21T21:50:00Z,0.5452,0.5452,0.5452,0.5452,531.55874
Kraken:XRPUSD,2024-02-21T21:51:00Z,0.5452,0.5452,0.5452,0.5452,254.375707
Kraken:XRPUSD,2024-02-21T21:52:00Z,0.5459,0.5459,0.5459,0.5459,56.26438
Kraken:XRPUSD,2024-02-21T21:53:00Z,0.5459,0.54619,0.5459,0.54619,2546.61872535
Kraken:XRPUSD,2024-02-21T21:55:00Z,0.54592,0.54592,0.54561,0.54561,2107.81699945
Kraken:XRPUSD,2024-02-21T21:56:00Z,0.54569,0.54589,0.54569,0.54589,2287.94766505
Kraken:XRPUSD,2024-02-21T21:57:00Z,0.54591,0.5465,0.54591,0.5465,29239.8961283
Kraken:XRPUSD,2024-02-21T21:58:00Z,0.54643,0.54643,0.54643,0.54643,85.23199
Kraken:XRPUSD,2024-02-21T21:59:00Z,0.54643,0.54643,0.54617,0.54626,15395.20101807
Kraken:XRPUSD,2024-02-21T22:00:00Z,0.54619,0.54619,0.54619,0.54619,18505.31000016
Kraken:XRPUSD,2024-02-21T22:01:00Z,0.54618,0.54618,0.54584,0.54584,9569.37433479
Kraken:XRPUSD,2024-02-21T22:02:00Z,0.54619,0.54619,0.54619,0.54619,82.389214
Kraken:XRPUSD,2024-02-21T22:03:00Z,0.54619,0.54659,0.54619,0.54659,809.8981673
Kraken:XRPUSD,2024-02-21T22:04:00Z,0.54636,0.54648,0.54561,0.54561,4788.09042
Kraken:XRPUSD,2024-02-21T22:05:00Z,0.54589,0.54589,0.54589,0.54589,1.9
Kraken:XRPUSD,2024-02-21T22:06:00Z,0.54616,0.54625,0.54607,0.54625,9753.5988
Kraken:XRPUSD,2024-02-21T22:07:00Z,0.54636,0.54636,0.54636,0.54636,1.91
Kraken:XRPUSD,2024-02-21T22:09:00Z,0.54576,0.54608,0.54576,0.54608,627.51813663
Kraken:XRPUSD,2024-02-21T22:10:00Z,0.54606,0.54606,0.54606,0.54606,158.82117
Kraken:XRPUSD,2024-02-21T22:12:00Z,0.54581,0.54581,0.54558,0.54558,258.65600644
Kraken:XRPUSD,2024-02-21T22:13:00Z,0.54582,0.54582,0.54541,0.54541,4296.89922882
Kraken:XRPUSD,2024-02-21T22:14:00Z,0.54558,0.54558,0.54558,0.54558,35.50239
Kraken:XRPUSD,2024-02-21T22:15:00Z,0.54515,0.54515,0.54515,0.54515,48.83664424
Kraken:XRPUSD,2024-02-21T22:16:00Z,0.54516,0.54516,0.54516,0.54516,9.03608
Kraken:XRPUSD,2024-02-21T22:17:00Z,0.54516,0.54516,0.5451,0.5451,5482.12997847
Kraken:XRPUSD,2024-02-21T22:18:00Z,0.54542,0.54542,0.5454,0.5454,2.5E+4
Kraken:XRPUSD,2024-02-21T22:20:00Z,0.5451,0.5451,0.5451,0.5451,7.55825
Kraken:XRPUSD,2024-02-21T22:21:00Z,0.5451,0.5451,0.5451,0.5451,3E+1
Kraken:XRPUSD,2024-02-21T22:23:00Z,0.5451,0.54531,0.5451,0.54531,519.684331
Kraken:XRPUSD,2024-02-21T22:24:00Z,0.54513,0.54533,0.5451,0.5451,273.31249
Kraken:XRPUSD,2024-02-21T22:25:00Z,0.54511,0.54511,0.5451,0.5451,72.25978
Kraken:XRPUSD,2024-02-21T22:26:00Z,0.54609,0.54609,0.54609,0.54609,84.94205
Kraken:XRPUSD,2024-02-21T22:28:00Z,0.54562,0.54565,0.54555,0.54565,25540.99226885
Kraken:XRPUSD,2024-02-21T22:29:00Z,0.54568,0.54569,0.54568,0.54569,1302.13951
Kraken:XRPUSD,2024-02-21T22:30:00Z,0.54529,0.54543,0.54528,0.54543,13121.68402427
Kraken:XRPUSD,2024-02-21T22:31:00Z,0.54542,0.54542,0.54542,0.54542,84.5784
Kraken:XRPUSD,2024-02-21T22:32:00Z,0.54572,0.54625,0.54572,0.54625,505.59608837
Kraken:XRPUSD,2024-02-21T22:33:00Z,0.54623,0.54623,0.54623,0.54623,57.56955
Kraken:XRPUSD,2024-02-21T22:36:00Z,0.54627,0.54627,0.54627,0.54627,38.98675
Kraken:XRPUSD,2024-02-21T22:37:00Z,0.54627,0.54627,0.54627,0.54627,19700.34841515
Kraken:XRPUSD,2024-02-21T22:38:00Z,0.54628,0.54628,0.54628,0.54628,200.24028835
Kraken:XRPUSD,2024-02-21T22:39:00Z,0.54627,0.54665,0.54627,0.54665,916.32939413
Kraken:XRPUSD,2024-02-21T22:40:00Z,0.54674,0.54708,0.54674,0.54697,30879.52264918
Kraken:XRPUSD,2024-02-21T22:41:00Z,0.54691,0.54691,0.54691,0.54691,338.41034173
Kraken:XRPUSD,2024-02-21T22:42:00Z,0.5469,0.5469,0.54659,0.54659,30201.83600143
Kraken:XRPUSD,2024-02-21T22:43:00Z,0.5466,0.54671,0.5466,0.54671,850.12353383
Kraken:XRPUSD,2024-02-21T22:44:00Z,0.54661,0.54662,0.54661,0.54662,216.21389158
Kraken:XRPUSD,2024-02-21T22:45:00Z,0.54663,0.54663,0.54663,0.54663,4171.13349
Kraken:XRPUSD,2024-02-21T22:46:00Z,0.54671,0.54671,0.54671,0.54671,43.91181
Kraken:XRPUSD,2024-02-21T22:47:00Z,0.5467,0.5467,0.5467,0.5467,226
Kraken:XRPUSD,2024-02-21T22:48:00Z,0.54671,0.54671,0.54671,0.54671,36582.46602402
Kraken:XRPUSD,2024-02-21T22:51:00Z,0.54669,0.54671,0.54669,0.54669,25246.54763
Kraken:XRPUSD,2024-02-21T22:52:00Z,0.54671,0.5469,0.54671,0.54685,26053.94472412
Kraken:XRPUSD,2024-02-21T22:53:00Z,0.54647,0.54647,0.54629,0.54629,1186.18914
Kraken:XRPUSD,2024-02-21T22:54:00Z,0.54635,0.54635,0.54624,0.54624,60.109118
Kraken:XRPUSD,2024-02-21T22:55:00Z,0.54635,0.54635,0.54621,0.54621,10155.39708977
Kraken:XRPUSD,2024-02-21T22:56:00Z,0.54639,0.54639,0.54639,0.54639,88.62928
Kraken:XRPUSD,2024-02-21T22:57:00Z,0.5466,0.5466,0.5466,0.5466,91.47457007
Kraken:XRPUSD,2024-02-21T22:58:00Z,0.54679,0.5468,0.54679,0.5468,125.56093273
Kraken:XRPUSD,2024-02-21T22:59:00Z,0.5471,0.5477,0.5471,0.5477,4373.41797399
Kraken:XRPUSD,2024-02-21T23:00:00Z,0.5478,0.5478,0.54768,0.54772,1158.7250495
Kraken:XRPUSD,2024-02-21T23:03:00Z,0.54784,0.54882,0.54784,0.54799,277127.48664444
Kraken:XRPUSD,2024-02-21T23:04:00Z,0.54803,0.54855,0.54795,0.54842,618.24246
Kraken:XRPUSD,2024-02-21T23:05:00Z,0.54834,0.54834,0.54834,0.54834,441.57047
Kraken:XRPUSD,2024-02-21T23:06:00Z,0.54821,0.54875,0.54821,0.54875,626.444769
Kraken:XRPUSD,2024-02-21T23:07:00Z,0.54791,0.54791,0.54791,0.54791,184.55585771
Kraken:XRPUSD,2024-02-21T23:09:00Z,0.54785,0.54827,0.54785,0.54827,19.13396
Kraken:XRPUSD,2024-02-21T23:11:00Z,0.54846,0.54846,0.54846,0.54846,22.50178847
Kraken:XRPUSD,2024-02-21T23:12:00Z,0.54855,0.54855,0.54801,0.54801,19819.82664
Kraken:XRPUSD,2024-02-21T23:13:00Z,0.54791,0.54791,0.54791,0.54791,1E+1
Kraken:XRPUSD,2024-02-21T23:14:00Z,0.54792,0.54792,0.54792,0.54792,175
Kraken:XRPUSD,2024-02-21T23:15:00Z,0.54792,0.5481,0.54792,0.5481,779.92471
Kraken:XRPUSD,2024-02-21T23:16:00Z,0.54816,0.54852,0.54816,0.54852,358.77692
Kraken:XRPUSD,2024-02-21T23:17:00Z,0.54846,0.54846,0.54846,0.54846,2E+2
Kraken:XRPUSD,2024-02-21T23:18:00Z,0.54864,0.54865,0.54835,0.54835,3244.54967
Kraken:XRPUSD,2024-02-21T23:19:00Z,0.54831,0.54831,0.54831,0.54831,188.57591
Kraken:XRPUSD,2024-02-21T23:21:00Z,0.54846,0.54846,0.54846,0.54846,1030.2851567
Kraken:XRPUSD,2024-02-21T23:22:00Z,0.54847,0.54847,0.54847,0.54847,182.32538
Kraken:XRPUSD,2024-02-21T23:23:00Z,0.54846,0.54846,0.54846,0.54846,99.35422
Kraken:XRPUSD,2024-02-21T23:24:00Z,0.54845,0.54847,0.54831,0.54847,219.364227
Kraken:XRPUSD,2024-02-21T23:25:00Z,0.54831,0.54831,0.54831,0.54831,38.2216
Kraken:XRPUSD,2024-02-21T23:26:00Z,0.5483,0.5483,0.5483,0.5483,113.74661
Kraken:XRPUSD,2024-02-21T23:29:00Z,0.54831,0.54831,0.54831,0.54831,47.56308
Kraken:XRPUSD,2024-02-21T23:30:00Z,0.5483,0.54831,0.5483,0.54831,969.682209
Kraken:XRPUSD,2024-02-21T23:31:00Z,0.54831,0.54831,0.54831,0.54831,2E+3
Kraken:XRPUSD,2024-02-21T23:32:00Z,0.5483,0.5483,0.5483,0.5483,5321.0037246
Kraken:XRPUSD,2024-02-21T23:33:00Z,0.54792,0.54792,0.54784,0.54784,1346.4862034
Kraken:XRPUSD,2024-02-21T23:35:00Z,0.54803,0.54803,0.54803,0.54803,521.7806
Kraken:XRPUSD,2024-02-21T23:36:00Z,0.54804,0.54804,0.54804,0.54804,12.04734
Kraken:XRPUSD,2024-02-21T23:37:00Z,0.5481,0.5481,0.5481,0.5481,1226.172324
Kraken:XRPUSD,2024-02-21T23:38:00Z,0.54811,0.54811,0.54811,0.54811,76
Kraken:XRPUSD,2024-02-21T23:39:00Z,0.54811,0.54847,0.54811,0.54842,978.55375
Kraken:XRPUSD,2024-02-21T23:42:00Z,0.54844,0.54865,0.54844,0.54865,2098.76043432
Kraken:XRPUSD,2024-02-21T23:43:00Z,0.54868,0.54868,0.54862,0.54862,28062.71841463
Kraken:XRPUSD,2024-02-21T23:45:00Z,0.54855,0.54859,0.54854,0.54858,6651.97757885
Kraken:XRPUSD,2024-02-21T23:46:00Z,0.54859,0.5486,0.54859,0.5486,210.81780777
Kraken:XRPUSD,2024-02-21T23:47:00Z,0.5486,0.5486,0.54859,0.54859,3369.89072604
Kraken:XRPUSD,2024-02-21T23:48:00Z,0.5486,0.5486,0.5486,0.5486,95.88132486
Kraken:XRPUSD,2024-02-21T23:50:00Z,0.54894,0.54894,0.54894,0.54894,64.43465081
Kraken:XRPUSD,2024-02-21T23:51:00Z,0.54894,0.54894,0.54894,0.54894,35
Kraken:XRPUSD,2024-02-21T23:52:00Z,0.54894,0.54894,0.54894,0.54894,1E+2
Kraken:XRPUSD,2024-02-21T23:54:00Z,0.54894,0.549,0.54894,0.549,450.18925365
Kraken:XRPUSD,2024-02-21T23:55:00Z,0.549,0.54921,0.549,0.54921,27231.09658641
Kraken:XRPUSD,2024-02-21T23:56:00Z,0.54921,0.54921,0.54921,0.54921,2303.3083884
Kraken:XRPUSD,2024-02-21T23:57:00Z,0.5492,0.5492,0.5492,0.5492,7509.40285876
Kraken:XRPUSD,2024-02-21T23:58:00Z,0.5492,0.54922,0.5492,0.54922,216.99496
Kraken:XRPUSD,2024-02-21T23:59:00Z,0.54921,0.54921,0.54903,0.54903,18518.20164133
