Kraken:ETHEUR,2020-11-07T00:00:00Z,384.78,384.92,384.48,384.48,39.83611872
Kraken:ETHEUR,2020-11-07T00:01:00Z,384.54,384.54,384.27,384.27,26.93786488
Kraken:ETHEUR,2020-11-07T00:02:00Z,384.25,384.71,384.25,384.7,60.01740667
Kraken:ETHEUR,2020-11-07T00:03:00Z,384.97,385.14,384.97,385.14,24.5550039
Kraken:ETHEUR,2020-11-07T00:04:00Z,385.15,385.75,385.15,385.75,116.68437347
Kraken:ETHEUR,2020-11-07T00:05:00Z,385.75,386.77,385.62,386.77,2323.62569494
Kraken:ETHEUR,2020-11-07T00:06:00Z,386.51,387.77,386.51,387.77,229.22032737
Kraken:ETHEUR,2020-11-07T00:07:00Z,387.77,387.8,387.36,387.57,218.65559541
Kraken:ETHEUR,2020-11-07T00:08:00Z,387.8,388.33,387.79,388.33,182.26218595
Kraken:ETHEUR,2020-11-07T00:09:00Z,388.32,388.52,388.32,388.52,30.95555968
Kraken:ETHEUR,2020-11-07T00:10:00Z,388.53,388.63,388.37,388.38,18.03268652
Kraken:ETHEUR,2020-11-07T00:11:00Z,388.38,388.38,387.43,387.43,121.16109042
Kraken:ETHEUR,2020-11-07T00:12:00Z,387.36,387.84,387.34,387.84,3.93550346
Kraken:ETHEUR,2020-11-07T00:13:00Z,387.86,388.45,387.86,388.44,1.50390301
Kraken:ETHEUR,2020-11-07T00:14:00Z,388.44,388.44,388.01,388.01,3.00536399
Kraken:ETHEUR,2020-11-07T00:15:00Z,388.44,388.57,387.5,387.65,39.04301561
Kraken:ETHEUR,2020-11-07T00:16:00Z,387.5,387.5,387.32,387.36,11.4
Kraken:ETHEUR,2020-11-07T00:17:00Z,387.12,387.37,387.12,387.36,6.99573753
Kraken:ETHEUR,2020-11-07T00:18:00Z,388.0,388.0,387.85,387.99,90.21353202
Kraken:ETHEUR,2020-11-07T00:19:00Z,388.0,388.0,388.0,388.0,0.0518
Kraken:ETHEUR,2020-11-07T00:20:00Z,388.0,388.0,388.0,388.0,10.71444
Kraken:ETHEUR,2020-11-07T00:21:00Z,388.65,391.11,388.65,390.6,780.25478112
Kraken:ETHEUR,2020-11-07T00:22:00Z,390.4,391.08,390.06,390.82,66.72044528
Kraken:ETHEUR,2020-11-07T00:23:00Z,390.89,391.07,390.67,390.67,2.44454991
Kraken:ETHEUR,2020-11-07T00:24:00Z,390.0,390.0,390.0,390.0,50.5778297
Kraken:ETHEUR,2020-11-07T00:25:00Z,390.06,390.92,390.06,390.7,113.07946157
Kraken:ETHEUR,2020-11-07T00:26:00Z,390.39,390.5,390.37,390.37,35.32312614
Kraken:ETHEUR,2020-11-07T00:27:00Z,390.23,390.36,390.23,390.36,4.28869451
Kraken:ETHEUR,2020-11-07T00:28:00Z,390.28,390.54,390.28,390.42,100.83757361
Kraken:ETHEUR,2020-11-07T00:29:00Z,390.52,391.0,390.52,391.0,6.83280735
Kraken:ETHEUR,2020-11-07T00:30:00Z,391.0,391.48,390.56,390.88,148.70463677
Kraken:ETHEUR,2020-11-07T00:31:00Z,390.75,390.75,390.27,390.43,34.80639679
Kraken:ETHEUR,2020-11-07T00:32:00Z,390.43,390.43,390.13,390.13,29.42716
Kraken:ETHEUR,2020-11-07T00:33:00Z,390.0,390.01,389.63,390.0,92.39318521
Kraken:ETHEUR,2020-11-07T00:34:00Z,390.54,390.79,390.41,390.79,157.77939358
Kraken:ETHEUR,2020-11-07T00:35:00Z,390.79,391.06,390.74,390.74,192.28804786
Kraken:ETHEUR,2020-11-07T00:36:00Z,390.7,391.26,390.44,391.26,162.86585655
Kraken:ETHEUR,2020-11-07T00:37:00Z,391.29,391.29,391.15,391.29,4.42692623
Kraken:ETHEUR,2020-11-07T00:38:00Z,391.3,391.79,391.0,391.0,67.47689388
Kraken:ETHEUR,2020-11-07T00:39:00Z,391.0,391.0,390.01,390.01,42.76211394
Kraken:ETHEUR,2020-11-07T00:40:00Z,390.01,390.07,390.01,390.07,0.89616492
Kraken:ETHEUR,2020-11-07T00:41:00Z,390.07,390.08,390.07,390.08,11.22488
Kraken:ETHEUR,2020-11-07T00:42:00Z,390.07,390.08,390.07,390.08,2.1
Kraken:ETHEUR,2020-11-07T00:43:00Z,390.07,390.42,390.07,390.32,126.33465619
Kraken:ETHEUR,2020-11-07T00:44:00Z,390.23,390.66,390.23,390.66,101.5246317
Kraken:ETHEUR,2020-11-07T00:45:00Z,390.66,391.39,390.66,391.24,23.70706539
Kraken:ETHEUR,2020-11-07T00:46:00Z,391.73,391.8,391.66,391.8,92.50703616
Kraken:ETHEUR,2020-11-07T00:47:00Z,391.77,391.78,391.66,391.77,11.26219085
Kraken:ETHEUR,2020-11-07T00:48:00Z,391.62,391.62,390.65,390.65,14.97253474
Kraken:ETHEUR,2020-11-07T00:49:00Z,390.27,390.44,390.22,390.22,14.35241249
Kraken:ETHEUR,2020-11-07T00:50:00Z,390.19,390.19,390.18,390.18,1.09833338
Kraken:ETHEUR,2020-11-07T00:51:00Z,390.17,390.17,390.02,390.04,5.64716065
Kraken:ETHEUR,2020-11-07T00:52:00Z,390.65,390.65,390.07,390.07,41.08189998
Kraken:ETHEUR,2020-11-07T00:53:00Z,390.07,390.07,390.0,390.0,105.32887478
Kraken:ETHEUR,2020-11-07T00:54:00Z,390.0,390.0,389.6,389.6,80.62663121
Kraken:ETHEUR,2020-11-07T00:55:00Z,389.68,389.72,389.6,389.72,17.47514123
Kraken:ETHEUR,2020-11-07T00:56:00Z,389.93,390.01,389.89,390.01,16.01249539
Kraken:ETHEUR,2020-11-07T00:57:00Z,390.98,391.55,390.96,391.38,5.00552277
Kraken:ETHEUR,2020-11-07T00:58:00Z,391.42,391.42,391.42,391.42,0.26145578
Kraken:ETHEUR,2020-11-07T00:59:00Z,391.38,391.39,390.93,390.93,2.43646361
Kraken:ETHEUR,2020-11-07T01:00:00Z,390.8,390.8,390.01,390.01,2.063461
Kraken:ETHEUR,2020-11-07T01:01:00Z,389.72,389.72,389.51,389.54,39.95
Kraken:ETHEUR,2020-11-07T01:02:00Z,390.03,390.16,389.98,389.98,9.22191495
Kraken:ETHEUR,2020-11-07T01:03:00Z,390.0,390.18,389.9,390.18,8.31852038
Kraken:ETHEUR,2020-11-07T01:04:00Z,391.23,391.23,391.23,391.23,45.89149773
Kraken:ETHEUR,2020-11-07T01:05:00Z,390.55,390.55,390.55,390.55,0.02264733
Kraken:ETHEUR,2020-11-07T01:06:00Z,390.61,390.61,390.41,390.41,8.15110839
Kraken:ETHEUR,2020-11-07T01:07:00Z,389.91,389.93,389.76,389.9,15.23024997
Kraken:ETHEUR,2020-11-07T01:08:00Z,389.97,390.37,389.87,390.37,35.48035416
Kraken:ETHEUR,2020-11-07T01:09:00Z,390.37,390.39,390.28,390.39,116.1
Kraken:ETHEUR,2020-11-07T01:10:00Z,390.38,390.4,390.38,390.4,140.19300704
Kraken:ETHEUR,2020-11-07T01:11:00Z,390.4,390.4,390.39,390.39,282.25894101
Kraken:ETHEUR,2020-11-07T01:12:00Z,390.4,391.01,390.4,391.01,13.72795613
Kraken:ETHEUR,2020-11-07T01:13:00Z,391.23,391.23,391.22,391.22,0.13488744
Kraken:ETHEUR,2020-11-07T01:14:00Z,391.23,391.23,391.15,391.15,6.6480482
Kraken:ETHEUR,2020-11-07T01:15:00Z,391.19,391.23,391.18,391.21,6.63137267
Kraken:ETHEUR,2020-11-07T01:16:00Z,391.16,391.16,391.16,391.16,0.99340612
Kraken:ETHEUR,2020-11-07T01:17:00Z,391.15,391.15,390.89,390.89,0.25767901
Kraken:ETHEUR,2020-11-07T01:18:00Z,390.96,390.96,390.67,390.72,0.68517044
Kraken:ETHEUR,2020-11-07T01:19:00Z,390.39,390.39,389.91,389.92,12.77110627
Kraken:ETHEUR,2020-11-07T01:20:00Z,389.74,389.83,389.51,389.83,2.4
Kraken:ETHEUR,2020-11-07T01:21:00Z,389.46,389.48,389.39,389.4,0.26652587
Kraken:ETHEUR,2020-11-07T01:22:00Z,389.55,390.24,389.55,389.57,50.62748062
Kraken:ETHEUR,2020-11-07T01:23:00Z,389.51,389.8,389.51,389.8,4.51628478
Kraken:ETHEUR,2020-11-07T01:24:00Z,390.19,390.57,390.18,390.57,6.59126488
Kraken:ETHEUR,2020-11-07T01:25:00Z,390.56,390.6,390.55,390.6,4.58244109
Kraken:ETHEUR,2020-11-07T01:26:00Z,390.6,390.6,390.59,390.6,22.43848334
Kraken:ETHEUR,2020-11-07T01:27:00Z,390.55,390.55,390.55,390.55,1
Kraken:ETHEUR,2020-11-07T01:28:00Z,390.6,390.6,390.6,390.6,397.46203835
Kraken:ETHEUR,2020-11-07T01:29:00Z,390.59,390.59,390.59,390.59,10.74608
Kraken:ETHEUR,2020-11-07T01:30:00Z,390.4,390.57,390.4,390.57,15.76471096
Kraken:ETHEUR,2020-11-07T01:31:00Z,390.54,390.54,390.54,390.54,0.0260288
Kraken:ETHEUR,2020-11-07T01:32:00Z,390.45,390.54,390.27,390.4,29.38014629
Kraken:ETHEUR,2020-11-07T01:33:00Z,390.26,390.53,390.25,390.43,25.86324739
Kraken:ETHEUR,2020-11-07T01:35:00Z,390.45,390.45,390.45,390.45,0.89409988
Kraken:ETHEUR,2020-11-07T01:36:00Z,390.46,391.02,390.46,390.89,25.12760872
Kraken:ETHEUR,2020-11-07T01:37:00Z,390.61,390.64,390.5,390.53,50.84578267
Kraken:ETHEUR,2020-11-07T01:38:00Z,390.6,390.71,390.6,390.71,18.61310428
Kraken:ETHEUR,2020-11-07T01:39:00Z,390.72,390.74,390.7,390.7,23.72579
Kraken:ETHEUR,2020-11-07T01:40:00Z,390.98,390.98,390.98,390.98,0.11644821
Kraken:ETHEUR,2020-11-07T01:41:00Z,390.99,391.01,390.96,391.01,31.67541569
Kraken:ETHEUR,2020-11-07T01:42:00Z,391.0,391.0,391.0,391.0,0.90129514
Kraken:ETHEUR,2020-11-07T01:43:00Z,391.0,392.99,391.0,392.3,296.78381957
Kraken:ETHEUR,2020-11-07T01:44:00Z,392.21,392.24,391.78,392.02,18.64440205
Kraken:ETHEUR,2020-11-07T01:45:00Z,391.82,393.88,391.82,393.38,71.44292239
Kraken:ETHEUR,2020-11-07T01:46:00Z,393.79,393.79,393.0,393.18,70.4254305
Kraken:ETHEUR,2020-11-07T01:47:00Z,393.3,393.65,393.3,393.65,15.23366526
Kraken:ETHEUR,2020-11-07T01:48:00Z,393.64,393.64,393.2,393.2,287.94658213
Kraken:ETHEUR,2020-11-07T01:49:00Z,392.77,392.92,392.77,392.92,4.42972346
Kraken:ETHEUR,2020-11-07T01:50:00Z,393.0,393.0,393.0,393.0,0.96443225
Kraken:ETHEUR,2020-11-07T01:51:00Z,393.0,393.03,392.8,393.03,4.20194195
Kraken:ETHEUR,2020-11-07T01:52:00Z,393.09,393.75,393.09,393.57,27.57345342
Kraken:ETHEUR,2020-11-07T01:53:00Z,393.22,393.22,393.22,393.22,0.02562437
Kraken:ETHEUR,2020-11-07T01:54:00Z,393.6,394.22,393.6,394.2,40.76756441
Kraken:ETHEUR,2020-11-07T01:55:00Z,393.99,394.21,393.77,394.21,141.0581438
Kraken:ETHEUR,2020-11-07T01:56:00Z,393.62,393.62,393.33,393.33,5.1742306
Kraken:ETHEUR,2020-11-07T01:57:00Z,393.11,393.11,392.58,392.58,120.43809332
Kraken:ETHEUR,2020-11-07T01:58:00Z,392.05,392.16,391.32,391.54,25.17772947
Kraken:ETHEUR,2020-11-07T01:59:00Z,391.56,392.02,391.54,392.02,14.75468821
Kraken:ETHEUR,2020-11-07T02:00:00Z,391.98,392.07,391.94,391.94,6.54220905
Kraken:ETHEUR,2020-11-07T02:01:00Z,391.75,391.76,391.48,391.5,9.25163488
Kraken:ETHEUR,2020-11-07T02:02:00Z,391.43,391.57,391.09,391.29,7.56510989
Kraken:ETHEUR,2020-11-07T02:03:00Z,391.2,391.2,390.87,390.99,56.08484675
Kraken:ETHEUR,2020-11-07T02:04:00Z,390.9,390.93,390.71,390.71,1.06139203
Kraken:ETHEUR,2020-11-07T02:05:00Z,390.7,390.7,390.7,390.7,0.1
Kraken:ETHEUR,2020-11-07T02:06:00Z,390.75,390.76,389.75,390.16,64.77837075
Kraken:ETHEUR,2020-11-07T02:07:00Z,389.86,389.86,389.77,389.77,0.237
Kraken:ETHEUR,2020-11-07T02:08:00Z,390.66,391.05,390.66,391.05,3.4511
Kraken:ETHEUR,2020-11-07T02:09:00Z,391.37,391.77,391.37,391.77,2.59683393
Kraken:ETHEUR,2020-11-07T02:10:00Z,391.75,391.75,391.4,391.4,9.62417625
Kraken:ETHEUR,2020-11-07T02:11:00Z,391.37,391.37,390.48,390.58,4.32489502
Kraken:ETHEUR,2020-11-07T02:12:00Z,390.79,390.79,390.79,390.79,5
Kraken:ETHEUR,2020-11-07T02:13:00Z,390.6,390.6,390.32,390.56,130.05118
Kraken:ETHEUR,2020-11-07T02:14:00Z,390.49,390.79,390.49,390.79,7.24839823
Kraken:ETHEUR,2020-11-07T02:15:00Z,390.79,391.15,390.79,391.15,249.37123776
Kraken:ETHEUR,2020-11-07T02:17:00Z,390.52,390.76,390.52,390.76,5.45727933
Kraken:ETHEUR,2020-11-07T02:18:00Z,390.52,390.89,390.35,390.89,0.80542905
Kraken:ETHEUR,2020-11-07T02:19:00Z,390.99,390.99,390.59,390.59,120.98527691
Kraken:ETHEUR,2020-11-07T02:20:00Z,391.2,391.43,391.2,391.43,3.6083952
Kraken:ETHEUR,2020-11-07T02:21:00Z,391.55,391.58,391.55,391.56,7.58859025
Kraken:ETHEUR,2020-11-07T02:22:00Z,391.64,391.9,391.64,391.76,54.0422
Kraken:ETHEUR,2020-11-07T02:23:00Z,391.83,391.83,391.21,391.21,32.00193753
Kraken:ETHEUR,2020-11-07T02:24:00Z,391.44,391.44,391.39,391.44,30.71816421
Kraken:ETHEUR,2020-11-07T02:25:00Z,391.01,391.01,390.79,390.8,28.96881115
Kraken:ETHEUR,2020-11-07T02:27:00Z,390.54,390.54,389.85,389.85,12.6196892
Kraken:ETHEUR,2020-11-07T02:28:00Z,389.81,390.42,389.32,390.42,157.55243442
Kraken:ETHEUR,2020-11-07T02:29:00Z,389.84,390.22,389.8,390.22,50.24126178
Kraken:ETHEUR,2020-11-07T02:31:00Z,390.23,390.23,390.09,390.09,1E+2
Kraken:ETHEUR,2020-11-07T02:32:00Z,390.42,390.42,390.42,390.42,0.52
Kraken:ETHEUR,2020-11-07T02:33:00Z,390.31,390.44,390.31,390.44,0.25223731
Kraken:ETHEUR,2020-11-07T02:35:00Z,390.03,390.03,390.03,390.03,6.90680178
Kraken:ETHEUR,2020-11-07T02:36:00Z,390.02,390.02,388.92,388.96,25.42165122
Kraken:ETHEUR,2020-11-07T02:37:00Z,389.31,389.82,389.31,389.82,13.81423359
Kraken:ETHEUR,2020-11-07T02:38:00Z,389.82,389.82,389.82,389.82,0.059
Kraken:ETHEUR,2020-11-07T02:39:00Z,389.57,389.57,388.0,388.0,27.15987352
Kraken:ETHEUR,2020-11-07T02:40:00Z,388.0,388.0,386.89,387.63,83.67897863
Kraken:ETHEUR,2020-11-07T02:41:00Z,386.89,386.89,386.37,386.44,43.48551599
Kraken:ETHEUR,2020-11-07T02:42:00Z,386.12,386.32,385.45,386.1,14.70198818
Kraken:ETHEUR,2020-11-07T02:43:00Z,386.09,387.26,386.09,387.26,6.51960097
Kraken:ETHEUR,2020-11-07T02:45:00Z,386.93,387.1,386.87,386.9,32.44446123
Kraken:ETHEUR,2020-11-07T02:46:00Z,387.7,387.7,387.63,387.7,0.5628323
Kraken:ETHEUR,2020-11-07T02:47:00Z,387.44,387.61,387.44,387.61,0.13366769
Kraken:ETHEUR,2020-11-07T02:48:00Z,387.0,387.0,387.0,387.0,1.04712428
Kraken:ETHEUR,2020-11-07T02:49:00Z,387.0,387.0,386.99,386.99,4.825336
Kraken:ETHEUR,2020-11-07T02:51:00Z,387.47,387.93,387.47,387.93,34.67016468
Kraken:ETHEUR,2020-11-07T02:52:00Z,387.95,388.0,387.95,388.0,23.39114248
Kraken:ETHEUR,2020-11-07T02:53:00Z,387.61,387.61,387.61,387.61,0.1135
Kraken:ETHEUR,2020-11-07T02:54:00Z,387.72,387.72,387.72,387.72,0.22637258
Kraken:ETHEUR,2020-11-07T02:55:00Z,387.22,387.63,387.22,387.63,2.46000394
Kraken:ETHEUR,2020-11-07T02:57:00Z,387.84,387.84,387.84,387.84,2
Kraken:ETHEUR,2020-11-07T02:58:00Z,387.84,387.84,387.84,387.84,8
Kraken:ETHEUR,2020-11-07T02:59:00Z,387.59,387.59,387.2,387.2,13.84
Kraken:ETHEUR,2020-11-07T03:00:00Z,388.01,388.27,388.01,388.27,0.09542487
Kraken:ETHEUR,2020-11-07T03:01:00Z,388.62,389.75,388.62,389.75,2.19092742
Kraken:ETHEUR,2020-11-07T03:02:00Z,389.01,389.01,389.0,389.0,1.69349058
Kraken:ETHEUR,2020-11-07T03:04:00Z,389.14,389.14,389.08,389.08,2.5115678
Kraken:ETHEUR,2020-11-07T03:05:00Z,388.92,388.92,388.89,388.89,17.40785127
Kraken:ETHEUR,2020-11-07T03:07:00Z,389.7,389.7,389.7,389.7,0.32805154
Kraken:ETHEUR,2020-11-07T03:09:00Z,389.4,389.57,388.94,388.94,3.06889613
Kraken:ETHEUR,2020-11-07T03:11:00Z,388.58,388.91,388.58,388.91,0.3932
Kraken:ETHEUR,2020-11-07T03:12:00Z,389.35,389.35,389.35,389.35,1
Kraken:ETHEUR,2020-11-07T03:13:00Z,389.35,389.35,389.08,389.08,1.37697424
Kraken:ETHEUR,2020-11-07T03:14:00Z,388.78,388.78,388.77,388.77,3.67848705
Kraken:ETHEUR,2020-11-07T03:15:00Z,389.46,389.46,389.46,389.46,0.5
Kraken:ETHEUR,2020-11-07T03:17:00Z,389.53,389.53,389.53,389.53,0.03
Kraken:ETHEUR,2020-11-07T03:18:00Z,389.47,389.47,389.41,389.41,1.25633502
Kraken:ETHEUR,2020-11-07T03:19:00Z,388.83,388.83,388.65,388.66,21.00955097
Kraken:ETHEUR,2020-11-07T03:20:00Z,388.55,388.64,388.53,388.53,39.17703286
Kraken:ETHEUR,2020-11-07T03:22:00Z,389.13,389.13,389.13,389.13,3.98682948
Kraken:ETHEUR,2020-11-07T03:23:00Z,389.3,389.3,389.3,389.3,0.05586602
Kraken:ETHEUR,2020-11-07T03:24:00Z,389.31,389.31,389.31,389.31,6.8120414
Kraken:ETHEUR,2020-11-07T03:25:00Z,389.31,389.31,389.3,389.3,2.79103021
Kraken:ETHEUR,2020-11-07T03:26:00Z,389.1,389.1,389.0,389.0,7.61355485
Kraken:ETHEUR,2020-11-07T03:27:00Z,388.64,388.8,388.64,388.8,1.57108638
Kraken:ETHEUR,2020-11-07T03:28:00Z,388.8,389.31,388.79,389.31,2.22552328
Kraken:ETHEUR,2020-11-07T03:29:00Z,389.38,389.39,389.38,389.39,0.2
Kraken:ETHEUR,2020-11-07T03:30:00Z,389.24,389.24,388.12,388.12,22.2032479
Kraken:ETHEUR,2020-11-07T03:31:00Z,387.96,387.96,387.96,387.96,0.03870686
Kraken:ETHEUR,2020-11-07T03:32:00Z,387.39,387.39,387.39,387.39,0.04556368
Kraken:ETHEUR,2020-11-07T03:33:00Z,387.4,387.4,387.13,387.13,30.23911
Kraken:ETHEUR,2020-11-07T03:34:00Z,386.93,386.95,386.73,386.75,21.24516127
Kraken:ETHEUR,2020-11-07T03:35:00Z,386.71,386.71,386.48,386.58,16.21795736
Kraken:ETHEUR,2020-11-07T03:36:00Z,386.28,386.47,386.28,386.46,22.59977876
Kraken:ETHEUR,2020-11-07T03:38:00Z,386.31,386.42,384.01,384.95,759.43264209
Kraken:ETHEUR,2020-11-07T03:39:00Z,385.49,385.49,384.36,384.76,22.14255789
Kraken:ETHEUR,2020-11-07T03:40:00Z,385.78,386.93,385.78,386.93,24.16649107
Kraken:ETHEUR,2020-11-07T03:41:00Z,386.04,386.04,386.04,386.04,2
Kraken:ETHEUR,2020-11-07T03:44:00Z,386.44,386.44,386.19,386.19,2.55975959
Kraken:ETHEUR,2020-11-07T03:45:00Z,386.4,386.4,386.31,386.31,0.51472663
Kraken:ETHEUR,2020-11-07T03:46:00Z,386.94,386.94,386.94,386.94,2
Kraken:ETHEUR,2020-11-07T03:47:00Z,386.47,386.47,386.0,386.0,10.60877846
Kraken:ETHEUR,2020-11-07T03:48:00Z,386.3,386.3,386.3,386.3,0.04368974
Kraken:ETHEUR,2020-11-07T03:49:00Z,386.18,386.18,385.96,385.96,0.47609222
Kraken:ETHEUR,2020-11-07T03:51:00Z,386.23,386.23,386.23,386.23,0.19651491
Kraken:ETHEUR,2020-11-07T03:53:00Z,385.91,385.91,385.44,385.44,25.6946
Kraken:ETHEUR,2020-11-07T03:54:00Z,385.45,386.23,385.45,386.14,7.5031495
Kraken:ETHEUR,2020-11-07T03:55:00Z,386.4,386.4,386.4,386.4,0.24369534
Kraken:ETHEUR,2020-11-07T03:56:00Z,386.62,386.69,386.62,386.69,0.40721708
Kraken:ETHEUR,2020-11-07T03:57:00Z,386.25,386.25,386.21,386.21,2E+1
Kraken:ETHEUR,2020-11-07T03:58:00Z,386.51,386.52,386.16,386.16,23.98672
Kraken:ETHEUR,2020-11-07T04:00:00Z,386.6,386.6,386.01,386.58,21.62567314
Kraken:ETHEUR,2020-11-07T04:01:00Z,386.94,387.37,386.78,387.34,40.10149807
Kraken:ETHEUR,2020-11-07T04:02:00Z,387.39,387.91,387.39,387.89,42.47432513
Kraken:ETHEUR,2020-11-07T04:03:00Z,387.59,387.9,387.59,387.6,22
Kraken:ETHEUR,2020-11-07T04:04:00Z,387.96,387.96,387.96,387.96,0.10947878
Kraken:ETHEUR,2020-11-07T04:05:00Z,388.04,388.04,388.04,388.04,1
Kraken:ETHEUR,2020-11-07T04:06:00Z,388.04,388.04,387.84,387.84,5.99561676
Kraken:ETHEUR,2020-11-07T04:07:00Z,387.72,387.72,387.71,387.71,0.21897067
Kraken:ETHEUR,2020-11-07T04:08:00Z,388.08,388.08,388.08,388.08,0.0565378
Kraken:ETHEUR,2020-11-07T04:09:00Z,388.08,388.08,388.07,388.07,1.65871589
Kraken:ETHEUR,2020-11-07T04:10:00Z,388.08,388.6,388.08,388.6,12.06279951
Kraken:ETHEUR,2020-11-07T04:11:00Z,388.2,388.2,388.09,388.09,3.7857907
Kraken:ETHEUR,2020-11-07T04:12:00Z,388.09,388.09,388.09,388.09,0.12787618
Kraken:ETHEUR,2020-11-07T04:13:00Z,388.09,388.09,388.09,388.09,11.1016504
Kraken:ETHEUR,2020-11-07T04:15:00Z,388.28,388.28,388.28,388.28,0.19
Kraken:ETHEUR,2020-11-07T04:16:00Z,388.46,388.46,388.41,388.41,2.50668
Kraken:ETHEUR,2020-11-07T04:17:00Z,388.09,388.09,388.04,388.04,7
Kraken:ETHEUR,2020-11-07T04:18:00Z,388.12,388.12,388.12,388.12,3.91
Kraken:ETHEUR,2020-11-07T04:19:00Z,388.05,388.05,388.05,388.05,0.2658029
Kraken:ETHEUR,2020-11-07T04:20:00Z,388.39,388.39,388.39,388.39,2.27777418
Kraken:ETHEUR,2020-11-07T04:21:00Z,388.38,388.38,388.38,388.38,0.69818472
Kraken:ETHEUR,2020-11-07T04:24:00Z,388.05,388.05,387.68,387.68,16.03945792
Kraken:ETHEUR,2020-11-07T04:25:00Z,387.69,387.71,387.69,387.69,5.39946247
Kraken:ETHEUR,2020-11-07T04:26:00Z,387.69,387.69,387.68,387.68,6
Kraken:ETHEUR,2020-11-07T04:27:00Z,387.45,387.45,387.19,387.19,2.09605363
Kraken:ETHEUR,2020-11-07T04:28:00Z,386.93,387.03,386.92,386.92,2.42543141
Kraken:ETHEUR,2020-11-07T04:30:00Z,386.87,386.87,386.87,386.87,5.136737
Kraken:ETHEUR,2020-11-07T04:32:00Z,386.28,386.28,386.28,386.28,4.87113
Kraken:ETHEUR,2020-11-07T04:33:00Z,386.06,386.06,385.47,385.47,6.06590697
Kraken:ETHEUR,2020-11-07T04:34:00Z,385.47,385.88,385.47,385.88,2.09977297
Kraken:ETHEUR,2020-11-07T04:36:00Z,386.01,386.1,386.01,386.1,1.03871702
Kraken:ETHEUR,2020-11-07T04:37:00Z,385.53,385.53,385.49,385.49,0.90120816
Kraken:ETHEUR,2020-11-07T04:38:00Z,385.42,385.56,385.42,385.56,2.25426393
Kraken:ETHEUR,2020-11-07T04:39:00Z,385.56,385.56,385.05,385.05,11.59471683
Kraken:ETHEUR,2020-11-07T04:41:00Z,385.21,385.3,385.21,385.3,4.02325915
Kraken:ETHEUR,2020-11-07T04:42:00Z,385.61,385.61,385.61,385.61,0.12886517
Kraken:ETHEUR,2020-11-07T04:45:00Z,385.63,385.66,384.75,385.01,80.87144528
Kraken:ETHEUR,2020-11-07T04:47:00Z,385.25,385.25,385.21,385.21,1.37090959
Kraken:ETHEUR,2020-11-07T04:48:00Z,385.21,385.4,385.21,385.4,12.4085847
Kraken:ETHEUR,2020-11-07T04:49:00Z,385.68,385.68,385.68,385.68,2
Kraken:ETHEUR,2020-11-07T04:50:00Z,385.58,385.71,385.58,385.71,47.540787
Kraken:ETHEUR,2020-11-07T04:52:00Z,385.7,385.7,385.7,385.7,0.35996507
Kraken:ETHEUR,2020-11-07T04:53:00Z,385.95,385.96,385.95,385.96,1.28585234
Kraken:ETHEUR,2020-11-07T04:54:00Z,386.02,386.02,386.01,386.02,1.94022571
Kraken:ETHEUR,2020-11-07T04:55:00Z,386.01,386.01,386.01,386.01,0.2199641
Kraken:ETHEUR,2020-11-07T04:56:00Z,385.66,385.66,385.66,385.66,0.06659858
Kraken:ETHEUR,2020-11-07T04:58:00Z,385.82,385.82,385.8,385.81,2.02151
Kraken:ETHEUR,2020-11-07T05:01:00Z,385.93,385.93,385.93,385.93,0.436243
Kraken:ETHEUR,2020-11-07T05:02:00Z,385.93,385.93,385.67,385.68,16.57272192
Kraken:ETHEUR,2020-11-07T05:03:00Z,385.48,385.51,385.25,385.25,33.13752732
Kraken:ETHEUR,2020-11-07T05:05:00Z,385.25,385.25,384.92,384.92,4.42138563
Kraken:ETHEUR,2020-11-07T05:06:00Z,384.92,384.92,384.92,384.92,2
Kraken:ETHEUR,2020-11-07T05:07:00Z,384.92,385.68,384.92,385.68,2.99898
Kraken:ETHEUR,2020-11-07T05:08:00Z,385.91,385.91,385.71,385.71,3.03704227
Kraken:ETHEUR,2020-11-07T05:09:00Z,385.7,385.7,385.55,385.55,0.17218197
Kraken:ETHEUR,2020-11-07T05:10:00Z,385.82,385.82,385.82,385.82,0.07722517
Kraken:ETHEUR,2020-11-07T05:11:00Z,386.0,386.0,386.0,386.0,0.12856857
Kraken:ETHEUR,2020-11-07T05:12:00Z,385.99,385.99,385.99,385.99,23.351
Kraken:ETHEUR,2020-11-07T05:14:00Z,385.99,386.0,385.85,386.0,1.41752012
Kraken:ETHEUR,2020-11-07T05:15:00Z,386.0,386.0,386.0,386.0,2.6152601
Kraken:ETHEUR,2020-11-07T05:16:00Z,385.91,385.91,385.91,385.91,0.63309977
Kraken:ETHEUR,2020-11-07T05:17:00Z,386.0,386.0,386.0,386.0,0.1
Kraken:ETHEUR,2020-11-07T05:19:00Z,386.0,386.27,386.0,386.27,11.14032625
Kraken:ETHEUR,2020-11-07T05:20:00Z,386.28,386.28,386.14,386.14,5.08349013
Kraken:ETHEUR,2020-11-07T05:21:00Z,386.22,386.26,386.22,386.26,3.23208698
Kraken:ETHEUR,2020-11-07T05:22:00Z,386.24,386.49,386.24,386.49,1.63770572
Kraken:ETHEUR,2020-11-07T05:23:00Z,386.55,386.6,386.55,386.6,11.12989451
Kraken:ETHEUR,2020-11-07T05:25:00Z,386.65,386.65,386.65,386.65,2.077
Kraken:ETHEUR,2020-11-07T05:26:00Z,386.65,386.66,386.47,386.66,4.04656868
Kraken:ETHEUR,2020-11-07T05:27:00Z,386.75,386.85,386.73,386.85,0.76572115
Kraken:ETHEUR,2020-11-07T05:28:00Z,386.79,386.79,386.79,386.79,1.22078585
Kraken:ETHEUR,2020-11-07T05:29:00Z,386.93,386.93,386.82,386.82,2.28272819
Kraken:ETHEUR,2020-11-07T05:30:00Z,386.87,386.87,386.49,386.49,2.92946819
Kraken:ETHEUR,2020-11-07T05:31:00Z,386.54,386.54,386.49,386.5,5.42838315
Kraken:ETHEUR,2020-11-07T05:32:00Z,386.49,386.49,386.49,386.49,0.95175356
Kraken:ETHEUR,2020-11-07T05:33:00Z,386.67,386.67,386.66,386.66,43
Kraken:ETHEUR,2020-11-07T05:34:00Z,386.87,386.87,386.87,386.87,0.215
Kraken:ETHEUR,2020-11-07T05:37:00Z,386.77,386.99,386.77,386.99,0.22881655
Kraken:ETHEUR,2020-11-07T05:38:00Z,387.0,387.28,387.0,387.28,102.52002832
Kraken:ETHEUR,2020-11-07T05:40:00Z,387.31,387.31,387.31,387.31,0.10966342
Kraken:ETHEUR,2020-11-07T05:41:00Z,387.95,387.95,387.95,387.95,0.29948134
Kraken:ETHEUR,2020-11-07T05:43:00Z,387.96,388.11,387.96,388.11,10.19948134
Kraken:ETHEUR,2020-11-07T05:44:00Z,388.31,388.53,388.31,388.53,5.40110422
Kraken:ETHEUR,2020-11-07T05:45:00Z,388.43,388.43,388.43,388.43,0.47336097
Kraken:ETHEUR,2020-11-07T05:46:00Z,388.43,388.43,388.43,388.43,1.53846153
Kraken:ETHEUR,2020-11-07T05:47:00Z,388.42,388.42,388.42,388.42,16.81808725
Kraken:ETHEUR,2020-11-07T05:48:00Z,388.43,388.43,388.3,388.3,0.23530903
Kraken:ETHEUR,2020-11-07T05:49:00Z,388.3,388.3,388.3,388.3,7.55534144
Kraken:ETHEUR,2020-11-07T05:50:00Z,388.18,388.18,388.18,388.18,3.37
Kraken:ETHEUR,2020-11-07T05:51:00Z,387.96,387.96,387.38,387.38,4.69579198
Kraken:ETHEUR,2020-11-07T05:53:00Z,387.6,387.61,387.6,387.61,1.59934341
Kraken:ETHEUR,2020-11-07T05:54:00Z,387.39,387.54,387.39,387.54,24.01104735
Kraken:ETHEUR,2020-11-07T05:55:00Z,387.79,387.8,387.78,387.78,3.49430857
Kraken:ETHEUR,2020-11-07T05:56:00Z,387.67,387.67,387.67,387.67,0.77323001
Kraken:ETHEUR,2020-11-07T05:57:00Z,387.53,387.65,387.53,387.65,1.54135573
Kraken:ETHEUR,2020-11-07T05:58:00Z,387.55,387.69,387.55,387.57,1.10583776
Kraken:ETHEUR,2020-11-07T05:59:00Z,387.51,387.79,387.51,387.79,22.41190348
Kraken:ETHEUR,2020-11-07T06:00:00Z,387.61,387.61,387.54,387.54,1.34199407
Kraken:ETHEUR,2020-11-07T06:02:00Z,387.39,387.39,386.88,386.88,88.47655502
Kraken:ETHEUR,2020-11-07T06:03:00Z,386.87,386.87,386.87,386.87,10.32074235
Kraken:ETHEUR,2020-11-07T06:04:00Z,386.41,386.47,386.41,386.47,2.52814706
Kraken:ETHEUR,2020-11-07T06:05:00Z,386.24,386.24,386.24,386.24,1.12767361
Kraken:ETHEUR,2020-11-07T06:06:00Z,386.24,386.24,386.24,386.24,9.35732501
Kraken:ETHEUR,2020-11-07T06:07:00Z,386.17,386.17,386.17,386.17,12.62494658
Kraken:ETHEUR,2020-11-07T06:08:00Z,386.18,386.18,385.61,385.64,24.42367008
Kraken:ETHEUR,2020-11-07T06:09:00Z,385.74,386.07,385.74,385.91,12.96877914
Kraken:ETHEUR,2020-11-07T06:10:00Z,385.82,385.82,385.82,385.82,0.48895055
Kraken:ETHEUR,2020-11-07T06:11:00Z,385.61,385.61,385.6,385.6,1.6305691
Kraken:ETHEUR,2020-11-07T06:12:00Z,385.5,385.5,385.22,385.22,34.35041364
Kraken:ETHEUR,2020-11-07T06:14:00Z,385.11,385.19,385.01,385.19,136
Kraken:ETHEUR,2020-11-07T06:15:00Z,385.19,385.19,385.18,385.18,18.96492561
Kraken:ETHEUR,2020-11-07T06:16:00Z,385.19,385.19,385.01,385.01,22.38119371
Kraken:ETHEUR,2020-11-07T06:17:00Z,385.17,385.18,385.14,385.18,22.52759264
Kraken:ETHEUR,2020-11-07T06:18:00Z,385.19,385.53,385.19,385.5,14.97877085
Kraken:ETHEUR,2020-11-07T06:19:00Z,385.64,385.64,385.22,385.22,2.00907191
Kraken:ETHEUR,2020-11-07T06:21:00Z,385.34,385.4,385.34,385.4,1.97612799
Kraken:ETHEUR,2020-11-07T06:22:00Z,385.65,385.65,385.65,385.65,0.20304832
Kraken:ETHEUR,2020-11-07T06:23:00Z,386.06,386.06,386.06,386.06,0.02023312
Kraken:ETHEUR,2020-11-07T06:24:00Z,386.07,386.14,386.01,386.02,22.71730876
Kraken:ETHEUR,2020-11-07T06:25:00Z,385.63,385.63,385.5,385.5,6.99999999
Kraken:ETHEUR,2020-11-07T06:26:00Z,385.38,385.38,385.26,385.26,0.60087171
Kraken:ETHEUR,2020-11-07T06:27:00Z,385.22,385.31,385.2,385.31,18.15481326
Kraken:ETHEUR,2020-11-07T06:28:00Z,385.61,385.61,385.49,385.49,3.52479
Kraken:ETHEUR,2020-11-07T06:29:00Z,385.82,385.82,385.82,385.82,0.03619118
Kraken:ETHEUR,2020-11-07T06:30:00Z,385.68,385.75,385.64,385.75,45.98345207
Kraken:ETHEUR,2020-11-07T06:31:00Z,385.6,385.61,385.6,385.61,1.57289722
Kraken:ETHEUR,2020-11-07T06:32:00Z,385.37,385.56,385.36,385.56,11.51275112
Kraken:ETHEUR,2020-11-07T06:33:00Z,385.43,385.43,385.11,385.11,19.25367262
Kraken:ETHEUR,2020-11-07T06:34:00Z,385.1,385.3,385.1,385.24,32.62393707
Kraken:ETHEUR,2020-11-07T06:35:00Z,385.39,385.39,385.38,385.38,6.31831561
Kraken:ETHEUR,2020-11-07T06:36:00Z,385.02,385.16,384.73,384.73,44.0488353
Kraken:ETHEUR,2020-11-07T06:37:00Z,384.52,384.66,384.52,384.65,8.856
Kraken:ETHEUR,2020-11-07T06:38:00Z,384.64,384.64,384.61,384.61,10.031
Kraken:ETHEUR,2020-11-07T06:39:00Z,384.87,385.25,384.74,385.25,18.48135928
Kraken:ETHEUR,2020-11-07T06:41:00Z,385.27,385.27,385.22,385.22,13
Kraken:ETHEUR,2020-11-07T06:42:00Z,385.35,385.35,385.35,385.35,5
Kraken:ETHEUR,2020-11-07T06:44:00Z,385.04,385.04,385.04,385.04,0.08058143
Kraken:ETHEUR,2020-11-07T06:45:00Z,384.88,384.88,384.88,384.88,1.55275493
Kraken:ETHEUR,2020-11-07T06:46:00Z,385.06,385.06,385.06,385.06,7.50101256
Kraken:ETHEUR,2020-11-07T06:47:00Z,385.5,385.63,385.5,385.63,10.565
Kraken:ETHEUR,2020-11-07T06:48:00Z,385.69,385.69,385.69,385.69,1.63000906
Kraken:ETHEUR,2020-11-07T06:49:00Z,385.7,385.72,385.7,385.72,23.42332958
Kraken:ETHEUR,2020-11-07T06:50:00Z,385.99,386.1,385.99,386.1,55.0636089
Kraken:ETHEUR,2020-11-07T06:51:00Z,386.14,386.14,386.1,386.1,52
Kraken:ETHEUR,2020-11-07T06:52:00Z,386.1,386.26,386.1,386.17,85.4029412
Kraken:ETHEUR,2020-11-07T06:53:00Z,386.44,386.47,386.23,386.25,15.61440868
Kraken:ETHEUR,2020-11-07T06:54:00Z,386.22,386.46,386.22,386.44,15.10705183
Kraken:ETHEUR,2020-11-07T06:55:00Z,386.36,386.36,385.88,386.13,31.40317924
Kraken:ETHEUR,2020-11-07T06:56:00Z,386.43,386.43,386.43,386.43,1
Kraken:ETHEUR,2020-11-07T06:57:00Z,386.29,386.3,386.29,386.3,4.51763302
Kraken:ETHEUR,2020-11-07T06:59:00Z,386.46,387.0,386.46,387.0,487.36635457
Kraken:ETHEUR,2020-11-07T07:00:00Z,387.0,387.01,387.0,387.01,2.15109035
Kraken:ETHEUR,2020-11-07T07:01:00Z,387.2,387.2,387.2,387.2,0.10140562
Kraken:ETHEUR,2020-11-07T07:02:00Z,387.24,387.35,387.24,387.35,27.86864263
Kraken:ETHEUR,2020-11-07T07:03:00Z,387.35,387.59,387.35,387.59,10.07438
Kraken:ETHEUR,2020-11-07T07:04:00Z,387.61,387.61,387.34,387.49,57.19627992
Kraken:ETHEUR,2020-11-07T07:05:00Z,387.43,387.43,387.0,387.0,95.60016028
Kraken:ETHEUR,2020-11-07T07:06:00Z,387.0,387.01,387.0,387.01,147.46785726
Kraken:ETHEUR,2020-11-07T07:07:00Z,387.0,387.0,386.31,386.39,334.07951763
Kraken:ETHEUR,2020-11-07T07:08:00Z,386.24,386.24,385.85,385.85,67.16304323
Kraken:ETHEUR,2020-11-07T07:09:00Z,386.19,386.19,385.56,385.57,14.73486088
Kraken:ETHEUR,2020-11-07T07:10:00Z,385.61,385.68,384.0,385.44,1554.30788007
Kraken:ETHEUR,2020-11-07T07:11:00Z,385.39,385.39,385.15,385.15,0.63714367
Kraken:ETHEUR,2020-11-07T07:12:00Z,385.28,385.28,385.22,385.22,1.6534267
Kraken:ETHEUR,2020-11-07T07:13:00Z,385.4,385.6,385.4,385.6,61.40309
Kraken:ETHEUR,2020-11-07T07:14:00Z,385.6,385.6,385.38,385.4,3.66247889
Kraken:ETHEUR,2020-11-07T07:15:00Z,385.43,385.68,385.32,385.65,2.30689287
Kraken:ETHEUR,2020-11-07T07:16:00Z,385.76,385.93,385.76,385.89,123.94159425
Kraken:ETHEUR,2020-11-07T07:17:00Z,385.88,385.92,385.88,385.92,1.13
Kraken:ETHEUR,2020-11-07T07:18:00Z,385.99,386.0,385.94,386.0,2.89427597
Kraken:ETHEUR,2020-11-07T07:19:00Z,386.0,386.33,386.0,386.02,14.10505062
Kraken:ETHEUR,2020-11-07T07:20:00Z,386.02,386.02,386.0,386.0,1.15319675
Kraken:ETHEUR,2020-11-07T07:21:00Z,386.33,386.33,386.33,386.33,3E+1
Kraken:ETHEUR,2020-11-07T07:23:00Z,386.63,386.63,386.31,386.48,3.98613211
Kraken:ETHEUR,2020-11-07T07:24:00Z,386.48,386.59,386.47,386.59,39.21710383
Kraken:ETHEUR,2020-11-07T07:25:00Z,386.66,386.67,386.22,386.23,124.92269976
Kraken:ETHEUR,2020-11-07T07:26:00Z,386.22,386.23,386.22,386.23,12.15371712
Kraken:ETHEUR,2020-11-07T07:27:00Z,386.23,386.23,386.22,386.22,6.10084806
Kraken:ETHEUR,2020-11-07T07:28:00Z,386.23,386.23,386.03,386.04,47.88539405
Kraken:ETHEUR,2020-11-07T07:29:00Z,386.01,386.01,386.01,386.01,18.12691547
Kraken:ETHEUR,2020-11-07T07:30:00Z,386.01,386.01,386.0,386.0,8.97133317
Kraken:ETHEUR,2020-11-07T07:31:00Z,385.92,385.92,385.64,385.64,1.65091415
Kraken:ETHEUR,2020-11-07T07:32:00Z,385.52,385.52,385.2,385.2,3.03478934
Kraken:ETHEUR,2020-11-07T07:33:00Z,385.21,385.36,385.21,385.33,83.83149184
Kraken:ETHEUR,2020-11-07T07:34:00Z,385.26,385.33,385.26,385.32,0.83364134
Kraken:ETHEUR,2020-11-07T07:35:00Z,385.32,385.6,385.32,385.59,104.17216864
Kraken:ETHEUR,2020-11-07T07:36:00Z,385.6,385.6,385.32,385.33,4.70403897
Kraken:ETHEUR,2020-11-07T07:37:00Z,385.6,386.19,385.6,386.19,26.18407404
Kraken:ETHEUR,2020-11-07T07:38:00Z,386.24,386.24,386.19,386.19,6.0297519
Kraken:ETHEUR,2020-11-07T07:39:00Z,386.2,386.2,385.88,385.88,6.17526153
Kraken:ETHEUR,2020-11-07T07:40:00Z,386.0,386.44,385.88,386.42,70.06227654
Kraken:ETHEUR,2020-11-07T07:41:00Z,386.58,386.69,386.38,386.62,11.51557113
Kraken:ETHEUR,2020-11-07T07:42:00Z,386.52,386.6,386.48,386.48,26.04304312
Kraken:ETHEUR,2020-11-07T07:43:00Z,386.71,386.72,386.48,386.48,30.79390172
Kraken:ETHEUR,2020-11-07T07:44:00Z,386.48,386.48,386.48,386.48,0.93167023
Kraken:ETHEUR,2020-11-07T07:45:00Z,386.49,386.58,386.48,386.49,17.90913399
Kraken:ETHEUR,2020-11-07T07:46:00Z,386.51,386.51,386.48,386.48,2.8505199
Kraken:ETHEUR,2020-11-07T07:47:00Z,386.5,386.52,386.48,386.48,184.34326376
Kraken:ETHEUR,2020-11-07T07:48:00Z,386.12,386.12,385.9,385.9,28.99618988
Kraken:ETHEUR,2020-11-07T07:49:00Z,385.96,386.03,385.96,385.97,7.30085414
Kraken:ETHEUR,2020-11-07T07:50:00Z,385.73,385.73,385.66,385.66,17.28257811
Kraken:ETHEUR,2020-11-07T07:51:00Z,385.41,385.44,385.37,385.37,20.38585497
Kraken:ETHEUR,2020-11-07T07:52:00Z,385.46,385.46,385.2,385.22,33.675
Kraken:ETHEUR,2020-11-07T07:53:00Z,385.21,385.21,385.01,385.01,1.84955498
Kraken:ETHEUR,2020-11-07T07:54:00Z,385.0,385.01,384.59,384.6,64.62717938
Kraken:ETHEUR,2020-11-07T07:55:00Z,384.6,385.03,384.6,385.03,14.97270506
Kraken:ETHEUR,2020-11-07T07:56:00Z,385.06,385.35,385.06,385.17,5.04048
Kraken:ETHEUR,2020-11-07T07:58:00Z,385.19,385.2,384.77,384.77,3.94146282
Kraken:ETHEUR,2020-11-07T07:59:00Z,384.71,384.77,384.71,384.77,1.1033162
Kraken:ETHEUR,2020-11-07T08:00:00Z,384.8,385.71,384.8,385.59,27.2713367
Kraken:ETHEUR,2020-11-07T08:01:00Z,385.79,385.79,385.79,385.79,1E+1
Kraken:ETHEUR,2020-11-07T08:02:00Z,385.15,385.55,385.15,385.55,41.79828119
Kraken:ETHEUR,2020-11-07T08:03:00Z,385.37,385.38,385.37,385.38,35
Kraken:ETHEUR,2020-11-07T08:04:00Z,384.96,385.22,384.96,385.15,2.12871002
Kraken:ETHEUR,2020-11-07T08:05:00Z,384.76,384.79,384.51,384.51,6.94155124
Kraken:ETHEUR,2020-11-07T08:06:00Z,384.65,384.65,382.15,382.37,526.92320558
Kraken:ETHEUR,2020-11-07T08:07:00Z,382.48,382.91,381.32,382.89,151.02932722
Kraken:ETHEUR,2020-11-07T08:08:00Z,382.82,383.41,382.82,383.28,82.66047228
Kraken:ETHEUR,2020-11-07T08:09:00Z,383.28,383.33,382.48,382.62,12.68416257
Kraken:ETHEUR,2020-11-07T08:10:00Z,382.26,382.9,382.26,382.53,46.23586715
Kraken:ETHEUR,2020-11-07T08:11:00Z,382.94,383.35,382.94,383.08,29.49666288
Kraken:ETHEUR,2020-11-07T08:12:00Z,383.02,383.67,382.84,383.49,41.1177463
Kraken:ETHEUR,2020-11-07T08:13:00Z,383.86,384.13,383.66,383.73,15.83003696
Kraken:ETHEUR,2020-11-07T08:14:00Z,383.67,384.29,383.67,384.29,4.83007996
Kraken:ETHEUR,2020-11-07T08:15:00Z,384.31,384.5,384.31,384.5,0.99835986
Kraken:ETHEUR,2020-11-07T08:16:00Z,384.4,384.63,384.4,384.63,3.91679459
Kraken:ETHEUR,2020-11-07T08:17:00Z,384.7,384.81,384.7,384.8,23.30758054
Kraken:ETHEUR,2020-11-07T08:18:00Z,384.8,385.1,384.77,385.09,3.29590829
Kraken:ETHEUR,2020-11-07T08:19:00Z,385.1,385.69,385.1,385.69,34.91535541
Kraken:ETHEUR,2020-11-07T08:20:00Z,385.75,385.75,385.29,385.34,2.4482926
Kraken:ETHEUR,2020-11-07T08:21:00Z,385.47,385.47,385.2,385.31,40.84487054
Kraken:ETHEUR,2020-11-07T08:22:00Z,385.35,386.05,385.35,386.05,14.16652674
Kraken:ETHEUR,2020-11-07T08:23:00Z,386.0,386.0,385.76,385.99,6.42084327
Kraken:ETHEUR,2020-11-07T08:24:00Z,386.16,386.27,386.03,386.26,33.91321931
Kraken:ETHEUR,2020-11-07T08:25:00Z,386.28,386.28,386.22,386.28,10.84700977
Kraken:ETHEUR,2020-11-07T08:26:00Z,386.28,386.51,386.13,386.44,39.4183698
Kraken:ETHEUR,2020-11-07T08:27:00Z,386.37,386.37,386.02,386.02,31.7600019
Kraken:ETHEUR,2020-11-07T08:28:00Z,386.02,386.25,386.0,386.25,25.04366343
Kraken:ETHEUR,2020-11-07T08:29:00Z,386.24,386.39,386.0,386.0,6.02874713
Kraken:ETHEUR,2020-11-07T08:30:00Z,386.22,386.22,386.0,386.01,5.57632722
Kraken:ETHEUR,2020-11-07T08:31:00Z,386.01,386.01,385.53,385.53,62.5213933
Kraken:ETHEUR,2020-11-07T08:32:00Z,385.8,386.02,385.8,385.81,2.43674466
Kraken:ETHEUR,2020-11-07T08:33:00Z,385.79,385.79,385.79,385.79,1.24971357
Kraken:ETHEUR,2020-11-07T08:34:00Z,385.72,385.72,385.57,385.57,6.11692842
Kraken:ETHEUR,2020-11-07T08:35:00Z,385.71,385.71,385.71,385.71,1
Kraken:ETHEUR,2020-11-07T08:36:00Z,385.47,385.94,385.28,385.94,4.60225954
Kraken:ETHEUR,2020-11-07T08:37:00Z,385.66,385.7,385.66,385.7,2.49501203
Kraken:ETHEUR,2020-11-07T08:38:00Z,385.44,385.47,385.4,385.47,26.83687562
Kraken:ETHEUR,2020-11-07T08:39:00Z,385.48,386.41,385.48,386.41,25.11618249
Kraken:ETHEUR,2020-11-07T08:40:00Z,386.5,386.5,386.5,386.5,2.0057
Kraken:ETHEUR,2020-11-07T08:41:00Z,386.66,387.19,386.66,386.92,30.72715868
Kraken:ETHEUR,2020-11-07T08:42:00Z,387.1,387.75,387.09,387.74,31.86966967
Kraken:ETHEUR,2020-11-07T08:43:00Z,387.67,387.78,387.66,387.76,44.06181967
Kraken:ETHEUR,2020-11-07T08:44:00Z,387.77,387.77,387.58,387.62,17.2561171
Kraken:ETHEUR,2020-11-07T08:45:00Z,387.76,387.95,387.76,387.95,0.37332524
Kraken:ETHEUR,2020-11-07T08:46:00Z,387.96,389.1,387.96,389.02,168.46876019
Kraken:ETHEUR,2020-11-07T08:47:00Z,389.07,389.35,389.01,389.35,55.92626745
Kraken:ETHEUR,2020-11-07T08:48:00Z,389.36,389.5,389.2,389.5,41.75428165
Kraken:ETHEUR,2020-11-07T08:49:00Z,389.31,389.5,389.31,389.49,47.11075766
Kraken:ETHEUR,2020-11-07T08:50:00Z,389.36,389.36,389.05,389.05,1.76218651
Kraken:ETHEUR,2020-11-07T08:51:00Z,389.0,389.28,388.58,389.28,217.10191117
Kraken:ETHEUR,2020-11-07T08:52:00Z,389.28,389.28,388.92,388.92,49.9591506
Kraken:ETHEUR,2020-11-07T08:53:00Z,388.92,388.92,388.28,388.81,112.10989047
Kraken:ETHEUR,2020-11-07T08:54:00Z,388.54,388.54,388.53,388.53,5.73416758
Kraken:ETHEUR,2020-11-07T08:55:00Z,388.79,388.79,388.54,388.55,2.99306448
Kraken:ETHEUR,2020-11-07T08:56:00Z,388.69,389.08,388.57,388.97,17.42149065
Kraken:ETHEUR,2020-11-07T08:57:00Z,389.33,389.44,388.98,388.98,84.8851162
Kraken:ETHEUR,2020-11-07T08:58:00Z,389.22,389.25,388.93,388.93,12.42852982
Kraken:ETHEUR,2020-11-07T08:59:00Z,389.16,389.16,388.51,388.85,16.13968708
Kraken:ETHEUR,2020-11-07T09:00:00Z,389.01,389.3,389.0,389.18,32.04885198
Kraken:ETHEUR,2020-11-07T09:01:00Z,389.33,389.33,389.01,389.01,9.47783567
Kraken:ETHEUR,2020-11-07T09:02:00Z,389.02,389.45,389.02,389.11,34.57532472
Kraken:ETHEUR,2020-11-07T09:03:00Z,389.33,389.43,389.26,389.43,0.2685898
Kraken:ETHEUR,2020-11-07T09:04:00Z,389.31,389.49,389.31,389.31,38.88076946
Kraken:ETHEUR,2020-11-07T09:05:00Z,389.26,389.4,389.24,389.37,7.85720671
Kraken:ETHEUR,2020-11-07T09:06:00Z,389.38,389.4,388.79,388.79,56.54028187
Kraken:ETHEUR,2020-11-07T09:07:00Z,388.9,388.91,388.41,388.72,47.83162747
Kraken:ETHEUR,2020-11-07T09:08:00Z,388.42,388.42,387.7,388.32,90.94468057
Kraken:ETHEUR,2020-11-07T09:09:00Z,388.32,388.34,388.32,388.34,3.25946387
Kraken:ETHEUR,2020-11-07T09:10:00Z,388.62,388.7,388.33,388.33,0.26572493
Kraken:ETHEUR,2020-11-07T09:11:00Z,388.33,388.7,388.33,388.56,26.5271036
Kraken:ETHEUR,2020-11-07T09:12:00Z,388.4,388.55,388.4,388.5,0.88366125
Kraken:ETHEUR,2020-11-07T09:13:00Z,388.51,388.7,388.51,388.69,1.66572517
Kraken:ETHEUR,2020-11-07T09:14:00Z,388.7,389.29,388.7,389.26,40.9263118
Kraken:ETHEUR,2020-11-07T09:15:00Z,389.36,389.49,389.36,389.49,119.18502729
Kraken:ETHEUR,2020-11-07T09:16:00Z,389.49,389.69,389.49,389.69,305.08495885
Kraken:ETHEUR,2020-11-07T09:17:00Z,389.49,389.49,388.78,388.87,29.15982153
Kraken:ETHEUR,2020-11-07T09:18:00Z,388.92,389.41,388.83,388.93,11.59993906
Kraken:ETHEUR,2020-11-07T09:19:00Z,388.71,388.71,388.7,388.71,15.68056746
Kraken:ETHEUR,2020-11-07T09:20:00Z,388.72,389.01,388.72,389.01,2.89717389
Kraken:ETHEUR,2020-11-07T09:21:00Z,389.29,389.29,389.28,389.28,1.5
Kraken:ETHEUR,2020-11-07T09:22:00Z,389.32,389.32,389.08,389.08,133.34223615
Kraken:ETHEUR,2020-11-07T09:23:00Z,388.94,388.95,388.94,388.94,5.94625662
Kraken:ETHEUR,2020-11-07T09:24:00Z,388.94,388.94,388.94,388.94,2.23654064
Kraken:ETHEUR,2020-11-07T09:25:00Z,388.93,388.93,388.6,388.85,64.74017111
Kraken:ETHEUR,2020-11-07T09:26:00Z,388.85,388.86,388.85,388.86,0.10073277
Kraken:ETHEUR,2020-11-07T09:27:00Z,388.85,388.85,388.52,388.52,169.76546284
Kraken:ETHEUR,2020-11-07T09:28:00Z,388.52,388.52,388.32,388.39,109.22978171
Kraken:ETHEUR,2020-11-07T09:29:00Z,388.38,388.59,388.38,388.59,4.51401868
Kraken:ETHEUR,2020-11-07T09:30:00Z,388.67,388.67,388.46,388.46,2.68069516
Kraken:ETHEUR,2020-11-07T09:31:00Z,388.5,388.5,388.33,388.45,3.82605026
Kraken:ETHEUR,2020-11-07T09:32:00Z,388.5,388.56,388.5,388.56,2.19711498
Kraken:ETHEUR,2020-11-07T09:33:00Z,388.55,388.55,388.42,388.47,43.68869994
Kraken:ETHEUR,2020-11-07T09:34:00Z,388.47,388.62,388.44,388.44,24.10841952
Kraken:ETHEUR,2020-11-07T09:35:00Z,388.44,388.44,388.22,388.35,48.76512255
Kraken:ETHEUR,2020-11-07T09:36:00Z,388.21,388.21,388.21,388.21,0.05961179
Kraken:ETHEUR,2020-11-07T09:37:00Z,388.3,388.3,388.2,388.21,210.52596
Kraken:ETHEUR,2020-11-07T09:38:00Z,388.2,388.27,388.2,388.27,0.86090213
Kraken:ETHEUR,2020-11-07T09:39:00Z,388.43,388.43,388.43,388.43,2.04947182
Kraken:ETHEUR,2020-11-07T09:40:00Z,388.43,388.43,388.21,388.21,3.84012634
Kraken:ETHEUR,2020-11-07T09:41:00Z,388.23,388.23,388.2,388.2,1.18999899
Kraken:ETHEUR,2020-11-07T09:42:00Z,388.2,388.2,387.21,387.21,156.69217465
Kraken:ETHEUR,2020-11-07T09:43:00Z,387.21,387.4,387.17,387.4,171.467
Kraken:ETHEUR,2020-11-07T09:44:00Z,387.63,387.76,387.58,387.58,12.55198381
Kraken:ETHEUR,2020-11-07T09:45:00Z,387.95,387.95,387.95,387.95,12
Kraken:ETHEUR,2020-11-07T09:46:00Z,387.99,388.0,387.99,388.0,5.45892889
Kraken:ETHEUR,2020-11-07T09:47:00Z,388.0,388.0,387.99,387.99,5.79684548
Kraken:ETHEUR,2020-11-07T09:48:00Z,387.99,387.99,387.26,387.29,118.37651575
Kraken:ETHEUR,2020-11-07T09:49:00Z,387.11,387.14,386.86,386.86,89.39926337
Kraken:ETHEUR,2020-11-07T09:50:00Z,386.86,387.25,386.86,387.25,2.1
Kraken:ETHEUR,2020-11-07T09:51:00Z,387.25,387.94,387.25,387.37,163.53161
Kraken:ETHEUR,2020-11-07T09:52:00Z,387.82,387.91,387.82,387.91,10.63232547
Kraken:ETHEUR,2020-11-07T09:53:00Z,387.99,387.99,387.98,387.99,48.89091999
Kraken:ETHEUR,2020-11-07T09:54:00Z,387.99,388.02,387.99,388.02,21.02488824
Kraken:ETHEUR,2020-11-07T09:55:00Z,388.03,388.19,388.02,388.19,13.9654649
Kraken:ETHEUR,2020-11-07T09:56:00Z,388.18,388.49,388.18,388.49,3.77987805
Kraken:ETHEUR,2020-11-07T09:57:00Z,388.5,388.58,388.5,388.58,1.58200349
Kraken:ETHEUR,2020-11-07T09:58:00Z,389.12,389.19,389.0,389.0,25.29888059
Kraken:ETHEUR,2020-11-07T09:59:00Z,389.0,389.28,389.0,389.28,16.67613788
Kraken:ETHEUR,2020-11-07T10:00:00Z,389.33,389.69,389.33,389.69,125.50580046
Kraken:ETHEUR,2020-11-07T10:01:00Z,389.71,389.88,389.64,389.64,155.10696453
Kraken:ETHEUR,2020-11-07T10:02:00Z,389.26,389.26,388.99,389.23,75.08611016
Kraken:ETHEUR,2020-11-07T10:03:00Z,388.51,388.51,388.19,388.19,7.29176966
Kraken:ETHEUR,2020-11-07T10:04:00Z,388.21,388.46,387.97,388.27,12.06618533
Kraken:ETHEUR,2020-11-07T10:05:00Z,388.15,388.44,388.15,388.41,9.5714541
Kraken:ETHEUR,2020-11-07T10:06:00Z,388.32,388.32,388.31,388.32,103.74328656
Kraken:ETHEUR,2020-11-07T10:07:00Z,388.32,388.32,388.12,388.18,48.01135533
Kraken:ETHEUR,2020-11-07T10:08:00Z,387.96,387.96,387.91,387.91,10.46642789
Kraken:ETHEUR,2020-11-07T10:09:00Z,387.96,388.25,387.96,388.25,115.54059893
Kraken:ETHEUR,2020-11-07T10:10:00Z,388.17,388.17,387.92,388.03,12.05584952
Kraken:ETHEUR,2020-11-07T10:11:00Z,388.26,388.26,388.26,388.26,3.9019064
Kraken:ETHEUR,2020-11-07T10:12:00Z,388.0,388.0,387.42,387.42,92.18200812
Kraken:ETHEUR,2020-11-07T10:13:00Z,387.42,387.42,387.36,387.36,4.3658118
Kraken:ETHEUR,2020-11-07T10:14:00Z,387.35,387.35,387.35,387.35,0.07693585
Kraken:ETHEUR,2020-11-07T10:15:00Z,387.0,387.48,387.0,387.47,172.30011685
Kraken:ETHEUR,2020-11-07T10:16:00Z,387.37,387.37,386.93,387.01,7.88822069
Kraken:ETHEUR,2020-11-07T10:18:00Z,387.0,387.53,387.0,387.53,12.41729869
Kraken:ETHEUR,2020-11-07T10:19:00Z,387.68,387.68,387.49,387.54,9.88541112
Kraken:ETHEUR,2020-11-07T10:20:00Z,387.35,387.52,387.08,387.19,21.75464478
Kraken:ETHEUR,2020-11-07T10:21:00Z,387.55,387.55,387.45,387.46,2.062008
Kraken:ETHEUR,2020-11-07T10:22:00Z,387.75,387.75,387.75,387.75,0.02577452
Kraken:ETHEUR,2020-11-07T10:23:00Z,387.73,387.8,387.68,387.8,4.59716331
Kraken:ETHEUR,2020-11-07T10:24:00Z,387.81,387.88,387.81,387.88,6.24265975
Kraken:ETHEUR,2020-11-07T10:25:00Z,387.94,387.94,387.94,387.94,0.99658
Kraken:ETHEUR,2020-11-07T10:26:00Z,387.84,387.84,387.71,387.84,12.64762267
Kraken:ETHEUR,2020-11-07T10:27:00Z,387.84,387.84,387.78,387.79,9.11975417
Kraken:ETHEUR,2020-11-07T10:28:00Z,387.88,387.88,387.88,387.88,0.30070201
Kraken:ETHEUR,2020-11-07T10:29:00Z,387.88,388.16,387.88,388.16,5.75956801
Kraken:ETHEUR,2020-11-07T10:30:00Z,388.24,388.24,388.24,388.24,2.36366226
Kraken:ETHEUR,2020-11-07T10:31:00Z,388.26,388.46,388.22,388.3,6.16152
Kraken:ETHEUR,2020-11-07T10:32:00Z,388.26,388.27,388.17,388.27,6.96045486
Kraken:ETHEUR,2020-11-07T10:33:00Z,388.33,388.33,388.2,388.32,4.62891317
Kraken:ETHEUR,2020-11-07T10:34:00Z,388.32,388.82,388.32,388.82,4.75609441
Kraken:ETHEUR,2020-11-07T10:35:00Z,388.88,389.08,388.88,389.08,2.86635016
Kraken:ETHEUR,2020-11-07T10:36:00Z,389.26,389.26,389.08,389.08,3.26548465
Kraken:ETHEUR,2020-11-07T10:37:00Z,389.1,389.38,389.07,389.38,232.27762597
Kraken:ETHEUR,2020-11-07T10:38:00Z,389.09,389.09,389.09,389.09,0.2357295
Kraken:ETHEUR,2020-11-07T10:39:00Z,388.9,388.9,388.84,388.84,47.55590563
Kraken:ETHEUR,2020-11-07T10:40:00Z,388.67,388.84,388.6,388.84,3.27066207
Kraken:ETHEUR,2020-11-07T10:41:00Z,388.89,389.02,388.89,388.98,6.27518653
Kraken:ETHEUR,2020-11-07T10:42:00Z,389.03,389.2,389.03,389.16,52.49063594
Kraken:ETHEUR,2020-11-07T10:43:00Z,389.2,389.37,389.17,389.37,15.09236552
Kraken:ETHEUR,2020-11-07T10:44:00Z,389.38,389.38,389.37,389.38,13.78895493
Kraken:ETHEUR,2020-11-07T10:45:00Z,389.37,389.38,389.37,389.38,36.66471734
Kraken:ETHEUR,2020-11-07T10:46:00Z,389.37,389.38,389.37,389.38,67.25214058
Kraken:ETHEUR,2020-11-07T10:47:00Z,389.37,389.38,389.37,389.37,64.13051046
Kraken:ETHEUR,2020-11-07T10:48:00Z,389.37,389.38,389.34,389.34,188.93259457
Kraken:ETHEUR,2020-11-07T10:49:00Z,389.01,389.01,388.63,388.63,61.30291255
Kraken:ETHEUR,2020-11-07T10:50:00Z,388.72,388.72,388.66,388.66,9.85479178
Kraken:ETHEUR,2020-11-07T10:51:00Z,388.66,388.66,388.13,388.3,126.07495451
Kraken:ETHEUR,2020-11-07T10:52:00Z,388.58,388.83,388.58,388.75,7.17978876
Kraken:ETHEUR,2020-11-07T10:53:00Z,388.82,388.82,388.81,388.82,4.69474138
Kraken:ETHEUR,2020-11-07T10:54:00Z,388.82,389.31,388.82,389.31,11.78382221
Kraken:ETHEUR,2020-11-07T10:55:00Z,389.36,389.7,389.35,389.35,35.39986314
Kraken:ETHEUR,2020-11-07T10:56:00Z,389.38,389.61,389.37,389.46,67.29101991
Kraken:ETHEUR,2020-11-07T10:57:00Z,389.45,389.46,389.45,389.46,36.88961
Kraken:ETHEUR,2020-11-07T10:58:00Z,389.69,389.91,389.69,389.91,11.03891102
Kraken:ETHEUR,2020-11-07T10:59:00Z,389.91,389.91,389.51,389.51,1.09966784
Kraken:ETHEUR,2020-11-07T11:00:00Z,389.5,389.51,389.5,389.51,44.9686246
Kraken:ETHEUR,2020-11-07T11:01:00Z,389.73,389.84,389.63,389.76,42.70886899
Kraken:ETHEUR,2020-11-07T11:02:00Z,389.76,390.12,389.76,390.12,116.07404885
Kraken:ETHEUR,2020-11-07T11:03:00Z,390.12,390.17,390.12,390.17,5.70916886
Kraken:ETHEUR,2020-11-07T11:04:00Z,390.15,390.15,390.12,390.13,37.63075125
Kraken:ETHEUR,2020-11-07T11:05:00Z,390.12,390.13,389.63,389.63,238.24182927
Kraken:ETHEUR,2020-11-07T11:06:00Z,389.85,389.88,389.78,389.78,2.75102223
Kraken:ETHEUR,2020-11-07T11:07:00Z,389.67,389.67,389.51,389.51,2.03149185
Kraken:ETHEUR,2020-11-07T11:08:00Z,389.56,389.56,389.17,389.24,53.97301918
Kraken:ETHEUR,2020-11-07T11:09:00Z,389.67,389.67,389.38,389.38,1.99608615
Kraken:ETHEUR,2020-11-07T11:10:00Z,389.42,389.42,389.17,389.17,0.72035962
Kraken:ETHEUR,2020-11-07T11:11:00Z,389.17,389.17,389.01,389.17,1.6581538
Kraken:ETHEUR,2020-11-07T11:12:00Z,389.17,389.17,389.09,389.17,4.49889377
Kraken:ETHEUR,2020-11-07T11:13:00Z,389.17,389.17,389.17,389.17,1.12708221
Kraken:ETHEUR,2020-11-07T11:14:00Z,389.13,389.13,389.13,389.13,1
Kraken:ETHEUR,2020-11-07T11:15:00Z,388.94,388.94,388.75,388.75,4.2053245
Kraken:ETHEUR,2020-11-07T11:16:00Z,388.48,388.49,388.35,388.35,75.08645824
Kraken:ETHEUR,2020-11-07T11:17:00Z,388.31,388.36,387.5,387.91,258.55788323
Kraken:ETHEUR,2020-11-07T11:18:00Z,387.9,388.5,387.65,388.25,144.64557016
Kraken:ETHEUR,2020-11-07T11:19:00Z,388.17,388.5,388.17,388.28,9.20273125
Kraken:ETHEUR,2020-11-07T11:20:00Z,388.25,388.37,388.25,388.37,5.71155471
Kraken:ETHEUR,2020-11-07T11:21:00Z,388.4,388.5,388.4,388.49,0.44397188
Kraken:ETHEUR,2020-11-07T11:22:00Z,388.5,388.58,388.5,388.58,1.01969824
Kraken:ETHEUR,2020-11-07T11:23:00Z,388.58,388.69,388.58,388.69,3.31045781
Kraken:ETHEUR,2020-11-07T11:24:00Z,388.69,388.69,388.46,388.64,19.37054911
Kraken:ETHEUR,2020-11-07T11:25:00Z,388.64,388.77,388.64,388.77,1.16588384
Kraken:ETHEUR,2020-11-07T11:26:00Z,388.99,388.99,388.84,388.89,22.99182362
Kraken:ETHEUR,2020-11-07T11:27:00Z,388.85,389.01,388.81,388.92,16.84658464
Kraken:ETHEUR,2020-11-07T11:28:00Z,388.92,388.92,388.77,388.78,3.00773058
Kraken:ETHEUR,2020-11-07T11:29:00Z,388.77,388.9,388.77,388.9,10.67726937
Kraken:ETHEUR,2020-11-07T11:30:00Z,388.89,388.9,388.89,388.9,8.29825019
Kraken:ETHEUR,2020-11-07T11:31:00Z,388.89,389.21,388.89,389.21,517.35719617
Kraken:ETHEUR,2020-11-07T11:32:00Z,389.36,389.67,389.36,389.67,1.38216724
Kraken:ETHEUR,2020-11-07T11:33:00Z,389.66,389.81,389.66,389.81,38.5823151
Kraken:ETHEUR,2020-11-07T11:34:00Z,389.87,389.9,389.76,389.9,14.22075201
Kraken:ETHEUR,2020-11-07T11:35:00Z,389.8,389.8,389.79,389.79,2.90970126
Kraken:ETHEUR,2020-11-07T11:36:00Z,389.8,390.18,389.79,390.18,17.01228765
Kraken:ETHEUR,2020-11-07T11:37:00Z,390.39,390.39,390.39,390.39,3.91180775
Kraken:ETHEUR,2020-11-07T11:38:00Z,390.4,390.4,390.17,390.4,9.5543434
Kraken:ETHEUR,2020-11-07T11:39:00Z,390.4,390.4,390.39,390.4,265.20485909
Kraken:ETHEUR,2020-11-07T11:40:00Z,390.4,390.93,390.4,390.9,101.03094632
Kraken:ETHEUR,2020-11-07T11:41:00Z,390.26,390.26,390.15,390.16,33.54903687
Kraken:ETHEUR,2020-11-07T11:42:00Z,390.15,390.16,390.15,390.15,7.59991636
Kraken:ETHEUR,2020-11-07T11:43:00Z,390.16,390.16,389.4,389.4,40.91587015
Kraken:ETHEUR,2020-11-07T11:44:00Z,389.42,389.42,389.25,389.27,21.98766809
Kraken:ETHEUR,2020-11-07T11:45:00Z,389.27,389.27,389.03,389.03,6.596125
Kraken:ETHEUR,2020-11-07T11:46:00Z,389.28,389.28,388.66,388.66,3.1707934
Kraken:ETHEUR,2020-11-07T11:47:00Z,388.73,388.91,388.64,388.67,62.00043002
Kraken:ETHEUR,2020-11-07T11:48:00Z,388.58,388.63,388.39,388.39,3.46667276
Kraken:ETHEUR,2020-11-07T11:49:00Z,388.37,388.75,387.78,388.5,27.74071352
Kraken:ETHEUR,2020-11-07T11:50:00Z,388.73,388.73,388.73,388.73,4.3030395
Kraken:ETHEUR,2020-11-07T11:51:00Z,388.8,389.11,388.8,389.11,0.51624362
Kraken:ETHEUR,2020-11-07T11:52:00Z,389.12,389.28,389.12,389.28,3.22321352
Kraken:ETHEUR,2020-11-07T11:53:00Z,389.35,389.58,389.35,389.58,3.25487602
Kraken:ETHEUR,2020-11-07T11:54:00Z,389.56,389.62,389.12,389.62,9.97833792
Kraken:ETHEUR,2020-11-07T11:55:00Z,389.61,389.77,389.61,389.77,1.62348882
Kraken:ETHEUR,2020-11-07T11:56:00Z,389.91,390.0,389.86,390.0,24.87278073
Kraken:ETHEUR,2020-11-07T11:57:00Z,390.0,390.12,390.0,390.07,9.89174926
Kraken:ETHEUR,2020-11-07T11:58:00Z,390.13,390.24,389.77,389.78,74.07630596
Kraken:ETHEUR,2020-11-07T11:59:00Z,389.78,389.97,389.78,389.78,66.84513344
Kraken:ETHEUR,2020-11-07T12:00:00Z,389.96,390.14,389.96,390.14,0.71793406
Kraken:ETHEUR,2020-11-07T12:01:00Z,390.23,390.41,390.23,390.23,0.75673952
Kraken:ETHEUR,2020-11-07T12:02:00Z,390.36,390.77,390.36,390.64,19.13191627
Kraken:ETHEUR,2020-11-07T12:03:00Z,390.63,390.63,389.99,389.99,16.1103541
Kraken:ETHEUR,2020-11-07T12:04:00Z,390.0,390.0,389.74,389.74,16.14171265
Kraken:ETHEUR,2020-11-07T12:05:00Z,389.74,389.75,389.52,389.52,34.43671798
Kraken:ETHEUR,2020-11-07T12:06:00Z,389.48,389.5,389.48,389.5,1.04039964
Kraken:ETHEUR,2020-11-07T12:07:00Z,389.61,389.62,389.37,389.37,19.64463669
Kraken:ETHEUR,2020-11-07T12:08:00Z,389.17,389.34,389.11,389.34,4.26628
Kraken:ETHEUR,2020-11-07T12:09:00Z,389.32,389.71,389.32,389.71,2.33453202
Kraken:ETHEUR,2020-11-07T12:10:00Z,389.74,389.99,389.74,389.94,1.84569742
Kraken:ETHEUR,2020-11-07T12:11:00Z,389.96,390.1,389.96,390.09,94.68043892
Kraken:ETHEUR,2020-11-07T12:12:00Z,389.69,389.82,389.69,389.82,12.53158965
Kraken:ETHEUR,2020-11-07T12:13:00Z,389.85,389.85,389.6,389.71,12.47790672
Kraken:ETHEUR,2020-11-07T12:14:00Z,389.72,389.85,389.72,389.85,2.04869
Kraken:ETHEUR,2020-11-07T12:15:00Z,389.85,390.49,389.85,389.89,14.94318474
Kraken:ETHEUR,2020-11-07T12:16:00Z,390.24,390.62,390.24,390.33,6.15036272
Kraken:ETHEUR,2020-11-07T12:17:00Z,390.54,391.0,390.54,391.0,27.14851436
Kraken:ETHEUR,2020-11-07T12:18:00Z,391.0,391.5,390.99,391.5,81.36202171
Kraken:ETHEUR,2020-11-07T12:19:00Z,391.49,391.5,391.15,391.15,82.34497034
Kraken:ETHEUR,2020-11-07T12:20:00Z,390.95,390.95,390.29,390.29,1.18132724
Kraken:ETHEUR,2020-11-07T12:21:00Z,390.28,390.9,390.28,390.9,4.05270158
Kraken:ETHEUR,2020-11-07T12:22:00Z,390.89,391.25,390.89,391.25,111.58537723
Kraken:ETHEUR,2020-11-07T12:23:00Z,391.18,391.5,391.18,391.5,10.00004658
Kraken:ETHEUR,2020-11-07T12:24:00Z,391.49,391.75,391.49,391.64,36.35727227
Kraken:ETHEUR,2020-11-07T12:25:00Z,391.7,391.78,391.3,391.33,5.75365974
Kraken:ETHEUR,2020-11-07T12:26:00Z,391.25,391.61,391.25,391.55,5.08564511
Kraken:ETHEUR,2020-11-07T12:27:00Z,391.55,391.75,391.51,391.74,30.96254258
Kraken:ETHEUR,2020-11-07T12:28:00Z,391.75,391.75,391.7,391.7,8.74057116
Kraken:ETHEUR,2020-11-07T12:29:00Z,391.71,391.71,391.5,391.51,22.11365259
Kraken:ETHEUR,2020-11-07T12:30:00Z,391.5,391.5,391.25,391.25,9.51153823
Kraken:ETHEUR,2020-11-07T12:31:00Z,391.25,391.26,390.48,390.53,141.19534402
Kraken:ETHEUR,2020-11-07T12:32:00Z,390.61,390.8,390.61,390.7,5.74015391
Kraken:ETHEUR,2020-11-07T12:33:00Z,390.73,390.73,390.23,390.23,19.39263112
Kraken:ETHEUR,2020-11-07T12:34:00Z,390.21,390.21,390.21,390.21,0.86032031
Kraken:ETHEUR,2020-11-07T12:35:00Z,390.21,390.21,389.45,389.45,45.71725937
Kraken:ETHEUR,2020-11-07T12:36:00Z,389.45,389.72,389.45,389.63,24.05075719
Kraken:ETHEUR,2020-11-07T12:37:00Z,389.56,389.63,389.52,389.63,16.63335155
Kraken:ETHEUR,2020-11-07T12:38:00Z,389.63,389.63,389.63,389.63,0.754983
Kraken:ETHEUR,2020-11-07T12:39:00Z,389.63,390.34,389.63,390.07,18.34195736
Kraken:ETHEUR,2020-11-07T12:40:00Z,390.23,390.23,389.88,390.05,6.24531023
Kraken:ETHEUR,2020-11-07T12:41:00Z,390.0,390.08,389.86,389.86,6.94524948
Kraken:ETHEUR,2020-11-07T12:42:00Z,390.02,390.02,389.76,389.76,199.01452521
Kraken:ETHEUR,2020-11-07T12:43:00Z,389.75,389.75,389.71,389.75,20.75256051
Kraken:ETHEUR,2020-11-07T12:44:00Z,389.32,389.32,389.26,389.26,13.58052279
Kraken:ETHEUR,2020-11-07T12:45:00Z,389.51,389.55,389.43,389.55,16.0034703
Kraken:ETHEUR,2020-11-07T12:46:00Z,389.44,389.61,389.44,389.61,0.36610658
Kraken:ETHEUR,2020-11-07T12:47:00Z,389.32,389.62,389.32,389.34,4.05997486
Kraken:ETHEUR,2020-11-07T12:48:00Z,389.21,389.21,389.2,389.2,2.01739334
Kraken:ETHEUR,2020-11-07T12:49:00Z,389.39,389.39,389.2,389.21,0.53747957
Kraken:ETHEUR,2020-11-07T12:50:00Z,389.2,389.2,388.77,388.77,95.51137025
Kraken:ETHEUR,2020-11-07T12:51:00Z,388.76,388.95,388.76,388.88,73.20094508
Kraken:ETHEUR,2020-11-07T12:52:00Z,388.99,389.01,388.82,388.82,14.45534739
Kraken:ETHEUR,2020-11-07T12:53:00Z,389.0,389.14,389.0,389.12,70.29899021
Kraken:ETHEUR,2020-11-07T12:54:00Z,389.46,389.97,389.46,389.88,3.38309595
Kraken:ETHEUR,2020-11-07T12:55:00Z,389.95,390.07,389.95,390.07,0.07271358
Kraken:ETHEUR,2020-11-07T12:56:00Z,390.07,390.07,389.91,389.91,3.8910377
Kraken:ETHEUR,2020-11-07T12:57:00Z,389.14,389.16,389.13,389.16,20.42934522
Kraken:ETHEUR,2020-11-07T12:58:00Z,389.14,389.14,388.88,388.88,33.55182318
Kraken:ETHEUR,2020-11-07T12:59:00Z,388.81,388.86,388.52,388.86,3.59099807
Kraken:ETHEUR,2020-11-07T13:00:00Z,388.91,389.03,388.91,389.03,0.48313617
Kraken:ETHEUR,2020-11-07T13:01:00Z,388.77,388.77,388.77,388.77,0.1211641
Kraken:ETHEUR,2020-11-07T13:02:00Z,388.71,388.71,388.7,388.7,3.126
Kraken:ETHEUR,2020-11-07T13:03:00Z,389.12,389.27,389.12,389.27,22.52468328
Kraken:ETHEUR,2020-11-07T13:04:00Z,389.28,389.28,389.27,389.28,0.64451235
Kraken:ETHEUR,2020-11-07T13:05:00Z,389.14,389.14,389.0,389.0,0.43534525
Kraken:ETHEUR,2020-11-07T13:06:00Z,388.49,388.49,388.49,388.49,15
Kraken:ETHEUR,2020-11-07T13:07:00Z,388.53,388.53,388.45,388.45,3.83876792
Kraken:ETHEUR,2020-11-07T13:08:00Z,388.45,388.45,388.44,388.45,1.69543275
Kraken:ETHEUR,2020-11-07T13:09:00Z,388.45,388.65,388.44,388.65,7.51650712
Kraken:ETHEUR,2020-11-07T13:10:00Z,388.62,388.62,388.42,388.44,20.00236837
Kraken:ETHEUR,2020-11-07T13:11:00Z,388.39,388.48,388.26,388.48,13.63871198
Kraken:ETHEUR,2020-11-07T13:12:00Z,388.38,388.38,387.63,387.63,23.96652933
Kraken:ETHEUR,2020-11-07T13:13:00Z,387.82,387.82,387.8,387.8,1.5712527
Kraken:ETHEUR,2020-11-07T13:14:00Z,387.82,387.82,387.62,387.64,12.80873502
Kraken:ETHEUR,2020-11-07T13:15:00Z,387.64,387.97,387.64,387.97,0.88770824
Kraken:ETHEUR,2020-11-07T13:16:00Z,388.49,388.49,388.49,388.49,0.89591157
Kraken:ETHEUR,2020-11-07T13:17:00Z,388.88,388.88,388.88,388.88,12.22
Kraken:ETHEUR,2020-11-07T13:18:00Z,389.02,389.24,389.02,389.24,1.5296004
Kraken:ETHEUR,2020-11-07T13:19:00Z,389.08,389.08,389.02,389.02,3.66502964
Kraken:ETHEUR,2020-11-07T13:20:00Z,389.02,389.02,388.81,388.81,25.81715982
Kraken:ETHEUR,2020-11-07T13:21:00Z,388.8,388.93,388.66,388.93,6.35665838
Kraken:ETHEUR,2020-11-07T13:22:00Z,388.93,388.93,388.67,388.67,3.01241651
Kraken:ETHEUR,2020-11-07T13:23:00Z,388.66,388.66,388.44,388.44,10.03484485
Kraken:ETHEUR,2020-11-07T13:24:00Z,388.71,388.71,388.53,388.53,4.33994409
Kraken:ETHEUR,2020-11-07T13:25:00Z,388.38,388.38,388.25,388.25,20.41269141
Kraken:ETHEUR,2020-11-07T13:26:00Z,388.1,388.1,388.05,388.09,40.78787957
Kraken:ETHEUR,2020-11-07T13:27:00Z,388.14,388.14,387.66,387.66,36.34982555
Kraken:ETHEUR,2020-11-07T13:28:00Z,387.62,387.74,387.2,387.21,42.31045793
Kraken:ETHEUR,2020-11-07T13:29:00Z,387.21,387.84,387.21,387.5,29.44126696
Kraken:ETHEUR,2020-11-07T13:30:00Z,387.54,387.8,387.43,387.79,221.14282913
Kraken:ETHEUR,2020-11-07T13:31:00Z,387.8,388.0,387.78,387.78,32.70132759
Kraken:ETHEUR,2020-11-07T13:32:00Z,387.58,387.58,386.76,386.76,282.68519277
Kraken:ETHEUR,2020-11-07T13:33:00Z,386.72,386.72,385.46,385.74,61.11210876
Kraken:ETHEUR,2020-11-07T13:34:00Z,385.41,386.07,385.0,386.07,67.44315539
Kraken:ETHEUR,2020-11-07T13:35:00Z,386.25,386.9,385.89,386.88,16.33766158
Kraken:ETHEUR,2020-11-07T13:36:00Z,386.91,386.91,386.57,386.91,14.40049341
Kraken:ETHEUR,2020-11-07T13:37:00Z,386.91,387.64,386.9,387.64,67.04694924
Kraken:ETHEUR,2020-11-07T13:38:00Z,387.7,387.7,387.46,387.56,17.19467564
Kraken:ETHEUR,2020-11-07T13:39:00Z,387.75,387.96,387.75,387.82,25.22492843
Kraken:ETHEUR,2020-11-07T13:40:00Z,387.96,388.99,387.96,388.99,81.7335735
Kraken:ETHEUR,2020-11-07T13:41:00Z,388.99,388.99,388.59,388.59,5.46000001
Kraken:ETHEUR,2020-11-07T13:42:00Z,388.73,389.0,388.73,389.0,4.21986374
Kraken:ETHEUR,2020-11-07T13:43:00Z,389.0,389.79,388.99,389.79,17.99595305
Kraken:ETHEUR,2020-11-07T13:44:00Z,389.39,389.5,389.35,389.49,6.87278425
Kraken:ETHEUR,2020-11-07T13:45:00Z,389.45,389.46,388.87,389.29,11.85753744
Kraken:ETHEUR,2020-11-07T13:46:00Z,389.45,389.84,389.44,389.84,9.65510058
Kraken:ETHEUR,2020-11-07T13:47:00Z,389.84,390.36,389.84,390.36,63.35809721
Kraken:ETHEUR,2020-11-07T13:48:00Z,390.36,390.36,390.09,390.28,4.4346495
Kraken:ETHEUR,2020-11-07T13:49:00Z,390.36,390.36,390.36,390.36,0.22529214
Kraken:ETHEUR,2020-11-07T13:51:00Z,390.36,390.37,390.36,390.37,6.6793861
Kraken:ETHEUR,2020-11-07T13:52:00Z,390.38,390.5,390.38,390.5,22.02820456
Kraken:ETHEUR,2020-11-07T13:53:00Z,390.58,390.77,390.58,390.77,6.13452419
Kraken:ETHEUR,2020-11-07T13:54:00Z,390.78,391.19,390.78,391.19,166.40772997
Kraken:ETHEUR,2020-11-07T13:55:00Z,391.19,391.2,390.89,390.89,19.48136692
Kraken:ETHEUR,2020-11-07T13:56:00Z,390.94,390.95,390.94,390.95,1.51022162
Kraken:ETHEUR,2020-11-07T13:58:00Z,390.98,391.0,390.83,390.83,48.99175793
Kraken:ETHEUR,2020-11-07T14:00:00Z,390.49,390.49,389.95,389.95,55.20944953
Kraken:ETHEUR,2020-11-07T14:01:00Z,389.95,389.95,389.14,389.15,39.10576601
Kraken:ETHEUR,2020-11-07T14:02:00Z,389.27,389.8,389.13,389.61,33.2132301
Kraken:ETHEUR,2020-11-07T14:03:00Z,389.6,389.6,389.29,389.29,9.00705115
Kraken:ETHEUR,2020-11-07T14:04:00Z,389.29,389.3,389.18,389.18,21.05366499
Kraken:ETHEUR,2020-11-07T14:05:00Z,389.6,390.0,389.6,390.0,31.28854148
Kraken:ETHEUR,2020-11-07T14:06:00Z,390.0,390.18,389.95,389.95,8.05857209
Kraken:ETHEUR,2020-11-07T14:07:00Z,389.81,389.81,389.8,389.8,0.67681592
Kraken:ETHEUR,2020-11-07T14:08:00Z,389.18,389.18,388.44,388.44,7.31298961
Kraken:ETHEUR,2020-11-07T14:09:00Z,388.69,388.7,387.73,387.73,51.59895111
Kraken:ETHEUR,2020-11-07T14:10:00Z,387.75,388.04,387.69,387.84,25.13987558
Kraken:ETHEUR,2020-11-07T14:11:00Z,388.15,388.65,388.15,388.57,25.62705023
Kraken:ETHEUR,2020-11-07T14:12:00Z,388.33,388.36,388.01,388.01,3.45554836
Kraken:ETHEUR,2020-11-07T14:13:00Z,388.0,388.0,387.55,387.55,62.61635878
Kraken:ETHEUR,2020-11-07T14:14:00Z,387.55,387.78,387.55,387.56,13.25251313
Kraken:ETHEUR,2020-11-07T14:15:00Z,387.51,387.78,387.5,387.78,6.40654812
Kraken:ETHEUR,2020-11-07T14:16:00Z,387.51,387.51,386.8,386.8,93.32089615
Kraken:ETHEUR,2020-11-07T14:17:00Z,386.8,387.86,386.01,387.45,69.15515034
Kraken:ETHEUR,2020-11-07T14:18:00Z,387.49,387.49,386.59,386.59,223.38190206
Kraken:ETHEUR,2020-11-07T14:19:00Z,386.32,386.32,385.47,386.0,54.43429343
Kraken:ETHEUR,2020-11-07T14:20:00Z,386.4,387.46,386.4,386.56,19.66210971
Kraken:ETHEUR,2020-11-07T14:21:00Z,386.93,387.52,386.74,386.82,20.78933983
Kraken:ETHEUR,2020-11-07T14:22:00Z,386.67,386.67,385.72,385.72,99.79109242
Kraken:ETHEUR,2020-11-07T14:23:00Z,385.69,386.04,385.01,386.04,124.53034037
Kraken:ETHEUR,2020-11-07T14:24:00Z,386.25,387.02,386.25,387.02,46.1635209
Kraken:ETHEUR,2020-11-07T14:25:00Z,387.02,387.02,386.71,386.71,23.59628143
Kraken:ETHEUR,2020-11-07T14:26:00Z,386.47,386.59,385.49,385.49,310.20626798
Kraken:ETHEUR,2020-11-07T14:27:00Z,385.62,386.39,385.62,386.39,32.29925316
Kraken:ETHEUR,2020-11-07T14:28:00Z,386.71,387.23,386.7,387.23,25.06383803
Kraken:ETHEUR,2020-11-07T14:29:00Z,387.31,387.98,387.22,387.98,97.19939158
Kraken:ETHEUR,2020-11-07T14:30:00Z,388.04,388.31,388.04,388.21,141.26678663
Kraken:ETHEUR,2020-11-07T14:31:00Z,388.13,388.13,386.84,386.84,41.07015065
Kraken:ETHEUR,2020-11-07T14:32:00Z,386.41,386.41,386.2,386.33,1.64162267
Kraken:ETHEUR,2020-11-07T14:33:00Z,386.7,386.95,386.6,386.77,36.93126167
Kraken:ETHEUR,2020-11-07T14:34:00Z,387.32,387.32,386.72,386.72,1.27017001
Kraken:ETHEUR,2020-11-07T14:35:00Z,386.71,386.71,386.07,386.07,31.36854585
Kraken:ETHEUR,2020-11-07T14:36:00Z,386.07,386.07,385.6,385.6,11.61413942
Kraken:ETHEUR,2020-11-07T14:37:00Z,385.41,385.41,384.7,384.99,148.20832884
Kraken:ETHEUR,2020-11-07T14:38:00Z,385.21,385.21,384.79,384.79,67.31980892
Kraken:ETHEUR,2020-11-07T14:39:00Z,384.71,384.71,383.0,383.01,249.25511611
Kraken:ETHEUR,2020-11-07T14:40:00Z,383.17,384.0,383.17,383.71,29.01679009
Kraken:ETHEUR,2020-11-07T14:41:00Z,383.79,384.08,383.79,384.07,61.23421657
Kraken:ETHEUR,2020-11-07T14:42:00Z,384.07,384.07,381.0,381.0,133.69594136
Kraken:ETHEUR,2020-11-07T14:43:00Z,381.03,382.1,381.0,381.42,280.18473202
Kraken:ETHEUR,2020-11-07T14:44:00Z,381.74,382.68,381.74,382.31,51.90813449
Kraken:ETHEUR,2020-11-07T14:45:00Z,382.31,382.76,382.28,382.53,50.58853003
Kraken:ETHEUR,2020-11-07T14:46:00Z,382.55,383.41,382.55,383.28,104.61461301
Kraken:ETHEUR,2020-11-07T14:47:00Z,383.39,383.4,382.96,382.99,127.76850196
Kraken:ETHEUR,2020-11-07T14:48:00Z,382.59,382.59,381.73,381.73,18.17768883
Kraken:ETHEUR,2020-11-07T14:49:00Z,381.99,382.41,381.74,381.9,98.38100643
Kraken:ETHEUR,2020-11-07T14:50:00Z,381.99,382.18,381.48,382.11,59.98890915
Kraken:ETHEUR,2020-11-07T14:51:00Z,381.88,382.0,381.0,381.01,167.50966133
Kraken:ETHEUR,2020-11-07T14:52:00Z,381.0,381.01,377.1,378.8,1627.17920304
Kraken:ETHEUR,2020-11-07T14:53:00Z,378.66,379.99,378.5,379.68,155.35782969
Kraken:ETHEUR,2020-11-07T14:54:00Z,379.48,379.89,378.0,378.0,366.87630991
Kraken:ETHEUR,2020-11-07T14:55:00Z,378.0,378.93,377.0,378.74,669.75526389
Kraken:ETHEUR,2020-11-07T14:56:00Z,378.79,379.33,378.17,378.41,75.00370085
Kraken:ETHEUR,2020-11-07T14:57:00Z,378.0,378.0,376.79,377.24,120.40288514
Kraken:ETHEUR,2020-11-07T14:58:00Z,377.13,377.46,375.7,375.7,117.50036966
Kraken:ETHEUR,2020-11-07T14:59:00Z,375.7,376.8,375.28,375.64,576.08088233
Kraken:ETHEUR,2020-11-07T15:00:00Z,375.94,378.11,375.57,378.11,206.21682978
Kraken:ETHEUR,2020-11-07T15:01:00Z,378.16,379.22,378.16,379.22,143.04986537
Kraken:ETHEUR,2020-11-07T15:02:00Z,379.04,380.05,378.92,379.82,81.90738287
Kraken:ETHEUR,2020-11-07T15:03:00Z,379.81,379.84,378.73,378.73,107.07334709
Kraken:ETHEUR,2020-11-07T15:04:00Z,378.97,379.45,378.56,379.45,17.9699592
Kraken:ETHEUR,2020-11-07T15:05:00Z,379.57,379.92,379.57,379.82,57.03774727
Kraken:ETHEUR,2020-11-07T15:06:00Z,379.81,379.83,378.97,378.97,35.13770376
Kraken:ETHEUR,2020-11-07T15:07:00Z,378.96,379.43,378.64,378.64,65.57793678
Kraken:ETHEUR,2020-11-07T15:08:00Z,378.62,378.62,376.46,376.79,133.86412558
Kraken:ETHEUR,2020-11-07T15:09:00Z,376.93,377.06,375.84,376.2,318.61237053
Kraken:ETHEUR,2020-11-07T15:10:00Z,376.9,377.42,376.06,377.42,239.63093651
Kraken:ETHEUR,2020-11-07T15:11:00Z,377.49,377.85,376.83,377.05,63.0727065
Kraken:ETHEUR,2020-11-07T15:12:00Z,376.94,377.01,376.63,376.64,43.8341292
Kraken:ETHEUR,2020-11-07T15:13:00Z,376.16,376.56,375.07,375.16,261.96332373
Kraken:ETHEUR,2020-11-07T15:14:00Z,375.35,375.51,369.3,373.16,3611.4698439
Kraken:ETHEUR,2020-11-07T15:15:00Z,373.09,373.97,372.47,373.83,158.52000137
Kraken:ETHEUR,2020-11-07T15:16:00Z,373.86,373.86,372.74,373.21,536.34542188
Kraken:ETHEUR,2020-11-07T15:17:00Z,373.02,373.02,371.76,372.24,162.04959405
Kraken:ETHEUR,2020-11-07T15:18:00Z,372.52,373.5,372.52,373.5,65.95114606
Kraken:ETHEUR,2020-11-07T15:19:00Z,373.5,373.96,371.91,372.24,190.70577005
Kraken:ETHEUR,2020-11-07T15:20:00Z,372.39,372.39,371.55,371.59,38.04689237
Kraken:ETHEUR,2020-11-07T15:21:00Z,371.59,371.59,369.52,370.95,338.5017169
Kraken:ETHEUR,2020-11-07T15:22:00Z,370.96,373.71,370.96,373.6,184.68486341
Kraken:ETHEUR,2020-11-07T15:23:00Z,373.79,373.79,372.32,372.75,22.38156604
Kraken:ETHEUR,2020-11-07T15:24:00Z,372.55,372.55,371.41,371.77,155.08268317
Kraken:ETHEUR,2020-11-07T15:25:00Z,371.77,372.59,371.77,372.38,148.60490225
Kraken:ETHEUR,2020-11-07T15:26:00Z,372.59,373.84,372.37,373.84,78.34362956
Kraken:ETHEUR,2020-11-07T15:27:00Z,373.85,374.46,373.85,374.46,66.60211754
Kraken:ETHEUR,2020-11-07T15:28:00Z,374.46,376.11,374.46,376.1,57.13021492
Kraken:ETHEUR,2020-11-07T15:29:00Z,376.09,376.15,375.05,375.37,132.00859223
Kraken:ETHEUR,2020-11-07T15:30:00Z,375.35,376.33,374.66,376.33,192.83661217
Kraken:ETHEUR,2020-11-07T15:31:00Z,376.34,377.34,376.12,376.16,121.84039135
Kraken:ETHEUR,2020-11-07T15:32:00Z,376.52,377.5,376.52,377.35,558.49426359
Kraken:ETHEUR,2020-11-07T15:33:00Z,377.31,377.62,377.29,377.62,7.79274784
Kraken:ETHEUR,2020-11-07T15:34:00Z,377.63,378.16,377.05,377.09,228.56712199
Kraken:ETHEUR,2020-11-07T15:35:00Z,377.17,377.83,377.06,377.06,21.34276969
Kraken:ETHEUR,2020-11-07T15:36:00Z,377.0,377.06,376.51,376.85,61.16325635
Kraken:ETHEUR,2020-11-07T15:37:00Z,377.08,377.65,377.08,377.41,40.33998915
Kraken:ETHEUR,2020-11-07T15:38:00Z,377.38,377.39,376.79,376.79,4.2892816
Kraken:ETHEUR,2020-11-07T15:39:00Z,376.63,377.13,376.63,377.13,8.25979531
Kraken:ETHEUR,2020-11-07T15:40:00Z,377.39,377.44,377.04,377.19,143.8019862
Kraken:ETHEUR,2020-11-07T15:41:00Z,377.03,377.12,376.5,376.59,171.53062639
Kraken:ETHEUR,2020-11-07T15:42:00Z,376.6,376.91,376.59,376.59,3.60841934
Kraken:ETHEUR,2020-11-07T15:43:00Z,376.74,376.9,375.81,375.81,73.35796186
Kraken:ETHEUR,2020-11-07T15:44:00Z,375.81,375.91,373.8,375.17,650.20357473
Kraken:ETHEUR,2020-11-07T15:45:00Z,375.03,375.64,374.7,375.64,24.3237188
Kraken:ETHEUR,2020-11-07T15:46:00Z,375.76,376.62,375.76,376.62,18.41013541
Kraken:ETHEUR,2020-11-07T15:47:00Z,376.44,376.9,376.16,376.16,20.51175204
Kraken:ETHEUR,2020-11-07T15:48:00Z,376.22,376.43,375.86,375.87,53.6402089
Kraken:ETHEUR,2020-11-07T15:49:00Z,376.02,376.18,375.91,376.18,11.2898642
Kraken:ETHEUR,2020-11-07T15:50:00Z,376.04,376.37,375.89,376.37,70.9478637
Kraken:ETHEUR,2020-11-07T15:51:00Z,376.37,376.56,376.36,376.5,9.29655376
Kraken:ETHEUR,2020-11-07T15:52:00Z,376.52,376.96,376.52,376.96,4.05835511
Kraken:ETHEUR,2020-11-07T15:53:00Z,377.03,377.44,377.03,377.27,13.31466472
Kraken:ETHEUR,2020-11-07T15:54:00Z,377.25,377.43,377.14,377.21,50.7653378
Kraken:ETHEUR,2020-11-07T15:55:00Z,377.13,377.43,377.13,377.43,21.84302028
Kraken:ETHEUR,2020-11-07T15:56:00Z,377.3,377.3,377.18,377.18,3.11014421
Kraken:ETHEUR,2020-11-07T15:57:00Z,377.35,377.35,376.98,377.09,7.69933726
Kraken:ETHEUR,2020-11-07T15:58:00Z,376.67,376.67,376.23,376.23,21.14001097
Kraken:ETHEUR,2020-11-07T15:59:00Z,376.31,377.23,376.31,377.0,39.57830571
Kraken:ETHEUR,2020-11-07T16:14:00Z,377.01,377.11,375.8,375.8,85.85616267
Kraken:ETHEUR,2020-11-07T16:15:00Z,376.88,377.1,375.39,375.6,47.06059988
Kraken:ETHEUR,2020-11-07T16:16:00Z,375.39,375.6,375.39,375.6,2.26125
Kraken:ETHEUR,2020-11-07T16:17:00Z,375.6,375.6,375.39,375.39,89.66682741
Kraken:ETHEUR,2020-11-07T16:18:00Z,375.6,375.6,375.1,375.31,41.32348966
Kraken:ETHEUR,2020-11-07T16:19:00Z,375.39,375.54,375.0,375.35,162.34584525
Kraken:ETHEUR,2020-11-07T16:20:00Z,375.39,377.0,375.0,377.0,69.32933111
Kraken:ETHEUR,2020-11-07T16:21:00Z,376.34,377.0,375.0,375.39,66.27613224
Kraken:ETHEUR,2020-11-07T16:22:00Z,376.34,376.34,373.92,373.92,91.71783491
Kraken:ETHEUR,2020-11-07T16:23:00Z,374.66,374.66,373.52,374.14,20.84708635
Kraken:ETHEUR,2020-11-07T16:24:00Z,373.83,376.0,373.04,374.53,96.90038713
Kraken:ETHEUR,2020-11-07T16:25:00Z,374.09,374.14,371.36,371.8,114.33274298
Kraken:ETHEUR,2020-11-07T16:26:00Z,372.99,373.86,371.55,373.86,3.56945124
Kraken:ETHEUR,2020-11-07T16:27:00Z,374.05,375.48,374.01,375.48,11.97727907
Kraken:ETHEUR,2020-11-07T16:28:00Z,374.5,375.7,374.2,375.68,39.30788754
Kraken:ETHEUR,2020-11-07T16:29:00Z,375.68,376.0,375.62,375.62,0.74543685
Kraken:ETHEUR,2020-11-07T16:30:00Z,375.72,376.21,375.49,376.21,12.4110471
Kraken:ETHEUR,2020-11-07T16:31:00Z,376.24,376.4,376.24,376.4,1.11588084
Kraken:ETHEUR,2020-11-07T16:32:00Z,376.65,377.05,376.65,377.0,109.10647558
Kraken:ETHEUR,2020-11-07T16:34:00Z,377.05,378.4,377.05,377.55,92.03216505
Kraken:ETHEUR,2020-11-07T16:35:00Z,376.44,377.46,376.12,377.42,10.31901231
Kraken:ETHEUR,2020-11-07T16:36:00Z,377.1,377.54,377.1,377.47,12.98813844
Kraken:ETHEUR,2020-11-07T16:37:00Z,377.53,377.53,377.35,377.47,11.30750317
Kraken:ETHEUR,2020-11-07T16:38:00Z,376.91,376.91,376.5,376.53,13.79114419
Kraken:ETHEUR,2020-11-07T16:39:00Z,376.54,376.97,376.47,376.82,33.9407042
Kraken:ETHEUR,2020-11-07T16:40:00Z,377.06,378.07,377.05,378.07,20.74576588
Kraken:ETHEUR,2020-11-07T16:41:00Z,378.09,378.1,377.26,377.7,45.98266302
Kraken:ETHEUR,2020-11-07T16:42:00Z,378.08,379.09,378.08,378.77,84.05256844
Kraken:ETHEUR,2020-11-07T16:43:00Z,378.94,379.59,378.94,379.55,22.46552065
Kraken:ETHEUR,2020-11-07T16:44:00Z,379.78,379.78,379.1,379.46,38.69150435
Kraken:ETHEUR,2020-11-07T16:45:00Z,379.66,381.78,379.61,380.94,301.97921781
Kraken:ETHEUR,2020-11-07T16:46:00Z,380.95,381.85,380.86,381.83,39.54977666
Kraken:ETHEUR,2020-11-07T16:47:00Z,381.83,382.0,380.82,380.82,111.15251043
Kraken:ETHEUR,2020-11-07T16:48:00Z,380.92,381.72,380.92,381.72,26.45433541
Kraken:ETHEUR,2020-11-07T16:49:00Z,381.58,381.84,381.3,381.3,41.64586958
Kraken:ETHEUR,2020-11-07T16:50:00Z,381.14,381.31,381.0,381.11,331.14062944
Kraken:ETHEUR,2020-11-07T16:51:00Z,381.2,381.36,381.14,381.14,40.55334382
Kraken:ETHEUR,2020-11-07T16:52:00Z,381.2,381.2,380.96,381.14,102.246
Kraken:ETHEUR,2020-11-07T16:53:00Z,381.14,381.17,380.92,381.17,20.58465809
Kraken:ETHEUR,2020-11-07T16:54:00Z,381.16,381.16,380.56,380.59,57.47302942
Kraken:ETHEUR,2020-11-07T16:55:00Z,380.6,381.08,380.6,381.08,8.89834558
Kraken:ETHEUR,2020-11-07T16:56:00Z,381.09,381.09,381.02,381.02,48.36092574
Kraken:ETHEUR,2020-11-07T16:57:00Z,380.39,380.54,379.44,380.13,32.53513738
Kraken:ETHEUR,2020-11-07T16:58:00Z,380.25,380.8,380.25,380.8,10.81925973
Kraken:ETHEUR,2020-11-07T16:59:00Z,380.89,381.76,380.89,381.47,46.97052382
Kraken:ETHEUR,2020-11-07T17:00:00Z,381.75,382.11,381.75,382.11,46.2829918
Kraken:ETHEUR,2020-11-07T17:01:00Z,382.12,382.59,381.0,381.0,181.74092984
Kraken:ETHEUR,2020-11-07T17:02:00Z,381.11,381.22,380.96,381.16,5.85501824
Kraken:ETHEUR,2020-11-07T17:03:00Z,380.94,381.36,380.6,381.15,89.47365451
Kraken:ETHEUR,2020-11-07T17:04:00Z,381.22,381.59,381.22,381.59,0.33311362
Kraken:ETHEUR,2020-11-07T17:05:00Z,381.29,381.44,380.99,381.31,5.71377893
Kraken:ETHEUR,2020-11-07T17:06:00Z,381.0,381.12,381.0,381.09,2.98124348
Kraken:ETHEUR,2020-11-07T17:07:00Z,381.0,381.0,381.0,381.0,1.04986876
Kraken:ETHEUR,2020-11-07T17:08:00Z,381.11,381.11,380.95,381.03,5.0838397
Kraken:ETHEUR,2020-11-07T17:09:00Z,381.08,381.08,380.76,380.95,0.76640927
Kraken:ETHEUR,2020-11-07T17:10:00Z,381.15,381.15,380.65,380.93,16.01632497
Kraken:ETHEUR,2020-11-07T17:11:00Z,380.61,380.61,379.5,379.83,47.29496559
Kraken:ETHEUR,2020-11-07T17:12:00Z,379.83,380.1,379.63,379.63,12.22165569
Kraken:ETHEUR,2020-11-07T17:13:00Z,379.45,379.47,378.81,379.16,197.59452832
Kraken:ETHEUR,2020-11-07T17:14:00Z,379.1,379.21,379.1,379.21,2.18391576
Kraken:ETHEUR,2020-11-07T17:15:00Z,379.26,380.43,379.26,380.43,10.00758525
Kraken:ETHEUR,2020-11-07T17:16:00Z,380.42,380.89,380.42,380.81,174.14384308
Kraken:ETHEUR,2020-11-07T17:17:00Z,380.86,381.02,380.56,381.02,14.67675594
Kraken:ETHEUR,2020-11-07T17:18:00Z,380.89,380.89,380.13,380.57,6.63384156
Kraken:ETHEUR,2020-11-07T17:19:00Z,380.39,380.39,380.09,380.29,36.67152194
Kraken:ETHEUR,2020-11-07T17:20:00Z,380.15,380.21,379.71,379.78,14.95823305
Kraken:ETHEUR,2020-11-07T17:21:00Z,379.51,379.57,379.18,379.18,5.76765931
Kraken:ETHEUR,2020-11-07T17:22:00Z,378.99,379.56,378.71,379.56,129.36471712
Kraken:ETHEUR,2020-11-07T17:23:00Z,378.73,379.02,378.73,379.02,21.2948346
Kraken:ETHEUR,2020-11-07T17:24:00Z,379.15,379.15,377.49,379.02,647.84047661
Kraken:ETHEUR,2020-11-07T17:25:00Z,379.02,379.98,379.02,379.52,11.40417919
Kraken:ETHEUR,2020-11-07T17:26:00Z,379.52,379.95,379.52,379.73,41.22568774
Kraken:ETHEUR,2020-11-07T17:27:00Z,379.8,379.8,379.6,379.61,11.18408597
Kraken:ETHEUR,2020-11-07T17:28:00Z,379.6,379.6,379.09,379.09,3.89599809
Kraken:ETHEUR,2020-11-07T17:29:00Z,379.06,379.06,379.06,379.06,12
Kraken:ETHEUR,2020-11-07T17:30:00Z,379.5,379.5,378.95,379.1,0.40475688
Kraken:ETHEUR,2020-11-07T17:31:00Z,378.91,378.91,378.6,378.6,59.60472071
Kraken:ETHEUR,2020-11-07T17:32:00Z,378.79,378.82,378.79,378.82,1.11269463
Kraken:ETHEUR,2020-11-07T17:33:00Z,378.82,379.01,378.82,378.95,16.06112037
Kraken:ETHEUR,2020-11-07T17:34:00Z,378.97,378.97,378.82,378.82,38.25097404
Kraken:ETHEUR,2020-11-07T17:35:00Z,378.56,378.56,378.42,378.42,11.30252014
Kraken:ETHEUR,2020-11-07T17:36:00Z,377.86,378.5,377.86,378.5,48.79224846
Kraken:ETHEUR,2020-11-07T17:37:00Z,379.0,379.5,378.95,379.35,19.88591522
Kraken:ETHEUR,2020-11-07T17:38:00Z,379.44,379.7,379.21,379.31,38.87663875
Kraken:ETHEUR,2020-11-07T17:39:00Z,379.28,379.31,379.14,379.14,1.4664973
Kraken:ETHEUR,2020-11-07T17:40:00Z,379.29,379.57,379.29,379.57,10.91258615
Kraken:ETHEUR,2020-11-07T17:41:00Z,378.88,378.88,378.88,378.88,0.13162567
Kraken:ETHEUR,2020-11-07T17:42:00Z,378.87,378.87,378.45,378.46,65.57893986
Kraken:ETHEUR,2020-11-07T17:43:00Z,378.42,378.68,378.19,378.19,15.68947018
Kraken:ETHEUR,2020-11-07T17:44:00Z,378.63,378.92,378.63,378.92,1.56625245
Kraken:ETHEUR,2020-11-07T17:45:00Z,378.92,379.32,378.74,378.83,5.75398791
Kraken:ETHEUR,2020-11-07T17:46:00Z,378.83,378.84,378.83,378.83,3.3500591
Kraken:ETHEUR,2020-11-07T17:47:00Z,378.83,378.83,378.42,378.44,10.37597651
Kraken:ETHEUR,2020-11-07T17:48:00Z,378.2,378.22,377.8,377.97,27.90427632
Kraken:ETHEUR,2020-11-07T17:49:00Z,377.86,377.86,377.35,377.74,3.73253563
Kraken:ETHEUR,2020-11-07T17:50:00Z,377.74,377.74,377.54,377.54,3.17814532
Kraken:ETHEUR,2020-11-07T17:51:00Z,377.07,377.07,375.75,376.46,139.0117386
Kraken:ETHEUR,2020-11-07T17:52:00Z,376.61,376.8,376.53,376.56,18.08437509
Kraken:ETHEUR,2020-11-07T17:53:00Z,376.52,376.52,376.1,376.4,53.24624403
Kraken:ETHEUR,2020-11-07T17:54:00Z,375.98,377.36,375.98,377.36,116.08097019
Kraken:ETHEUR,2020-11-07T17:55:00Z,377.58,377.73,377.41,377.48,22.37087624
Kraken:ETHEUR,2020-11-07T17:56:00Z,377.72,377.72,376.69,376.69,34.42693049
Kraken:ETHEUR,2020-11-07T17:57:00Z,376.76,377.02,376.55,377.01,6.22578061
Kraken:ETHEUR,2020-11-07T17:58:00Z,377.01,377.01,376.33,376.41,18.90815423
Kraken:ETHEUR,2020-11-07T17:59:00Z,376.39,376.39,375.52,376.08,15.70441103
Kraken:ETHEUR,2020-11-07T18:00:00Z,375.96,375.96,375.87,375.87,5.87523
Kraken:ETHEUR,2020-11-07T18:01:00Z,375.87,375.88,375.0,375.0,66.99785311
Kraken:ETHEUR,2020-11-07T18:02:00Z,375.37,376.33,375.06,376.33,150.21595992
Kraken:ETHEUR,2020-11-07T18:03:00Z,376.34,377.42,376.34,377.42,37.51576257
Kraken:ETHEUR,2020-11-07T18:04:00Z,376.8,376.8,376.8,376.8,11.15724218
Kraken:ETHEUR,2020-11-07T18:05:00Z,377.42,377.42,377.35,377.35,1.0261091
Kraken:ETHEUR,2020-11-07T18:06:00Z,377.22,377.51,377.09,377.51,104.86152994
Kraken:ETHEUR,2020-11-07T18:07:00Z,377.51,377.51,377.5,377.5,182.69684342
Kraken:ETHEUR,2020-11-07T18:08:00Z,377.06,377.06,376.7,376.7,26.17050445
Kraken:ETHEUR,2020-11-07T18:09:00Z,376.8,376.8,376.17,376.17,51.63456185
Kraken:ETHEUR,2020-11-07T18:10:00Z,376.17,376.17,374.75,374.75,23.51277969
Kraken:ETHEUR,2020-11-07T18:11:00Z,374.94,375.11,374.4,374.6,66.77735263
Kraken:ETHEUR,2020-11-07T18:12:00Z,374.29,374.98,374.29,374.82,11.91767157
Kraken:ETHEUR,2020-11-07T18:13:00Z,374.9,375.12,374.87,374.94,64.13329355
Kraken:ETHEUR,2020-11-07T18:14:00Z,374.87,374.87,374.0,374.16,24.20397518
Kraken:ETHEUR,2020-11-07T18:15:00Z,374.33,374.33,373.69,374.15,17.55224735
Kraken:ETHEUR,2020-11-07T18:16:00Z,374.4,375.14,374.4,375.1,130.30112145
Kraken:ETHEUR,2020-11-07T18:17:00Z,375.41,375.41,374.66,374.66,40.51725466
Kraken:ETHEUR,2020-11-07T18:18:00Z,374.64,374.76,373.92,374.1,62.85112975
Kraken:ETHEUR,2020-11-07T18:19:00Z,374.12,374.49,374.12,374.12,33.00304081
Kraken:ETHEUR,2020-11-07T18:20:00Z,373.91,374.2,373.22,373.22,201.77530593
Kraken:ETHEUR,2020-11-07T18:21:00Z,373.78,373.78,373.29,373.38,20.42818812
Kraken:ETHEUR,2020-11-07T18:22:00Z,373.23,373.23,372.84,373.0,399.57969842
Kraken:ETHEUR,2020-11-07T18:23:00Z,373.0,373.38,372.99,373.37,34.39117771
Kraken:ETHEUR,2020-11-07T18:24:00Z,373.38,373.38,373.0,373.0,46.15332719
Kraken:ETHEUR,2020-11-07T18:25:00Z,373.0,373.0,372.0,372.0,300.31307674
Kraken:ETHEUR,2020-11-07T18:26:00Z,372.04,372.26,372.03,372.07,18.03098683
Kraken:ETHEUR,2020-11-07T18:27:00Z,372.01,373.15,371.67,373.02,123.61863645
Kraken:ETHEUR,2020-11-07T18:28:00Z,373.11,373.16,372.74,373.16,37.80905781
Kraken:ETHEUR,2020-11-07T18:29:00Z,373.14,373.19,372.81,372.82,13.45700456
Kraken:ETHEUR,2020-11-07T18:30:00Z,372.7,372.7,372.0,372.0,27.02202331
Kraken:ETHEUR,2020-11-07T18:31:00Z,371.96,372.08,370.43,371.18,714.1530902
Kraken:ETHEUR,2020-11-07T18:32:00Z,371.55,371.69,370.95,371.27,110.5023227
Kraken:ETHEUR,2020-11-07T18:33:00Z,371.37,371.37,370.9,371.25,25.68398415
Kraken:ETHEUR,2020-11-07T18:34:00Z,371.23,372.03,370.87,372.03,100.6069566
Kraken:ETHEUR,2020-11-07T18:35:00Z,372.15,372.25,371.68,372.25,55.89612065
Kraken:ETHEUR,2020-11-07T18:36:00Z,372.25,372.25,371.16,371.33,36.38339001
Kraken:ETHEUR,2020-11-07T18:37:00Z,371.65,371.65,371.0,371.62,18.40444797
Kraken:ETHEUR,2020-11-07T18:38:00Z,371.5,371.5,371.0,371.07,59.9917536
Kraken:ETHEUR,2020-11-07T18:39:00Z,371.15,371.19,370.93,370.93,25.54208372
Kraken:ETHEUR,2020-11-07T18:40:00Z,370.64,370.98,370.56,370.77,35.33952134
Kraken:ETHEUR,2020-11-07T18:41:00Z,370.82,370.82,370.39,370.42,6.08422339
Kraken:ETHEUR,2020-11-07T18:42:00Z,370.37,370.37,368.88,369.51,317.6550425
Kraken:ETHEUR,2020-11-07T18:43:00Z,369.57,369.57,368.31,369.0,230.97655586
Kraken:ETHEUR,2020-11-07T18:44:00Z,369.36,370.29,369.13,369.61,161.98551965
Kraken:ETHEUR,2020-11-07T18:45:00Z,370.1,370.1,368.57,368.78,19.68006955
Kraken:ETHEUR,2020-11-07T18:46:00Z,368.76,368.82,368.04,368.41,203.1706374
Kraken:ETHEUR,2020-11-07T18:47:00Z,368.35,368.36,365.71,365.88,911.31700394
Kraken:ETHEUR,2020-11-07T18:48:00Z,365.81,367.02,360.96,366.59,1742.97566301
Kraken:ETHEUR,2020-11-07T18:49:00Z,366.6,366.6,365.23,365.24,88.79068966
Kraken:ETHEUR,2020-11-07T18:50:00Z,365.23,366.33,364.62,365.93,301.91510115
Kraken:ETHEUR,2020-11-07T18:51:00Z,366.12,366.29,365.6,365.6,82.35705378
Kraken:ETHEUR,2020-11-07T18:52:00Z,365.78,365.94,362.75,364.56,902.68596947
Kraken:ETHEUR,2020-11-07T18:53:00Z,364.05,364.47,363.29,363.9,566.30556952
Kraken:ETHEUR,2020-11-07T18:54:00Z,364.1,364.1,361.0,361.17,408.94840513
Kraken:ETHEUR,2020-11-07T18:55:00Z,361.17,362.96,360.01,362.02,277.53056243
Kraken:ETHEUR,2020-11-07T18:56:00Z,361.65,361.65,360.21,360.74,210.55400418
Kraken:ETHEUR,2020-11-07T18:57:00Z,360.5,360.51,356.24,357.93,1503.08000098
Kraken:ETHEUR,2020-11-07T18:58:00Z,357.93,361.57,357.02,361.14,1447.15201043
Kraken:ETHEUR,2020-11-07T18:59:00Z,361.15,363.96,361.15,363.63,254.09576728
Kraken:ETHEUR,2020-11-07T19:00:00Z,363.53,363.53,360.32,361.61,545.76597254
Kraken:ETHEUR,2020-11-07T19:01:00Z,361.6,365.02,360.88,364.67,352.8955262
Kraken:ETHEUR,2020-11-07T19:02:00Z,364.7,366.63,364.48,365.07,371.08407368
Kraken:ETHEUR,2020-11-07T19:03:00Z,365.06,365.1,363.4,364.25,168.42165552
Kraken:ETHEUR,2020-11-07T19:04:00Z,364.01,364.01,363.37,363.98,61.82647863
Kraken:ETHEUR,2020-11-07T19:05:00Z,363.98,363.99,361.0,362.55,237.75932438
Kraken:ETHEUR,2020-11-07T19:06:00Z,362.78,363.57,362.78,363.29,167.80278598
Kraken:ETHEUR,2020-11-07T19:07:00Z,363.34,365.0,361.03,363.26,2017.23548105
Kraken:ETHEUR,2020-11-07T19:08:00Z,363.0,364.52,363.0,364.52,73.2632214
Kraken:ETHEUR,2020-11-07T19:09:00Z,364.46,365.77,364.36,365.21,364.37310102
Kraken:ETHEUR,2020-11-07T19:10:00Z,365.16,365.47,363.55,363.58,38.64999556
Kraken:ETHEUR,2020-11-07T19:11:00Z,363.84,364.28,362.65,362.98,489.59386779
Kraken:ETHEUR,2020-11-07T19:12:00Z,363.27,363.27,361.48,361.48,179.6206064
Kraken:ETHEUR,2020-11-07T19:13:00Z,362.0,363.16,360.81,363.16,248.83373342
Kraken:ETHEUR,2020-11-07T19:14:00Z,362.47,362.55,361.39,361.99,41.72496279
Kraken:ETHEUR,2020-11-07T19:15:00Z,362.0,362.0,361.58,361.8,162.7901275
Kraken:ETHEUR,2020-11-07T19:16:00Z,360.95,361.37,360.2,360.21,49.93068272
Kraken:ETHEUR,2020-11-07T19:17:00Z,360.31,361.12,360.0,360.67,200.68575877
Kraken:ETHEUR,2020-11-07T19:18:00Z,360.77,360.99,360.0,360.28,42.68712777
Kraken:ETHEUR,2020-11-07T19:19:00Z,360.48,360.58,359.72,359.95,242.75646614
Kraken:ETHEUR,2020-11-07T19:20:00Z,359.95,359.95,357.0,358.21,267.83754787
Kraken:ETHEUR,2020-11-07T19:21:00Z,358.13,359.9,358.01,359.36,480.8985553
Kraken:ETHEUR,2020-11-07T19:22:00Z,359.4,359.47,358.01,358.03,75.32636049
Kraken:ETHEUR,2020-11-07T19:23:00Z,358.08,358.08,357.41,357.61,137.68989559
Kraken:ETHEUR,2020-11-07T19:24:00Z,357.92,358.7,357.51,358.19,42.50442161
Kraken:ETHEUR,2020-11-07T19:25:00Z,358.29,359.26,358.29,358.82,27.70685162
Kraken:ETHEUR,2020-11-07T19:26:00Z,358.77,362.0,358.63,361.1,296.90367954
Kraken:ETHEUR,2020-11-07T19:27:00Z,361.16,361.16,359.77,359.77,206.35308617
Kraken:ETHEUR,2020-11-07T19:28:00Z,360.28,361.3,358.0,359.6,418.92082841
Kraken:ETHEUR,2020-11-07T19:29:00Z,359.44,359.7,358.8,358.8,250.78895385
Kraken:ETHEUR,2020-11-07T19:30:00Z,358.8,359.48,358.0,358.85,63.49256482
Kraken:ETHEUR,2020-11-07T19:31:00Z,358.57,358.93,356.07,357.65,317.99162056
Kraken:ETHEUR,2020-11-07T19:32:00Z,356.86,359.69,355.0,359.69,1108.91260921
Kraken:ETHEUR,2020-11-07T19:33:00Z,360.0,360.0,356.95,358.37,389.28811568
Kraken:ETHEUR,2020-11-07T19:34:00Z,357.93,358.27,355.27,356.88,93.27360643
Kraken:ETHEUR,2020-11-07T19:35:00Z,357.28,358.91,356.73,357.69,200.55463761
Kraken:ETHEUR,2020-11-07T19:36:00Z,357.44,357.44,355.69,356.82,168.91190477
Kraken:ETHEUR,2020-11-07T19:37:00Z,356.55,358.0,356.55,357.31,171.10692713
Kraken:ETHEUR,2020-11-07T19:38:00Z,357.18,358.3,356.53,358.11,219.51581926
Kraken:ETHEUR,2020-11-07T19:39:00Z,358.28,358.28,357.07,357.66,106.44769623
Kraken:ETHEUR,2020-11-07T19:40:00Z,357.61,359.0,357.61,359.0,584.06005719
Kraken:ETHEUR,2020-11-07T19:41:00Z,359.09,360.98,359.08,360.98,169.84420891
Kraken:ETHEUR,2020-11-07T19:42:00Z,360.93,360.93,358.71,359.0,75.5015743
Kraken:ETHEUR,2020-11-07T19:43:00Z,358.86,359.1,358.23,358.51,540.53723538
Kraken:ETHEUR,2020-11-07T19:44:00Z,358.14,358.37,357.5,358.22,65.39303149
Kraken:ETHEUR,2020-11-07T19:45:00Z,358.95,359.2,358.25,358.82,123.97095264
Kraken:ETHEUR,2020-11-07T19:46:00Z,358.66,359.68,358.66,359.66,35.09936196
Kraken:ETHEUR,2020-11-07T19:47:00Z,359.69,361.79,359.69,361.66,40.92374923
Kraken:ETHEUR,2020-11-07T19:48:00Z,361.66,361.78,360.85,361.07,151.08686002
Kraken:ETHEUR,2020-11-07T19:49:00Z,361.1,361.43,361.08,361.08,72.39234878
Kraken:ETHEUR,2020-11-07T19:50:00Z,361.08,361.48,360.0,361.41,32.48204796
Kraken:ETHEUR,2020-11-07T19:51:00Z,360.99,361.75,359.84,361.03,221.93104054
Kraken:ETHEUR,2020-11-07T19:52:00Z,361.5,361.5,360.15,360.15,62.26080681
Kraken:ETHEUR,2020-11-07T19:53:00Z,360.15,361.22,360.15,360.79,0.43848361
Kraken:ETHEUR,2020-11-07T19:54:00Z,361.0,361.3,360.32,360.87,6.4072949
Kraken:ETHEUR,2020-11-07T19:55:00Z,360.2,360.2,359.48,359.66,115.52989654
Kraken:ETHEUR,2020-11-07T19:56:00Z,359.43,360.61,359.19,360.01,43.75229838
Kraken:ETHEUR,2020-11-07T19:57:00Z,360.25,361.01,359.76,361.0,19.45859826
Kraken:ETHEUR,2020-11-07T19:58:00Z,361.0,361.8,361.0,361.14,30.57987206
Kraken:ETHEUR,2020-11-07T19:59:00Z,361.01,361.09,361.0,361.0,3.23378928
Kraken:ETHEUR,2020-11-07T20:00:00Z,360.45,360.45,359.36,359.47,68.47953394
Kraken:ETHEUR,2020-11-07T20:01:00Z,359.41,359.7,359.36,359.36,510.1830996
Kraken:ETHEUR,2020-11-07T20:02:00Z,359.13,359.33,358.4,358.41,415.87807697
Kraken:ETHEUR,2020-11-07T20:03:00Z,358.45,358.96,357.67,358.96,145.55183831
Kraken:ETHEUR,2020-11-07T20:04:00Z,358.96,358.96,358.29,358.29,34.02880838
Kraken:ETHEUR,2020-11-07T20:05:00Z,358.29,358.94,358.17,358.72,153.62043101
Kraken:ETHEUR,2020-11-07T20:06:00Z,358.72,358.92,358.24,358.24,54.01512018
Kraken:ETHEUR,2020-11-07T20:07:00Z,358.41,358.41,356.96,357.12,95.40031492
Kraken:ETHEUR,2020-11-07T20:08:00Z,357.17,358.27,355.0,356.47,376.72466677
Kraken:ETHEUR,2020-11-07T20:09:00Z,356.54,358.85,356.54,358.69,158.47314836
Kraken:ETHEUR,2020-11-07T20:10:00Z,358.81,359.84,355.13,359.52,956.00607349
Kraken:ETHEUR,2020-11-07T20:11:00Z,359.93,361.27,359.69,361.27,191.43218484
Kraken:ETHEUR,2020-11-07T20:12:00Z,360.58,361.32,359.78,361.1,168.79757621
Kraken:ETHEUR,2020-11-07T20:13:00Z,361.25,361.98,361.16,361.32,142.50395925
Kraken:ETHEUR,2020-11-07T20:14:00Z,360.73,361.89,360.09,361.32,304.10928303
Kraken:ETHEUR,2020-11-07T20:15:00Z,361.69,362.55,361.69,362.33,149.36094478
Kraken:ETHEUR,2020-11-07T20:16:00Z,362.2,362.28,361.85,361.85,93.30024709
Kraken:ETHEUR,2020-11-07T20:17:00Z,361.79,362.58,361.07,362.58,55.14557329
Kraken:ETHEUR,2020-11-07T20:18:00Z,362.09,362.98,362.09,362.98,392.13528334
Kraken:ETHEUR,2020-11-07T20:19:00Z,363.0,363.28,362.93,363.28,42.5222194
Kraken:ETHEUR,2020-11-07T20:20:00Z,363.3,364.32,363.3,363.76,100.85747813
Kraken:ETHEUR,2020-11-07T20:21:00Z,363.76,364.58,363.38,363.64,85.20438937
Kraken:ETHEUR,2020-11-07T20:22:00Z,363.66,364.77,363.66,364.77,46.91069021
Kraken:ETHEUR,2020-11-07T20:23:00Z,364.52,366.57,364.52,365.09,1398.18426765
Kraken:ETHEUR,2020-11-07T20:24:00Z,365.0,365.0,364.61,364.66,66.37316142
Kraken:ETHEUR,2020-11-07T20:25:00Z,364.28,364.74,364.16,364.74,81.59192668
Kraken:ETHEUR,2020-11-07T20:26:00Z,364.6,365.56,364.6,365.36,192.60754226
Kraken:ETHEUR,2020-11-07T20:27:00Z,365.58,366.21,365.47,365.69,202.24394516
Kraken:ETHEUR,2020-11-07T20:28:00Z,365.69,365.83,365.01,365.01,112.49755857
Kraken:ETHEUR,2020-11-07T20:29:00Z,365.0,365.41,364.87,365.41,81.83200631
Kraken:ETHEUR,2020-11-07T20:30:00Z,365.41,366.71,365.38,365.4,504.56871269
Kraken:ETHEUR,2020-11-07T20:31:00Z,365.48,365.48,364.68,364.68,21.62853092
Kraken:ETHEUR,2020-11-07T20:32:00Z,364.85,364.98,364.1,364.26,171.07841449
Kraken:ETHEUR,2020-11-07T20:33:00Z,364.45,364.61,364.45,364.61,2.79385282
Kraken:ETHEUR,2020-11-07T20:34:00Z,364.64,365.62,363.7,363.7,59.24201478
Kraken:ETHEUR,2020-11-07T20:35:00Z,363.7,366.79,363.7,366.48,157.19811239
Kraken:ETHEUR,2020-11-07T20:36:00Z,366.78,366.79,366.58,366.78,239.57898117
Kraken:ETHEUR,2020-11-07T20:37:00Z,366.95,367.48,366.95,367.28,33.80184887
Kraken:ETHEUR,2020-11-07T20:38:00Z,367.48,367.76,366.75,367.04,209.77707495
Kraken:ETHEUR,2020-11-07T20:39:00Z,366.98,367.18,366.75,366.75,417.57315442
Kraken:ETHEUR,2020-11-07T20:40:00Z,366.66,367.76,366.65,367.52,55.96814954
Kraken:ETHEUR,2020-11-07T20:41:00Z,367.28,367.28,366.49,366.54,200.12088613
Kraken:ETHEUR,2020-11-07T20:42:00Z,366.87,367.04,366.4,366.77,159.56782819
Kraken:ETHEUR,2020-11-07T20:43:00Z,366.84,366.97,366.0,366.06,20.70601579
Kraken:ETHEUR,2020-11-07T20:44:00Z,366.01,366.01,365.59,365.68,21.57025072
Kraken:ETHEUR,2020-11-07T20:45:00Z,365.67,366.61,365.34,366.61,207.07758496
Kraken:ETHEUR,2020-11-07T20:46:00Z,366.83,367.01,366.83,366.94,9.731592
Kraken:ETHEUR,2020-11-07T20:47:00Z,367.08,367.29,367.08,367.14,28.31262553
Kraken:ETHEUR,2020-11-07T20:48:00Z,367.14,367.14,366.59,366.7,50.04721512
Kraken:ETHEUR,2020-11-07T20:49:00Z,366.69,367.01,366.69,367.01,2.07152692
Kraken:ETHEUR,2020-11-07T20:50:00Z,366.77,366.77,366.34,366.42,190.00684285
Kraken:ETHEUR,2020-11-07T20:51:00Z,366.16,366.18,365.91,366.14,40.88264095
Kraken:ETHEUR,2020-11-07T20:52:00Z,366.14,366.14,366.04,366.14,200.68351887
Kraken:ETHEUR,2020-11-07T20:53:00Z,366.61,367.06,366.6,367.01,28.75982057
Kraken:ETHEUR,2020-11-07T20:54:00Z,367.32,367.62,367.23,367.23,34.5173259
Kraken:ETHEUR,2020-11-07T20:55:00Z,367.61,367.61,367.47,367.47,33.72994881
Kraken:ETHEUR,2020-11-07T20:56:00Z,367.18,367.77,367.18,367.77,105.3862435
Kraken:ETHEUR,2020-11-07T20:57:00Z,367.76,367.98,367.43,367.98,180.31020564
Kraken:ETHEUR,2020-11-07T20:58:00Z,367.57,367.57,367.0,367.0,233.91555514
Kraken:ETHEUR,2020-11-07T20:59:00Z,367.01,367.42,366.87,367.42,294.75776721
Kraken:ETHEUR,2020-11-07T21:00:00Z,367.42,367.42,366.98,367.05,52.4794711
Kraken:ETHEUR,2020-11-07T21:01:00Z,367.42,367.42,367.26,367.27,7.1444806
Kraken:ETHEUR,2020-11-07T21:02:00Z,367.35,367.42,366.83,367.42,7.77322442
Kraken:ETHEUR,2020-11-07T21:03:00Z,367.41,367.83,367.41,367.71,13.70593698
Kraken:ETHEUR,2020-11-07T21:04:00Z,367.91,367.93,367.62,367.62,11.3868668
Kraken:ETHEUR,2020-11-07T21:05:00Z,367.39,367.58,367.13,367.13,12.88768929
Kraken:ETHEUR,2020-11-07T21:06:00Z,367.25,367.25,366.88,366.88,33.80419423
Kraken:ETHEUR,2020-11-07T21:07:00Z,366.93,366.93,366.84,366.92,23.27405621
Kraken:ETHEUR,2020-11-07T21:08:00Z,366.92,366.93,366.84,366.84,7.47929357
Kraken:ETHEUR,2020-11-07T21:09:00Z,366.8,367.36,366.79,367.36,3.12860867
Kraken:ETHEUR,2020-11-07T21:10:00Z,367.28,367.29,367.06,367.29,2.59449853
Kraken:ETHEUR,2020-11-07T21:11:00Z,367.41,367.41,366.96,366.96,18.94021928
Kraken:ETHEUR,2020-11-07T21:12:00Z,366.86,366.86,366.79,366.79,6.94065981
Kraken:ETHEUR,2020-11-07T21:13:00Z,366.61,367.12,366.61,367.09,138.40513941
Kraken:ETHEUR,2020-11-07T21:14:00Z,367.08,367.08,367.03,367.05,19.60043072
Kraken:ETHEUR,2020-11-07T21:15:00Z,367.08,367.08,367.03,367.03,2.9894
Kraken:ETHEUR,2020-11-07T21:16:00Z,367.04,367.04,367.0,367.0,11.06995129
Kraken:ETHEUR,2020-11-07T21:17:00Z,367.0,367.0,366.51,366.51,6.14722222
Kraken:ETHEUR,2020-11-07T21:18:00Z,366.52,366.63,366.52,366.63,1.81367806
Kraken:ETHEUR,2020-11-07T21:19:00Z,366.53,366.54,365.88,366.19,19.46025781
Kraken:ETHEUR,2020-11-07T21:20:00Z,366.1,366.1,365.48,365.58,33.01144256
Kraken:ETHEUR,2020-11-07T21:21:00Z,365.34,365.34,365.0,365.0,41.29446606
Kraken:ETHEUR,2020-11-07T21:22:00Z,365.67,365.7,365.41,365.41,18.18581218
Kraken:ETHEUR,2020-11-07T21:23:00Z,365.83,365.83,365.81,365.81,5.17747221
Kraken:ETHEUR,2020-11-07T21:24:00Z,365.81,365.81,365.8,365.8,0.73800778
Kraken:ETHEUR,2020-11-07T21:25:00Z,365.81,365.81,365.8,365.81,13.06490928
Kraken:ETHEUR,2020-11-07T21:26:00Z,365.39,365.39,365.31,365.31,3.95499682
Kraken:ETHEUR,2020-11-07T21:27:00Z,365.67,366.39,365.67,366.39,38.32690108
Kraken:ETHEUR,2020-11-07T21:28:00Z,366.39,366.86,366.39,366.84,102.60969466
Kraken:ETHEUR,2020-11-07T21:29:00Z,366.94,366.94,366.64,366.64,33.2257448
Kraken:ETHEUR,2020-11-07T21:30:00Z,366.83,366.83,366.69,366.7,26.58793209
Kraken:ETHEUR,2020-11-07T21:31:00Z,366.37,366.41,366.25,366.25,53.60752863
Kraken:ETHEUR,2020-11-07T21:32:00Z,366.03,366.23,366.01,366.01,1.44586858
Kraken:ETHEUR,2020-11-07T21:33:00Z,366.0,366.15,366.0,366.0,3.78120641
Kraken:ETHEUR,2020-11-07T21:34:00Z,366.0,366.01,366.0,366.01,1.16732164
Kraken:ETHEUR,2020-11-07T21:35:00Z,366.0,366.0,365.44,365.44,4.83438069
Kraken:ETHEUR,2020-11-07T21:36:00Z,365.21,365.38,365.14,365.14,9.17831158
Kraken:ETHEUR,2020-11-07T21:37:00Z,365.11,365.29,365.11,365.12,2.29302105
Kraken:ETHEUR,2020-11-07T21:38:00Z,365.21,365.21,365.06,365.06,3.0960943
Kraken:ETHEUR,2020-11-07T21:39:00Z,365.04,365.21,365.0,365.06,5.50668328
Kraken:ETHEUR,2020-11-07T21:40:00Z,365.35,365.35,365.18,365.35,2.50433416
Kraken:ETHEUR,2020-11-07T21:41:00Z,365.35,365.4,365.35,365.4,0.06791071
Kraken:ETHEUR,2020-11-07T21:42:00Z,365.2,365.21,365.2,365.2,1.03288304
Kraken:ETHEUR,2020-11-07T21:43:00Z,365.2,365.2,365.0,365.02,44.02137166
Kraken:ETHEUR,2020-11-07T21:44:00Z,365.05,365.05,364.24,364.51,98.55284058
Kraken:ETHEUR,2020-11-07T21:45:00Z,364.67,364.67,364.0,364.02,7.17401799
Kraken:ETHEUR,2020-11-07T21:46:00Z,363.95,363.95,363.85,363.85,3.37091373
Kraken:ETHEUR,2020-11-07T21:47:00Z,363.7,363.7,362.9,362.9,52.52612641
Kraken:ETHEUR,2020-11-07T21:48:00Z,363.12,363.33,363.09,363.2,104.48822431
Kraken:ETHEUR,2020-11-07T21:49:00Z,363.17,363.33,363.02,363.33,136.31028928
Kraken:ETHEUR,2020-11-07T21:50:00Z,364.49,365.15,364.49,365.15,4.93188795
Kraken:ETHEUR,2020-11-07T21:51:00Z,364.86,365.1,364.86,365.1,3.88539193
Kraken:ETHEUR,2020-11-07T21:52:00Z,365.17,365.3,364.95,365.26,31.10612599
Kraken:ETHEUR,2020-11-07T21:53:00Z,365.09,365.09,365.09,365.09,1
Kraken:ETHEUR,2020-11-07T21:54:00Z,365.09,365.1,364.99,365.0,12.82942633
Kraken:ETHEUR,2020-11-07T21:55:00Z,364.88,364.88,364.86,364.86,4.87626855
Kraken:ETHEUR,2020-11-07T21:56:00Z,364.55,364.64,364.53,364.64,9.50267386
Kraken:ETHEUR,2020-11-07T21:57:00Z,364.78,364.78,364.78,364.78,0.54428023
Kraken:ETHEUR,2020-11-07T21:58:00Z,365.09,365.49,365.09,365.49,5.9
Kraken:ETHEUR,2020-11-07T21:59:00Z,365.68,365.69,365.58,365.58,2.80691925
Kraken:ETHEUR,2020-11-07T22:00:00Z,365.24,365.24,365.22,365.22,3.67552386
Kraken:ETHEUR,2020-11-07T22:01:00Z,365.17,365.17,365.06,365.06,0.31573731
Kraken:ETHEUR,2020-11-07T22:02:00Z,364.31,364.31,364.01,364.01,2
Kraken:ETHEUR,2020-11-07T22:04:00Z,363.58,363.58,362.91,362.92,40.24252873
Kraken:ETHEUR,2020-11-07T22:05:00Z,362.92,362.92,362.91,362.91,0.17975979
Kraken:ETHEUR,2020-11-07T22:06:00Z,362.86,362.86,362.32,362.34,40.2568084
Kraken:ETHEUR,2020-11-07T22:07:00Z,362.34,362.74,362.34,362.74,0.72995767
Kraken:ETHEUR,2020-11-07T22:08:00Z,362.86,362.86,362.86,362.86,1
Kraken:ETHEUR,2020-11-07T22:09:00Z,362.82,362.82,362.17,362.21,10.79124939
Kraken:ETHEUR,2020-11-07T22:10:00Z,362.22,362.38,361.99,361.99,12.51560121
Kraken:ETHEUR,2020-11-07T22:11:00Z,362.17,362.22,362.01,362.22,46.80461019
Kraken:ETHEUR,2020-11-07T22:12:00Z,362.16,362.16,361.91,361.91,0.79998452
Kraken:ETHEUR,2020-11-07T22:13:00Z,361.96,362.03,361.27,361.57,131.32692423
Kraken:ETHEUR,2020-11-07T22:14:00Z,361.54,362.47,361.2,362.44,70.97480598
Kraken:ETHEUR,2020-11-07T22:15:00Z,362.64,363.76,362.57,363.76,92.41252051
Kraken:ETHEUR,2020-11-07T22:16:00Z,363.96,364.36,363.96,364.3,28.19754872
Kraken:ETHEUR,2020-11-07T22:17:00Z,364.29,364.37,364.18,364.36,233
Kraken:ETHEUR,2020-11-07T22:18:00Z,364.31,364.34,364.13,364.13,10.36690105
Kraken:ETHEUR,2020-11-07T22:19:00Z,363.68,363.68,363.33,363.66,107.40731897
Kraken:ETHEUR,2020-11-07T22:20:00Z,363.71,363.71,363.58,363.58,0.33789876
Kraken:ETHEUR,2020-11-07T22:21:00Z,363.68,363.94,363.68,363.94,2.59245672
Kraken:ETHEUR,2020-11-07T22:22:00Z,363.96,364.0,363.96,364.0,23.34127197
Kraken:ETHEUR,2020-11-07T22:23:00Z,364.44,364.71,364.44,364.71,12.1556305
Kraken:ETHEUR,2020-11-07T22:24:00Z,364.82,364.87,364.82,364.87,7.20707136
Kraken:ETHEUR,2020-11-07T22:25:00Z,365.02,365.65,365.02,365.65,5.93093306
Kraken:ETHEUR,2020-11-07T22:26:00Z,365.57,365.57,365.19,365.19,7.78623662
Kraken:ETHEUR,2020-11-07T22:27:00Z,364.95,364.95,364.95,364.95,0.08717715
Kraken:ETHEUR,2020-11-07T22:28:00Z,364.65,364.65,364.3,364.3,5.66773026
Kraken:ETHEUR,2020-11-07T22:30:00Z,365.22,365.78,365.22,365.78,0.43670256
Kraken:ETHEUR,2020-11-07T22:31:00Z,365.76,365.76,365.15,365.15,2.373
Kraken:ETHEUR,2020-11-07T22:32:00Z,365.59,365.76,365.59,365.76,12.72317396
Kraken:ETHEUR,2020-11-07T22:33:00Z,365.79,366.01,365.79,365.93,51.54934357
Kraken:ETHEUR,2020-11-07T22:34:00Z,366.19,366.19,366.16,366.16,0.89570977
Kraken:ETHEUR,2020-11-07T22:35:00Z,366.4,366.6,366.4,366.47,6.814637
Kraken:ETHEUR,2020-11-07T22:36:00Z,366.47,366.56,365.93,365.93,16.84237852
Kraken:ETHEUR,2020-11-07T22:38:00Z,366.24,366.24,366.23,366.23,2.23555676
Kraken:ETHEUR,2020-11-07T22:39:00Z,365.7,366.22,365.55,366.22,13.11354713
Kraken:ETHEUR,2020-11-07T22:40:00Z,366.13,366.3,366.05,366.11,36.91779317
Kraken:ETHEUR,2020-11-07T22:41:00Z,366.23,366.23,366.22,366.22,1.56239903
Kraken:ETHEUR,2020-11-07T22:43:00Z,365.82,365.82,365.82,365.82,17.82843595
Kraken:ETHEUR,2020-11-07T22:44:00Z,365.74,365.74,365.74,365.74,6
Kraken:ETHEUR,2020-11-07T22:45:00Z,365.75,365.85,365.75,365.85,48.46270532
Kraken:ETHEUR,2020-11-07T22:46:00Z,365.78,365.78,365.7,365.71,1.88885748
Kraken:ETHEUR,2020-11-07T22:47:00Z,365.7,365.71,365.7,365.7,9.78480391
Kraken:ETHEUR,2020-11-07T22:48:00Z,365.71,365.71,365.71,365.71,0.35381492
Kraken:ETHEUR,2020-11-07T22:49:00Z,365.71,365.71,365.7,365.71,2.31998834
Kraken:ETHEUR,2020-11-07T22:50:00Z,365.7,366.0,365.7,366.0,27.98329716
Kraken:ETHEUR,2020-11-07T22:51:00Z,366.36,366.4,366.36,366.4,6.99778725
Kraken:ETHEUR,2020-11-07T22:52:00Z,366.58,366.58,366.58,366.58,27.65890119
Kraken:ETHEUR,2020-11-07T22:53:00Z,366.67,366.96,366.61,366.96,147.89333767
Kraken:ETHEUR,2020-11-07T22:54:00Z,366.83,366.89,366.81,366.89,0.87969665
Kraken:ETHEUR,2020-11-07T22:55:00Z,366.95,366.95,366.95,366.95,0.1362546
Kraken:ETHEUR,2020-11-07T22:56:00Z,366.96,366.96,366.96,366.96,0.81632903
Kraken:ETHEUR,2020-11-07T22:57:00Z,366.91,366.91,366.91,366.91,0.32
Kraken:ETHEUR,2020-11-07T22:58:00Z,366.57,366.57,366.57,366.57,0.1363959
Kraken:ETHEUR,2020-11-07T22:59:00Z,366.51,366.51,366.19,366.19,28.46962643
Kraken:ETHEUR,2020-11-07T23:00:00Z,366.37,366.41,366.37,366.38,1.26398649
Kraken:ETHEUR,2020-11-07T23:02:00Z,366.62,366.68,366.62,366.68,21.84156885
Kraken:ETHEUR,2020-11-07T23:03:00Z,366.85,366.95,366.85,366.95,9.67830505
Kraken:ETHEUR,2020-11-07T23:04:00Z,366.96,366.96,366.96,366.96,0.02
Kraken:ETHEUR,2020-11-07T23:05:00Z,366.96,367.84,366.96,367.67,405.7338112
Kraken:ETHEUR,2020-11-07T23:06:00Z,367.9,368.2,367.77,368.2,285.08490757
Kraken:ETHEUR,2020-11-07T23:07:00Z,368.26,368.53,368.23,368.23,32.37848317
Kraken:ETHEUR,2020-11-07T23:08:00Z,367.74,367.93,367.71,367.79,6.65574849
Kraken:ETHEUR,2020-11-07T23:09:00Z,367.87,367.9,367.77,367.87,26.43444958
Kraken:ETHEUR,2020-11-07T23:10:00Z,367.9,367.91,367.9,367.91,0.6450621
Kraken:ETHEUR,2020-11-07T23:11:00Z,368.32,368.64,368.31,368.58,37.16826126
Kraken:ETHEUR,2020-11-07T23:12:00Z,368.37,368.37,368.36,368.36,30.14259
Kraken:ETHEUR,2020-11-07T23:13:00Z,368.18,368.18,368.05,368.05,6.71177785
Kraken:ETHEUR,2020-11-07T23:14:00Z,368.01,368.01,367.8,367.99,39.7659031
Kraken:ETHEUR,2020-11-07T23:15:00Z,367.94,367.99,367.8,367.99,64.96687922
Kraken:ETHEUR,2020-11-07T23:16:00Z,367.89,367.89,367.89,367.89,4
Kraken:ETHEUR,2020-11-07T23:17:00Z,367.88,367.88,367.01,367.01,0.5371049
Kraken:ETHEUR,2020-11-07T23:18:00Z,367.01,367.44,367.0,367.34,29.61826904
Kraken:ETHEUR,2020-11-07T23:19:00Z,367.33,367.53,367.31,367.53,15.60710706
Kraken:ETHEUR,2020-11-07T23:20:00Z,367.01,367.18,367.0,367.1,2.74573898
Kraken:ETHEUR,2020-11-07T23:21:00Z,367.1,367.1,366.51,366.81,38.09880025
Kraken:ETHEUR,2020-11-07T23:22:00Z,366.82,366.95,366.66,366.73,15.19696591
Kraken:ETHEUR,2020-11-07T23:23:00Z,366.71,366.75,366.59,366.59,5.24103747
Kraken:ETHEUR,2020-11-07T23:24:00Z,367.11,367.11,367.11,367.11,2.67592099
Kraken:ETHEUR,2020-11-07T23:25:00Z,366.74,366.75,366.74,366.75,6.28098605
Kraken:ETHEUR,2020-11-07T23:26:00Z,367.03,367.03,366.74,366.74,12.22933824
Kraken:ETHEUR,2020-11-07T23:27:00Z,366.75,366.79,366.46,366.79,24.30096516
Kraken:ETHEUR,2020-11-07T23:28:00Z,366.99,366.99,366.99,366.99,3
Kraken:ETHEUR,2020-11-07T23:29:00Z,366.77,366.77,366.77,366.77,0.8588428
Kraken:ETHEUR,2020-11-07T23:30:00Z,367.03,367.27,366.91,367.27,15.55118468
Kraken:ETHEUR,2020-11-07T23:31:00Z,367.27,367.47,367.27,367.47,2.13312801
Kraken:ETHEUR,2020-11-07T23:32:00Z,367.5,367.84,367.5,367.84,0.87013989
Kraken:ETHEUR,2020-11-07T23:33:00Z,367.84,367.84,367.53,367.53,0.80232351
Kraken:ETHEUR,2020-11-07T23:34:00Z,367.53,367.67,367.53,367.67,1.18
Kraken:ETHEUR,2020-11-07T23:35:00Z,367.62,367.62,367.17,367.3,0.66082397
Kraken:ETHEUR,2020-11-07T23:36:00Z,367.41,367.41,367.33,367.33,1.0270177
Kraken:ETHEUR,2020-11-07T23:38:00Z,366.55,366.55,366.33,366.37,20.9916893
Kraken:ETHEUR,2020-11-07T23:39:00Z,366.49,366.49,366.01,366.01,5.97194736
Kraken:ETHEUR,2020-11-07T23:40:00Z,366.24,366.29,366.21,366.21,18.7832
Kraken:ETHEUR,2020-11-07T23:41:00Z,366.0,366.23,366.0,366.23,20.12961846
Kraken:ETHEUR,2020-11-07T23:42:00Z,366.05,366.2,366.05,366.2,10.248
Kraken:ETHEUR,2020-11-07T23:43:00Z,365.91,365.91,365.72,365.87,101.22414939
Kraken:ETHEUR,2020-11-07T23:44:00Z,366.46,366.6,366.46,366.6,0.51233548
Kraken:ETHEUR,2020-11-07T23:45:00Z,366.05,366.05,366.04,366.04,29.91480958
Kraken:ETHEUR,2020-11-07T23:48:00Z,365.81,365.81,365.81,365.81,1.90617066
Kraken:ETHEUR,2020-11-07T23:49:00Z,365.8,365.8,365.8,365.8,3.9555
Kraken:ETHEUR,2020-11-07T23:50:00Z,365.7,365.7,365.53,365.53,11.01534359
Kraken:ETHEUR,2020-11-07T23:52:00Z,365.76,366.05,365.76,366.05,0.6154
Kraken:ETHEUR,2020-11-07T23:53:00Z,365.94,365.94,365.94,365.94,8
Kraken:ETHEUR,2020-11-07T23:54:00Z,365.54,365.62,365.54,365.58,0.61123699
Kraken:ETHEUR,2020-11-07T23:55:00Z,365.7,365.7,365.53,365.53,39.80168619
Kraken:ETHEUR,2020-11-07T23:56:00Z,365.49,365.49,365.29,365.29,81.15884818
Kraken:ETHEUR,2020-11-07T23:57:00Z,365.3,365.3,365.3,365.3,0.1
